# Cooja mobility data: grid30node HIGH coverage
# Mobile sink: mote 6 in Cooja (id 5 = 0-indexed for mobility plugin)
# Start position: (0.0, 120.0)
# Path length: 570.00 m
# Total simulation time: 3600 s (1 hour)
# No static phase; mobile sink starts moving at t=0
# Speed: 0.1583 m/s (trajectory completes in exactly 1 hour)
# Format: <node_id> <time_s> <x_m> <y_m>
5 0.0 0.000 120.000
5 1.0 0.158 120.000
5 2.0 0.317 120.000
5 3.0 0.475 120.000
5 4.0 0.633 120.000
5 5.0 0.792 120.000
5 6.0 0.950 120.000
5 7.0 1.108 120.000
5 8.0 1.267 120.000
5 9.0 1.425 120.000
5 10.0 1.583 120.000
5 11.0 1.742 120.000
5 12.0 1.900 120.000
5 13.0 2.058 120.000
5 14.0 2.217 120.000
5 15.0 2.375 120.000
5 16.0 2.533 120.000
5 17.0 2.692 120.000
5 18.0 2.850 120.000
5 19.0 3.008 120.000
5 20.0 3.167 120.000
5 21.0 3.325 120.000
5 22.0 3.483 120.000
5 23.0 3.642 120.000
5 24.0 3.800 120.000
5 25.0 3.958 120.000
5 26.0 4.117 120.000
5 27.0 4.275 120.000
5 28.0 4.433 120.000
5 29.0 4.592 120.000
5 30.0 4.750 120.000
5 31.0 4.908 120.000
5 32.0 5.067 120.000
5 33.0 5.225 120.000
5 34.0 5.383 120.000
5 35.0 5.542 120.000
5 36.0 5.700 120.000
5 37.0 5.858 120.000
5 38.0 6.017 120.000
5 39.0 6.175 120.000
5 40.0 6.333 120.000
5 41.0 6.492 120.000
5 42.0 6.650 120.000
5 43.0 6.808 120.000
5 44.0 6.967 120.000
5 45.0 7.125 120.000
5 46.0 7.283 120.000
5 47.0 7.442 120.000
5 48.0 7.600 120.000
5 49.0 7.758 120.000
5 50.0 7.917 120.000
5 51.0 8.075 120.000
5 52.0 8.233 120.000
5 53.0 8.392 120.000
5 54.0 8.550 120.000
5 55.0 8.708 120.000
5 56.0 8.867 120.000
5 57.0 9.025 120.000
5 58.0 9.183 120.000
5 59.0 9.342 120.000
5 60.0 9.500 120.000
5 61.0 9.658 120.000
5 62.0 9.817 120.000
5 63.0 9.975 120.000
5 64.0 10.133 120.000
5 65.0 10.292 120.000
5 66.0 10.450 120.000
5 67.0 10.608 120.000
5 68.0 10.767 120.000
5 69.0 10.925 120.000
5 70.0 11.083 120.000
5 71.0 11.242 120.000
5 72.0 11.400 120.000
5 73.0 11.558 120.000
5 74.0 11.717 120.000
5 75.0 11.875 120.000
5 76.0 12.033 120.000
5 77.0 12.192 120.000
5 78.0 12.350 120.000
5 79.0 12.508 120.000
5 80.0 12.667 120.000
5 81.0 12.825 120.000
5 82.0 12.983 120.000
5 83.0 13.142 120.000
5 84.0 13.300 120.000
5 85.0 13.458 120.000
5 86.0 13.617 120.000
5 87.0 13.775 120.000
5 88.0 13.933 120.000
5 89.0 14.092 120.000
5 90.0 14.250 120.000
5 91.0 14.408 120.000
5 92.0 14.567 120.000
5 93.0 14.725 120.000
5 94.0 14.883 120.000
5 95.0 15.042 120.000
5 96.0 15.200 120.000
5 97.0 15.358 120.000
5 98.0 15.517 120.000
5 99.0 15.675 120.000
5 100.0 15.833 120.000
5 101.0 15.992 120.000
5 102.0 16.150 120.000
5 103.0 16.308 120.000
5 104.0 16.467 120.000
5 105.0 16.625 120.000
5 106.0 16.783 120.000
5 107.0 16.942 120.000
5 108.0 17.100 120.000
5 109.0 17.258 120.000
5 110.0 17.417 120.000
5 111.0 17.575 120.000
5 112.0 17.733 120.000
5 113.0 17.892 120.000
5 114.0 18.050 120.000
5 115.0 18.208 120.000
5 116.0 18.367 120.000
5 117.0 18.525 120.000
5 118.0 18.683 120.000
5 119.0 18.842 120.000
5 120.0 19.000 120.000
5 121.0 19.158 120.000
5 122.0 19.317 120.000
5 123.0 19.475 120.000
5 124.0 19.633 120.000
5 125.0 19.792 120.000
5 126.0 19.950 120.000
5 127.0 20.108 120.000
5 128.0 20.267 120.000
5 129.0 20.425 120.000
5 130.0 20.583 120.000
5 131.0 20.742 120.000
5 132.0 20.900 120.000
5 133.0 21.058 120.000
5 134.0 21.217 120.000
5 135.0 21.375 120.000
5 136.0 21.533 120.000
5 137.0 21.692 120.000
5 138.0 21.850 120.000
5 139.0 22.008 120.000
5 140.0 22.167 120.000
5 141.0 22.325 120.000
5 142.0 22.483 120.000
5 143.0 22.642 120.000
5 144.0 22.800 120.000
5 145.0 22.958 120.000
5 146.0 23.117 120.000
5 147.0 23.275 120.000
5 148.0 23.433 120.000
5 149.0 23.592 120.000
5 150.0 23.750 120.000
5 151.0 23.908 120.000
5 152.0 24.067 120.000
5 153.0 24.225 120.000
5 154.0 24.383 120.000
5 155.0 24.542 120.000
5 156.0 24.700 120.000
5 157.0 24.858 120.000
5 158.0 25.017 120.000
5 159.0 25.175 120.000
5 160.0 25.333 120.000
5 161.0 25.492 120.000
5 162.0 25.650 120.000
5 163.0 25.808 120.000
5 164.0 25.967 120.000
5 165.0 26.125 120.000
5 166.0 26.283 120.000
5 167.0 26.442 120.000
5 168.0 26.600 120.000
5 169.0 26.758 120.000
5 170.0 26.917 120.000
5 171.0 27.075 120.000
5 172.0 27.233 120.000
5 173.0 27.392 120.000
5 174.0 27.550 120.000
5 175.0 27.708 120.000
5 176.0 27.867 120.000
5 177.0 28.025 120.000
5 178.0 28.183 120.000
5 179.0 28.342 120.000
5 180.0 28.500 120.000
5 181.0 28.658 120.000
5 182.0 28.817 120.000
5 183.0 28.975 120.000
5 184.0 29.133 120.000
5 185.0 29.292 120.000
5 186.0 29.450 120.000
5 187.0 29.608 120.000
5 188.0 29.767 120.000
5 189.0 29.925 120.000
5 190.0 30.083 120.000
5 191.0 30.242 120.000
5 192.0 30.400 120.000
5 193.0 30.558 120.000
5 194.0 30.717 120.000
5 195.0 30.875 120.000
5 196.0 31.033 120.000
5 197.0 31.192 120.000
5 198.0 31.350 120.000
5 199.0 31.508 120.000
5 200.0 31.667 120.000
5 201.0 31.825 120.000
5 202.0 31.983 120.000
5 203.0 32.142 120.000
5 204.0 32.300 120.000
5 205.0 32.458 120.000
5 206.0 32.617 120.000
5 207.0 32.775 120.000
5 208.0 32.933 120.000
5 209.0 33.092 120.000
5 210.0 33.250 120.000
5 211.0 33.408 120.000
5 212.0 33.567 120.000
5 213.0 33.725 120.000
5 214.0 33.883 120.000
5 215.0 34.042 120.000
5 216.0 34.200 120.000
5 217.0 34.358 120.000
5 218.0 34.517 120.000
5 219.0 34.675 120.000
5 220.0 34.833 120.000
5 221.0 34.992 120.000
5 222.0 35.150 120.000
5 223.0 35.308 120.000
5 224.0 35.467 120.000
5 225.0 35.625 120.000
5 226.0 35.783 120.000
5 227.0 35.942 120.000
5 228.0 36.100 120.000
5 229.0 36.258 120.000
5 230.0 36.417 120.000
5 231.0 36.575 120.000
5 232.0 36.733 120.000
5 233.0 36.892 120.000
5 234.0 37.050 120.000
5 235.0 37.208 120.000
5 236.0 37.367 120.000
5 237.0 37.525 120.000
5 238.0 37.683 120.000
5 239.0 37.842 120.000
5 240.0 38.000 120.000
5 241.0 38.158 120.000
5 242.0 38.317 120.000
5 243.0 38.475 120.000
5 244.0 38.633 120.000
5 245.0 38.792 120.000
5 246.0 38.950 120.000
5 247.0 39.108 120.000
5 248.0 39.267 120.000
5 249.0 39.425 120.000
5 250.0 39.583 120.000
5 251.0 39.742 120.000
5 252.0 39.900 120.000
5 253.0 40.058 120.000
5 254.0 40.217 120.000
5 255.0 40.375 120.000
5 256.0 40.533 120.000
5 257.0 40.692 120.000
5 258.0 40.850 120.000
5 259.0 41.008 120.000
5 260.0 41.167 120.000
5 261.0 41.325 120.000
5 262.0 41.483 120.000
5 263.0 41.642 120.000
5 264.0 41.800 120.000
5 265.0 41.958 120.000
5 266.0 42.117 120.000
5 267.0 42.275 120.000
5 268.0 42.433 120.000
5 269.0 42.592 120.000
5 270.0 42.750 120.000
5 271.0 42.908 120.000
5 272.0 43.067 120.000
5 273.0 43.225 120.000
5 274.0 43.383 120.000
5 275.0 43.542 120.000
5 276.0 43.700 120.000
5 277.0 43.858 120.000
5 278.0 44.017 120.000
5 279.0 44.175 120.000
5 280.0 44.333 120.000
5 281.0 44.492 120.000
5 282.0 44.650 120.000
5 283.0 44.808 120.000
5 284.0 44.967 120.000
5 285.0 45.125 120.000
5 286.0 45.283 120.000
5 287.0 45.442 120.000
5 288.0 45.600 120.000
5 289.0 45.758 120.000
5 290.0 45.917 120.000
5 291.0 46.075 120.000
5 292.0 46.233 120.000
5 293.0 46.392 120.000
5 294.0 46.550 120.000
5 295.0 46.708 120.000
5 296.0 46.867 120.000
5 297.0 47.025 120.000
5 298.0 47.183 120.000
5 299.0 47.342 120.000
5 300.0 47.500 120.000
5 301.0 47.658 120.000
5 302.0 47.817 120.000
5 303.0 47.975 120.000
5 304.0 48.133 120.000
5 305.0 48.292 120.000
5 306.0 48.450 120.000
5 307.0 48.608 120.000
5 308.0 48.767 120.000
5 309.0 48.925 120.000
5 310.0 49.083 120.000
5 311.0 49.242 120.000
5 312.0 49.400 120.000
5 313.0 49.558 120.000
5 314.0 49.717 120.000
5 315.0 49.875 120.000
5 316.0 50.033 120.000
5 317.0 50.192 120.000
5 318.0 50.350 120.000
5 319.0 50.508 120.000
5 320.0 50.667 120.000
5 321.0 50.825 120.000
5 322.0 50.983 120.000
5 323.0 51.142 120.000
5 324.0 51.300 120.000
5 325.0 51.458 120.000
5 326.0 51.617 120.000
5 327.0 51.775 120.000
5 328.0 51.933 120.000
5 329.0 52.092 120.000
5 330.0 52.250 120.000
5 331.0 52.408 120.000
5 332.0 52.567 120.000
5 333.0 52.725 120.000
5 334.0 52.883 120.000
5 335.0 53.042 120.000
5 336.0 53.200 120.000
5 337.0 53.358 120.000
5 338.0 53.517 120.000
5 339.0 53.675 120.000
5 340.0 53.833 120.000
5 341.0 53.992 120.000
5 342.0 54.150 120.000
5 343.0 54.308 120.000
5 344.0 54.467 120.000
5 345.0 54.625 120.000
5 346.0 54.783 120.000
5 347.0 54.942 120.000
5 348.0 55.100 120.000
5 349.0 55.258 120.000
5 350.0 55.417 120.000
5 351.0 55.575 120.000
5 352.0 55.733 120.000
5 353.0 55.892 120.000
5 354.0 56.050 120.000
5 355.0 56.208 120.000
5 356.0 56.367 120.000
5 357.0 56.525 120.000
5 358.0 56.683 120.000
5 359.0 56.842 120.000
5 360.0 57.000 120.000
5 361.0 57.158 120.000
5 362.0 57.317 120.000
5 363.0 57.475 120.000
5 364.0 57.633 120.000
5 365.0 57.792 120.000
5 366.0 57.950 120.000
5 367.0 58.108 120.000
5 368.0 58.267 120.000
5 369.0 58.425 120.000
5 370.0 58.583 120.000
5 371.0 58.742 120.000
5 372.0 58.900 120.000
5 373.0 59.058 120.000
5 374.0 59.217 120.000
5 375.0 59.375 120.000
5 376.0 59.533 120.000
5 377.0 59.692 120.000
5 378.0 59.850 120.000
5 379.0 60.008 120.000
5 380.0 60.167 120.000
5 381.0 60.325 120.000
5 382.0 60.483 120.000
5 383.0 60.642 120.000
5 384.0 60.800 120.000
5 385.0 60.958 120.000
5 386.0 61.117 120.000
5 387.0 61.275 120.000
5 388.0 61.433 120.000
5 389.0 61.592 120.000
5 390.0 61.750 120.000
5 391.0 61.908 120.000
5 392.0 62.067 120.000
5 393.0 62.225 120.000
5 394.0 62.383 120.000
5 395.0 62.542 120.000
5 396.0 62.700 120.000
5 397.0 62.858 120.000
5 398.0 63.017 120.000
5 399.0 63.175 120.000
5 400.0 63.333 120.000
5 401.0 63.492 120.000
5 402.0 63.650 120.000
5 403.0 63.808 120.000
5 404.0 63.967 120.000
5 405.0 64.125 120.000
5 406.0 64.283 120.000
5 407.0 64.442 120.000
5 408.0 64.600 120.000
5 409.0 64.758 120.000
5 410.0 64.917 120.000
5 411.0 65.075 120.000
5 412.0 65.233 120.000
5 413.0 65.392 120.000
5 414.0 65.550 120.000
5 415.0 65.708 120.000
5 416.0 65.867 120.000
5 417.0 66.025 120.000
5 418.0 66.183 120.000
5 419.0 66.342 120.000
5 420.0 66.500 120.000
5 421.0 66.658 120.000
5 422.0 66.817 120.000
5 423.0 66.975 120.000
5 424.0 67.133 120.000
5 425.0 67.292 120.000
5 426.0 67.450 120.000
5 427.0 67.608 120.000
5 428.0 67.767 120.000
5 429.0 67.925 120.000
5 430.0 68.083 120.000
5 431.0 68.242 120.000
5 432.0 68.400 120.000
5 433.0 68.558 120.000
5 434.0 68.717 120.000
5 435.0 68.875 120.000
5 436.0 69.033 120.000
5 437.0 69.192 120.000
5 438.0 69.350 120.000
5 439.0 69.508 120.000
5 440.0 69.667 120.000
5 441.0 69.825 120.000
5 442.0 69.983 120.000
5 443.0 70.142 120.000
5 444.0 70.300 120.000
5 445.0 70.458 120.000
5 446.0 70.617 120.000
5 447.0 70.775 120.000
5 448.0 70.933 120.000
5 449.0 71.092 120.000
5 450.0 71.250 120.000
5 451.0 71.408 120.000
5 452.0 71.567 120.000
5 453.0 71.725 120.000
5 454.0 71.883 120.000
5 455.0 72.042 120.000
5 456.0 72.200 120.000
5 457.0 72.358 120.000
5 458.0 72.517 120.000
5 459.0 72.675 120.000
5 460.0 72.833 120.000
5 461.0 72.992 120.000
5 462.0 73.150 120.000
5 463.0 73.308 120.000
5 464.0 73.467 120.000
5 465.0 73.625 120.000
5 466.0 73.783 120.000
5 467.0 73.942 120.000
5 468.0 74.100 120.000
5 469.0 74.258 120.000
5 470.0 74.417 120.000
5 471.0 74.575 120.000
5 472.0 74.733 120.000
5 473.0 74.892 120.000
5 474.0 75.050 120.000
5 475.0 75.208 120.000
5 476.0 75.367 120.000
5 477.0 75.525 120.000
5 478.0 75.683 120.000
5 479.0 75.842 120.000
5 480.0 76.000 120.000
5 481.0 76.158 120.000
5 482.0 76.317 120.000
5 483.0 76.475 120.000
5 484.0 76.633 120.000
5 485.0 76.792 120.000
5 486.0 76.950 120.000
5 487.0 77.108 120.000
5 488.0 77.267 120.000
5 489.0 77.425 120.000
5 490.0 77.583 120.000
5 491.0 77.742 120.000
5 492.0 77.900 120.000
5 493.0 78.058 120.000
5 494.0 78.217 120.000
5 495.0 78.375 120.000
5 496.0 78.533 120.000
5 497.0 78.692 120.000
5 498.0 78.850 120.000
5 499.0 79.008 120.000
5 500.0 79.167 120.000
5 501.0 79.325 120.000
5 502.0 79.483 120.000
5 503.0 79.642 120.000
5 504.0 79.800 120.000
5 505.0 79.958 120.000
5 506.0 80.117 120.000
5 507.0 80.275 120.000
5 508.0 80.433 120.000
5 509.0 80.592 120.000
5 510.0 80.750 120.000
5 511.0 80.908 120.000
5 512.0 81.067 120.000
5 513.0 81.225 120.000
5 514.0 81.383 120.000
5 515.0 81.542 120.000
5 516.0 81.700 120.000
5 517.0 81.858 120.000
5 518.0 82.017 120.000
5 519.0 82.175 120.000
5 520.0 82.333 120.000
5 521.0 82.492 120.000
5 522.0 82.650 120.000
5 523.0 82.808 120.000
5 524.0 82.967 120.000
5 525.0 83.125 120.000
5 526.0 83.283 120.000
5 527.0 83.442 120.000
5 528.0 83.600 120.000
5 529.0 83.758 120.000
5 530.0 83.917 120.000
5 531.0 84.075 120.000
5 532.0 84.233 120.000
5 533.0 84.392 120.000
5 534.0 84.550 120.000
5 535.0 84.708 120.000
5 536.0 84.867 120.000
5 537.0 85.025 120.000
5 538.0 85.183 120.000
5 539.0 85.342 120.000
5 540.0 85.500 120.000
5 541.0 85.658 120.000
5 542.0 85.817 120.000
5 543.0 85.975 120.000
5 544.0 86.133 120.000
5 545.0 86.292 120.000
5 546.0 86.450 120.000
5 547.0 86.608 120.000
5 548.0 86.767 120.000
5 549.0 86.925 120.000
5 550.0 87.083 120.000
5 551.0 87.242 120.000
5 552.0 87.400 120.000
5 553.0 87.558 120.000
5 554.0 87.717 120.000
5 555.0 87.875 120.000
5 556.0 88.033 120.000
5 557.0 88.192 120.000
5 558.0 88.350 120.000
5 559.0 88.508 120.000
5 560.0 88.667 120.000
5 561.0 88.825 120.000
5 562.0 88.983 120.000
5 563.0 89.142 120.000
5 564.0 89.300 120.000
5 565.0 89.458 120.000
5 566.0 89.617 120.000
5 567.0 89.775 120.000
5 568.0 89.933 120.000
5 569.0 90.092 120.000
5 570.0 90.250 120.000
5 571.0 90.408 120.000
5 572.0 90.567 120.000
5 573.0 90.725 120.000
5 574.0 90.883 120.000
5 575.0 91.042 120.000
5 576.0 91.200 120.000
5 577.0 91.358 120.000
5 578.0 91.517 120.000
5 579.0 91.675 120.000
5 580.0 91.833 120.000
5 581.0 91.992 120.000
5 582.0 92.150 120.000
5 583.0 92.308 120.000
5 584.0 92.467 120.000
5 585.0 92.625 120.000
5 586.0 92.783 120.000
5 587.0 92.942 120.000
5 588.0 93.100 120.000
5 589.0 93.258 120.000
5 590.0 93.417 120.000
5 591.0 93.575 120.000
5 592.0 93.733 120.000
5 593.0 93.892 120.000
5 594.0 94.050 120.000
5 595.0 94.208 120.000
5 596.0 94.367 120.000
5 597.0 94.525 120.000
5 598.0 94.683 120.000
5 599.0 94.842 120.000
5 600.0 95.000 120.000
5 601.0 95.158 120.000
5 602.0 95.317 120.000
5 603.0 95.475 120.000
5 604.0 95.633 120.000
5 605.0 95.792 120.000
5 606.0 95.950 120.000
5 607.0 96.108 120.000
5 608.0 96.267 120.000
5 609.0 96.425 120.000
5 610.0 96.583 120.000
5 611.0 96.742 120.000
5 612.0 96.900 120.000
5 613.0 97.058 120.000
5 614.0 97.217 120.000
5 615.0 97.375 120.000
5 616.0 97.533 120.000
5 617.0 97.692 120.000
5 618.0 97.850 120.000
5 619.0 98.008 120.000
5 620.0 98.167 120.000
5 621.0 98.325 120.000
5 622.0 98.483 120.000
5 623.0 98.642 120.000
5 624.0 98.800 120.000
5 625.0 98.958 120.000
5 626.0 99.117 120.000
5 627.0 99.275 120.000
5 628.0 99.433 120.000
5 629.0 99.592 120.000
5 630.0 99.750 120.000
5 631.0 99.908 120.000
5 632.0 100.067 120.000
5 633.0 100.225 120.000
5 634.0 100.383 120.000
5 635.0 100.542 120.000
5 636.0 100.700 120.000
5 637.0 100.858 120.000
5 638.0 101.017 120.000
5 639.0 101.175 120.000
5 640.0 101.333 120.000
5 641.0 101.492 120.000
5 642.0 101.650 120.000
5 643.0 101.808 120.000
5 644.0 101.967 120.000
5 645.0 102.125 120.000
5 646.0 102.283 120.000
5 647.0 102.442 120.000
5 648.0 102.600 120.000
5 649.0 102.758 120.000
5 650.0 102.917 120.000
5 651.0 103.075 120.000
5 652.0 103.233 120.000
5 653.0 103.392 120.000
5 654.0 103.550 120.000
5 655.0 103.708 120.000
5 656.0 103.867 120.000
5 657.0 104.025 120.000
5 658.0 104.183 120.000
5 659.0 104.342 120.000
5 660.0 104.500 120.000
5 661.0 104.658 120.000
5 662.0 104.817 120.000
5 663.0 104.975 120.000
5 664.0 105.133 120.000
5 665.0 105.292 120.000
5 666.0 105.450 120.000
5 667.0 105.608 120.000
5 668.0 105.767 120.000
5 669.0 105.925 120.000
5 670.0 106.083 120.000
5 671.0 106.242 120.000
5 672.0 106.400 120.000
5 673.0 106.558 120.000
5 674.0 106.717 120.000
5 675.0 106.875 120.000
5 676.0 107.033 120.000
5 677.0 107.192 120.000
5 678.0 107.350 120.000
5 679.0 107.508 120.000
5 680.0 107.667 120.000
5 681.0 107.825 120.000
5 682.0 107.983 120.000
5 683.0 108.142 120.000
5 684.0 108.300 120.000
5 685.0 108.458 120.000
5 686.0 108.617 120.000
5 687.0 108.775 120.000
5 688.0 108.933 120.000
5 689.0 109.092 120.000
5 690.0 109.250 120.000
5 691.0 109.408 120.000
5 692.0 109.567 120.000
5 693.0 109.725 120.000
5 694.0 109.883 120.000
5 695.0 110.042 120.000
5 696.0 110.200 120.000
5 697.0 110.358 120.000
5 698.0 110.517 120.000
5 699.0 110.675 120.000
5 700.0 110.833 120.000
5 701.0 110.992 120.000
5 702.0 111.150 120.000
5 703.0 111.308 120.000
5 704.0 111.467 120.000
5 705.0 111.625 120.000
5 706.0 111.783 120.000
5 707.0 111.942 120.000
5 708.0 112.100 120.000
5 709.0 112.258 120.000
5 710.0 112.417 120.000
5 711.0 112.575 120.000
5 712.0 112.733 120.000
5 713.0 112.892 120.000
5 714.0 113.050 120.000
5 715.0 113.208 120.000
5 716.0 113.367 120.000
5 717.0 113.525 120.000
5 718.0 113.683 120.000
5 719.0 113.842 120.000
5 720.0 114.000 120.000
5 721.0 114.158 120.000
5 722.0 114.317 120.000
5 723.0 114.475 120.000
5 724.0 114.633 120.000
5 725.0 114.792 120.000
5 726.0 114.950 120.000
5 727.0 115.108 120.000
5 728.0 115.267 120.000
5 729.0 115.425 120.000
5 730.0 115.583 120.000
5 731.0 115.742 120.000
5 732.0 115.900 120.000
5 733.0 116.058 120.000
5 734.0 116.217 120.000
5 735.0 116.375 120.000
5 736.0 116.533 120.000
5 737.0 116.692 120.000
5 738.0 116.850 120.000
5 739.0 117.008 120.000
5 740.0 117.167 120.000
5 741.0 117.325 120.000
5 742.0 117.483 120.000
5 743.0 117.642 120.000
5 744.0 117.800 120.000
5 745.0 117.958 120.000
5 746.0 118.117 120.000
5 747.0 118.275 120.000
5 748.0 118.433 120.000
5 749.0 118.592 120.000
5 750.0 118.750 120.000
5 751.0 118.908 120.000
5 752.0 119.067 120.000
5 753.0 119.225 120.000
5 754.0 119.383 120.000
5 755.0 119.542 120.000
5 756.0 119.700 120.000
5 757.0 119.858 120.000
5 758.0 120.017 120.000
5 759.0 120.175 120.000
5 760.0 120.333 120.000
5 761.0 120.492 120.000
5 762.0 120.650 120.000
5 763.0 120.808 120.000
5 764.0 120.967 120.000
5 765.0 121.125 120.000
5 766.0 121.283 120.000
5 767.0 121.442 120.000
5 768.0 121.600 120.000
5 769.0 121.758 120.000
5 770.0 121.917 120.000
5 771.0 122.075 120.000
5 772.0 122.233 120.000
5 773.0 122.392 120.000
5 774.0 122.550 120.000
5 775.0 122.708 120.000
5 776.0 122.867 120.000
5 777.0 123.025 120.000
5 778.0 123.183 120.000
5 779.0 123.342 120.000
5 780.0 123.500 120.000
5 781.0 123.658 120.000
5 782.0 123.817 120.000
5 783.0 123.975 120.000
5 784.0 124.133 120.000
5 785.0 124.292 120.000
5 786.0 124.450 120.000
5 787.0 124.608 120.000
5 788.0 124.767 120.000
5 789.0 124.925 120.000
5 790.0 125.083 120.000
5 791.0 125.242 120.000
5 792.0 125.400 120.000
5 793.0 125.558 120.000
5 794.0 125.717 120.000
5 795.0 125.875 120.000
5 796.0 126.033 120.000
5 797.0 126.192 120.000
5 798.0 126.350 120.000
5 799.0 126.508 120.000
5 800.0 126.667 120.000
5 801.0 126.825 120.000
5 802.0 126.983 120.000
5 803.0 127.142 120.000
5 804.0 127.300 120.000
5 805.0 127.458 120.000
5 806.0 127.617 120.000
5 807.0 127.775 120.000
5 808.0 127.933 120.000
5 809.0 128.092 120.000
5 810.0 128.250 120.000
5 811.0 128.408 120.000
5 812.0 128.567 120.000
5 813.0 128.725 120.000
5 814.0 128.883 120.000
5 815.0 129.042 120.000
5 816.0 129.200 120.000
5 817.0 129.358 120.000
5 818.0 129.517 120.000
5 819.0 129.675 120.000
5 820.0 129.833 120.000
5 821.0 129.992 120.000
5 822.0 130.150 120.000
5 823.0 130.308 120.000
5 824.0 130.467 120.000
5 825.0 130.625 120.000
5 826.0 130.783 120.000
5 827.0 130.942 120.000
5 828.0 131.100 120.000
5 829.0 131.258 120.000
5 830.0 131.417 120.000
5 831.0 131.575 120.000
5 832.0 131.733 120.000
5 833.0 131.892 120.000
5 834.0 132.050 120.000
5 835.0 132.208 120.000
5 836.0 132.367 120.000
5 837.0 132.525 120.000
5 838.0 132.683 120.000
5 839.0 132.842 120.000
5 840.0 133.000 120.000
5 841.0 133.158 120.000
5 842.0 133.317 120.000
5 843.0 133.475 120.000
5 844.0 133.633 120.000
5 845.0 133.792 120.000
5 846.0 133.950 120.000
5 847.0 134.108 120.000
5 848.0 134.267 120.000
5 849.0 134.425 120.000
5 850.0 134.583 120.000
5 851.0 134.742 120.000
5 852.0 134.900 120.000
5 853.0 135.058 120.000
5 854.0 135.217 120.000
5 855.0 135.375 120.000
5 856.0 135.533 120.000
5 857.0 135.692 120.000
5 858.0 135.850 120.000
5 859.0 136.008 120.000
5 860.0 136.167 120.000
5 861.0 136.325 120.000
5 862.0 136.483 120.000
5 863.0 136.642 120.000
5 864.0 136.800 120.000
5 865.0 136.958 120.000
5 866.0 137.117 120.000
5 867.0 137.275 120.000
5 868.0 137.433 120.000
5 869.0 137.592 120.000
5 870.0 137.750 120.000
5 871.0 137.908 120.000
5 872.0 138.067 120.000
5 873.0 138.225 120.000
5 874.0 138.383 120.000
5 875.0 138.542 120.000
5 876.0 138.700 120.000
5 877.0 138.858 120.000
5 878.0 139.017 120.000
5 879.0 139.175 120.000
5 880.0 139.333 120.000
5 881.0 139.492 120.000
5 882.0 139.650 120.000
5 883.0 139.808 120.000
5 884.0 139.967 120.000
5 885.0 140.125 120.000
5 886.0 140.283 120.000
5 887.0 140.442 120.000
5 888.0 140.600 120.000
5 889.0 140.758 120.000
5 890.0 140.917 120.000
5 891.0 141.075 120.000
5 892.0 141.233 120.000
5 893.0 141.392 120.000
5 894.0 141.550 120.000
5 895.0 141.708 120.000
5 896.0 141.867 120.000
5 897.0 142.025 120.000
5 898.0 142.183 120.000
5 899.0 142.342 120.000
5 900.0 142.500 120.000
5 901.0 142.658 120.000
5 902.0 142.817 120.000
5 903.0 142.975 120.000
5 904.0 143.133 120.000
5 905.0 143.292 120.000
5 906.0 143.450 120.000
5 907.0 143.608 120.000
5 908.0 143.767 120.000
5 909.0 143.925 120.000
5 910.0 144.083 120.000
5 911.0 144.242 120.000
5 912.0 144.400 120.000
5 913.0 144.558 120.000
5 914.0 144.717 120.000
5 915.0 144.875 120.000
5 916.0 145.033 120.000
5 917.0 145.192 120.000
5 918.0 145.350 120.000
5 919.0 145.508 120.000
5 920.0 145.667 120.000
5 921.0 145.825 120.000
5 922.0 145.983 120.000
5 923.0 146.142 120.000
5 924.0 146.300 120.000
5 925.0 146.458 120.000
5 926.0 146.617 120.000
5 927.0 146.775 120.000
5 928.0 146.933 120.000
5 929.0 147.092 120.000
5 930.0 147.250 120.000
5 931.0 147.408 120.000
5 932.0 147.567 120.000
5 933.0 147.725 120.000
5 934.0 147.883 120.000
5 935.0 148.042 120.000
5 936.0 148.200 120.000
5 937.0 148.358 120.000
5 938.0 148.517 120.000
5 939.0 148.675 120.000
5 940.0 148.833 120.000
5 941.0 148.992 120.000
5 942.0 149.150 120.000
5 943.0 149.308 120.000
5 944.0 149.467 120.000
5 945.0 149.625 120.000
5 946.0 149.783 120.000
5 947.0 149.942 120.000
5 948.0 150.000 119.900
5 949.0 150.000 119.742
5 950.0 150.000 119.583
5 951.0 150.000 119.425
5 952.0 150.000 119.267
5 953.0 150.000 119.108
5 954.0 150.000 118.950
5 955.0 150.000 118.792
5 956.0 150.000 118.633
5 957.0 150.000 118.475
5 958.0 150.000 118.317
5 959.0 150.000 118.158
5 960.0 150.000 118.000
5 961.0 150.000 117.842
5 962.0 150.000 117.683
5 963.0 150.000 117.525
5 964.0 150.000 117.367
5 965.0 150.000 117.208
5 966.0 150.000 117.050
5 967.0 150.000 116.892
5 968.0 150.000 116.733
5 969.0 150.000 116.575
5 970.0 150.000 116.417
5 971.0 150.000 116.258
5 972.0 150.000 116.100
5 973.0 150.000 115.942
5 974.0 150.000 115.783
5 975.0 150.000 115.625
5 976.0 150.000 115.467
5 977.0 150.000 115.308
5 978.0 150.000 115.150
5 979.0 150.000 114.992
5 980.0 150.000 114.833
5 981.0 150.000 114.675
5 982.0 150.000 114.517
5 983.0 150.000 114.358
5 984.0 150.000 114.200
5 985.0 150.000 114.042
5 986.0 150.000 113.883
5 987.0 150.000 113.725
5 988.0 150.000 113.567
5 989.0 150.000 113.408
5 990.0 150.000 113.250
5 991.0 150.000 113.092
5 992.0 150.000 112.933
5 993.0 150.000 112.775
5 994.0 150.000 112.617
5 995.0 150.000 112.458
5 996.0 150.000 112.300
5 997.0 150.000 112.142
5 998.0 150.000 111.983
5 999.0 150.000 111.825
5 1000.0 150.000 111.667
5 1001.0 150.000 111.508
5 1002.0 150.000 111.350
5 1003.0 150.000 111.192
5 1004.0 150.000 111.033
5 1005.0 150.000 110.875
5 1006.0 150.000 110.717
5 1007.0 150.000 110.558
5 1008.0 150.000 110.400
5 1009.0 150.000 110.242
5 1010.0 150.000 110.083
5 1011.0 150.000 109.925
5 1012.0 150.000 109.767
5 1013.0 150.000 109.608
5 1014.0 150.000 109.450
5 1015.0 150.000 109.292
5 1016.0 150.000 109.133
5 1017.0 150.000 108.975
5 1018.0 150.000 108.817
5 1019.0 150.000 108.658
5 1020.0 150.000 108.500
5 1021.0 150.000 108.342
5 1022.0 150.000 108.183
5 1023.0 150.000 108.025
5 1024.0 150.000 107.867
5 1025.0 150.000 107.708
5 1026.0 150.000 107.550
5 1027.0 150.000 107.392
5 1028.0 150.000 107.233
5 1029.0 150.000 107.075
5 1030.0 150.000 106.917
5 1031.0 150.000 106.758
5 1032.0 150.000 106.600
5 1033.0 150.000 106.442
5 1034.0 150.000 106.283
5 1035.0 150.000 106.125
5 1036.0 150.000 105.967
5 1037.0 150.000 105.808
5 1038.0 150.000 105.650
5 1039.0 150.000 105.492
5 1040.0 150.000 105.333
5 1041.0 150.000 105.175
5 1042.0 150.000 105.017
5 1043.0 150.000 104.858
5 1044.0 150.000 104.700
5 1045.0 150.000 104.542
5 1046.0 150.000 104.383
5 1047.0 150.000 104.225
5 1048.0 150.000 104.067
5 1049.0 150.000 103.908
5 1050.0 150.000 103.750
5 1051.0 150.000 103.592
5 1052.0 150.000 103.433
5 1053.0 150.000 103.275
5 1054.0 150.000 103.117
5 1055.0 150.000 102.958
5 1056.0 150.000 102.800
5 1057.0 150.000 102.642
5 1058.0 150.000 102.483
5 1059.0 150.000 102.325
5 1060.0 150.000 102.167
5 1061.0 150.000 102.008
5 1062.0 150.000 101.850
5 1063.0 150.000 101.692
5 1064.0 150.000 101.533
5 1065.0 150.000 101.375
5 1066.0 150.000 101.217
5 1067.0 150.000 101.058
5 1068.0 150.000 100.900
5 1069.0 150.000 100.742
5 1070.0 150.000 100.583
5 1071.0 150.000 100.425
5 1072.0 150.000 100.267
5 1073.0 150.000 100.108
5 1074.0 150.000 99.950
5 1075.0 150.000 99.792
5 1076.0 150.000 99.633
5 1077.0 150.000 99.475
5 1078.0 150.000 99.317
5 1079.0 150.000 99.158
5 1080.0 150.000 99.000
5 1081.0 150.000 98.842
5 1082.0 150.000 98.683
5 1083.0 150.000 98.525
5 1084.0 150.000 98.367
5 1085.0 150.000 98.208
5 1086.0 150.000 98.050
5 1087.0 150.000 97.892
5 1088.0 150.000 97.733
5 1089.0 150.000 97.575
5 1090.0 150.000 97.417
5 1091.0 150.000 97.258
5 1092.0 150.000 97.100
5 1093.0 150.000 96.942
5 1094.0 150.000 96.783
5 1095.0 150.000 96.625
5 1096.0 150.000 96.467
5 1097.0 150.000 96.308
5 1098.0 150.000 96.150
5 1099.0 150.000 95.992
5 1100.0 150.000 95.833
5 1101.0 150.000 95.675
5 1102.0 150.000 95.517
5 1103.0 150.000 95.358
5 1104.0 150.000 95.200
5 1105.0 150.000 95.042
5 1106.0 150.000 94.883
5 1107.0 150.000 94.725
5 1108.0 150.000 94.567
5 1109.0 150.000 94.408
5 1110.0 150.000 94.250
5 1111.0 150.000 94.092
5 1112.0 150.000 93.933
5 1113.0 150.000 93.775
5 1114.0 150.000 93.617
5 1115.0 150.000 93.458
5 1116.0 150.000 93.300
5 1117.0 150.000 93.142
5 1118.0 150.000 92.983
5 1119.0 150.000 92.825
5 1120.0 150.000 92.667
5 1121.0 150.000 92.508
5 1122.0 150.000 92.350
5 1123.0 150.000 92.192
5 1124.0 150.000 92.033
5 1125.0 150.000 91.875
5 1126.0 150.000 91.717
5 1127.0 150.000 91.558
5 1128.0 150.000 91.400
5 1129.0 150.000 91.242
5 1130.0 150.000 91.083
5 1131.0 150.000 90.925
5 1132.0 150.000 90.767
5 1133.0 150.000 90.608
5 1134.0 150.000 90.450
5 1135.0 150.000 90.292
5 1136.0 150.000 90.133
5 1137.0 150.000 89.975
5 1138.0 150.000 89.817
5 1139.0 150.000 89.658
5 1140.0 150.000 89.500
5 1141.0 150.000 89.342
5 1142.0 150.000 89.183
5 1143.0 150.000 89.025
5 1144.0 150.000 88.867
5 1145.0 150.000 88.708
5 1146.0 150.000 88.550
5 1147.0 150.000 88.392
5 1148.0 150.000 88.233
5 1149.0 150.000 88.075
5 1150.0 150.000 87.917
5 1151.0 150.000 87.758
5 1152.0 150.000 87.600
5 1153.0 150.000 87.442
5 1154.0 150.000 87.283
5 1155.0 150.000 87.125
5 1156.0 150.000 86.967
5 1157.0 150.000 86.808
5 1158.0 150.000 86.650
5 1159.0 150.000 86.492
5 1160.0 150.000 86.333
5 1161.0 150.000 86.175
5 1162.0 150.000 86.017
5 1163.0 150.000 85.858
5 1164.0 150.000 85.700
5 1165.0 150.000 85.542
5 1166.0 150.000 85.383
5 1167.0 150.000 85.225
5 1168.0 150.000 85.067
5 1169.0 150.000 84.908
5 1170.0 150.000 84.750
5 1171.0 150.000 84.592
5 1172.0 150.000 84.433
5 1173.0 150.000 84.275
5 1174.0 150.000 84.117
5 1175.0 150.000 83.958
5 1176.0 150.000 83.800
5 1177.0 150.000 83.642
5 1178.0 150.000 83.483
5 1179.0 150.000 83.325
5 1180.0 150.000 83.167
5 1181.0 150.000 83.008
5 1182.0 150.000 82.850
5 1183.0 150.000 82.692
5 1184.0 150.000 82.533
5 1185.0 150.000 82.375
5 1186.0 150.000 82.217
5 1187.0 150.000 82.058
5 1188.0 150.000 81.900
5 1189.0 150.000 81.742
5 1190.0 150.000 81.583
5 1191.0 150.000 81.425
5 1192.0 150.000 81.267
5 1193.0 150.000 81.108
5 1194.0 150.000 80.950
5 1195.0 150.000 80.792
5 1196.0 150.000 80.633
5 1197.0 150.000 80.475
5 1198.0 150.000 80.317
5 1199.0 150.000 80.158
5 1200.0 150.000 80.000
5 1201.0 150.000 79.842
5 1202.0 150.000 79.683
5 1203.0 150.000 79.525
5 1204.0 150.000 79.367
5 1205.0 150.000 79.208
5 1206.0 150.000 79.050
5 1207.0 150.000 78.892
5 1208.0 150.000 78.733
5 1209.0 150.000 78.575
5 1210.0 150.000 78.417
5 1211.0 150.000 78.258
5 1212.0 150.000 78.100
5 1213.0 150.000 77.942
5 1214.0 150.000 77.783
5 1215.0 150.000 77.625
5 1216.0 150.000 77.467
5 1217.0 150.000 77.308
5 1218.0 150.000 77.150
5 1219.0 150.000 76.992
5 1220.0 150.000 76.833
5 1221.0 150.000 76.675
5 1222.0 150.000 76.517
5 1223.0 150.000 76.358
5 1224.0 150.000 76.200
5 1225.0 150.000 76.042
5 1226.0 150.000 75.883
5 1227.0 150.000 75.725
5 1228.0 150.000 75.567
5 1229.0 150.000 75.408
5 1230.0 150.000 75.250
5 1231.0 150.000 75.092
5 1232.0 150.000 74.933
5 1233.0 150.000 74.775
5 1234.0 150.000 74.617
5 1235.0 150.000 74.458
5 1236.0 150.000 74.300
5 1237.0 150.000 74.142
5 1238.0 150.000 73.983
5 1239.0 150.000 73.825
5 1240.0 150.000 73.667
5 1241.0 150.000 73.508
5 1242.0 150.000 73.350
5 1243.0 150.000 73.192
5 1244.0 150.000 73.033
5 1245.0 150.000 72.875
5 1246.0 150.000 72.717
5 1247.0 150.000 72.558
5 1248.0 150.000 72.400
5 1249.0 150.000 72.242
5 1250.0 150.000 72.083
5 1251.0 150.000 71.925
5 1252.0 150.000 71.767
5 1253.0 150.000 71.608
5 1254.0 150.000 71.450
5 1255.0 150.000 71.292
5 1256.0 150.000 71.133
5 1257.0 150.000 70.975
5 1258.0 150.000 70.817
5 1259.0 150.000 70.658
5 1260.0 150.000 70.500
5 1261.0 150.000 70.342
5 1262.0 150.000 70.183
5 1263.0 150.000 70.025
5 1264.0 150.000 69.867
5 1265.0 150.000 69.708
5 1266.0 150.000 69.550
5 1267.0 150.000 69.392
5 1268.0 150.000 69.233
5 1269.0 150.000 69.075
5 1270.0 150.000 68.917
5 1271.0 150.000 68.758
5 1272.0 150.000 68.600
5 1273.0 150.000 68.442
5 1274.0 150.000 68.283
5 1275.0 150.000 68.125
5 1276.0 150.000 67.967
5 1277.0 150.000 67.808
5 1278.0 150.000 67.650
5 1279.0 150.000 67.492
5 1280.0 150.000 67.333
5 1281.0 150.000 67.175
5 1282.0 150.000 67.017
5 1283.0 150.000 66.858
5 1284.0 150.000 66.700
5 1285.0 150.000 66.542
5 1286.0 150.000 66.383
5 1287.0 150.000 66.225
5 1288.0 150.000 66.067
5 1289.0 150.000 65.908
5 1290.0 150.000 65.750
5 1291.0 150.000 65.592
5 1292.0 150.000 65.433
5 1293.0 150.000 65.275
5 1294.0 150.000 65.117
5 1295.0 150.000 64.958
5 1296.0 150.000 64.800
5 1297.0 150.000 64.642
5 1298.0 150.000 64.483
5 1299.0 150.000 64.325
5 1300.0 150.000 64.167
5 1301.0 150.000 64.008
5 1302.0 150.000 63.850
5 1303.0 150.000 63.692
5 1304.0 150.000 63.533
5 1305.0 150.000 63.375
5 1306.0 150.000 63.217
5 1307.0 150.000 63.058
5 1308.0 150.000 62.900
5 1309.0 150.000 62.742
5 1310.0 150.000 62.583
5 1311.0 150.000 62.425
5 1312.0 150.000 62.267
5 1313.0 150.000 62.108
5 1314.0 150.000 61.950
5 1315.0 150.000 61.792
5 1316.0 150.000 61.633
5 1317.0 150.000 61.475
5 1318.0 150.000 61.317
5 1319.0 150.000 61.158
5 1320.0 150.000 61.000
5 1321.0 150.000 60.842
5 1322.0 150.000 60.683
5 1323.0 150.000 60.525
5 1324.0 150.000 60.367
5 1325.0 150.000 60.208
5 1326.0 150.000 60.050
5 1327.0 149.892 60.000
5 1328.0 149.733 60.000
5 1329.0 149.575 60.000
5 1330.0 149.417 60.000
5 1331.0 149.258 60.000
5 1332.0 149.100 60.000
5 1333.0 148.942 60.000
5 1334.0 148.783 60.000
5 1335.0 148.625 60.000
5 1336.0 148.467 60.000
5 1337.0 148.308 60.000
5 1338.0 148.150 60.000
5 1339.0 147.992 60.000
5 1340.0 147.833 60.000
5 1341.0 147.675 60.000
5 1342.0 147.517 60.000
5 1343.0 147.358 60.000
5 1344.0 147.200 60.000
5 1345.0 147.042 60.000
5 1346.0 146.883 60.000
5 1347.0 146.725 60.000
5 1348.0 146.567 60.000
5 1349.0 146.408 60.000
5 1350.0 146.250 60.000
5 1351.0 146.092 60.000
5 1352.0 145.933 60.000
5 1353.0 145.775 60.000
5 1354.0 145.617 60.000
5 1355.0 145.458 60.000
5 1356.0 145.300 60.000
5 1357.0 145.142 60.000
5 1358.0 144.983 60.000
5 1359.0 144.825 60.000
5 1360.0 144.667 60.000
5 1361.0 144.508 60.000
5 1362.0 144.350 60.000
5 1363.0 144.192 60.000
5 1364.0 144.033 60.000
5 1365.0 143.875 60.000
5 1366.0 143.717 60.000
5 1367.0 143.558 60.000
5 1368.0 143.400 60.000
5 1369.0 143.242 60.000
5 1370.0 143.083 60.000
5 1371.0 142.925 60.000
5 1372.0 142.767 60.000
5 1373.0 142.608 60.000
5 1374.0 142.450 60.000
5 1375.0 142.292 60.000
5 1376.0 142.133 60.000
5 1377.0 141.975 60.000
5 1378.0 141.817 60.000
5 1379.0 141.658 60.000
5 1380.0 141.500 60.000
5 1381.0 141.342 60.000
5 1382.0 141.183 60.000
5 1383.0 141.025 60.000
5 1384.0 140.867 60.000
5 1385.0 140.708 60.000
5 1386.0 140.550 60.000
5 1387.0 140.392 60.000
5 1388.0 140.233 60.000
5 1389.0 140.075 60.000
5 1390.0 139.917 60.000
5 1391.0 139.758 60.000
5 1392.0 139.600 60.000
5 1393.0 139.442 60.000
5 1394.0 139.283 60.000
5 1395.0 139.125 60.000
5 1396.0 138.967 60.000
5 1397.0 138.808 60.000
5 1398.0 138.650 60.000
5 1399.0 138.492 60.000
5 1400.0 138.333 60.000
5 1401.0 138.175 60.000
5 1402.0 138.017 60.000
5 1403.0 137.858 60.000
5 1404.0 137.700 60.000
5 1405.0 137.542 60.000
5 1406.0 137.383 60.000
5 1407.0 137.225 60.000
5 1408.0 137.067 60.000
5 1409.0 136.908 60.000
5 1410.0 136.750 60.000
5 1411.0 136.592 60.000
5 1412.0 136.433 60.000
5 1413.0 136.275 60.000
5 1414.0 136.117 60.000
5 1415.0 135.958 60.000
5 1416.0 135.800 60.000
5 1417.0 135.642 60.000
5 1418.0 135.483 60.000
5 1419.0 135.325 60.000
5 1420.0 135.167 60.000
5 1421.0 135.008 60.000
5 1422.0 134.850 60.000
5 1423.0 134.692 60.000
5 1424.0 134.533 60.000
5 1425.0 134.375 60.000
5 1426.0 134.217 60.000
5 1427.0 134.058 60.000
5 1428.0 133.900 60.000
5 1429.0 133.742 60.000
5 1430.0 133.583 60.000
5 1431.0 133.425 60.000
5 1432.0 133.267 60.000
5 1433.0 133.108 60.000
5 1434.0 132.950 60.000
5 1435.0 132.792 60.000
5 1436.0 132.633 60.000
5 1437.0 132.475 60.000
5 1438.0 132.317 60.000
5 1439.0 132.158 60.000
5 1440.0 132.000 60.000
5 1441.0 131.842 60.000
5 1442.0 131.683 60.000
5 1443.0 131.525 60.000
5 1444.0 131.367 60.000
5 1445.0 131.208 60.000
5 1446.0 131.050 60.000
5 1447.0 130.892 60.000
5 1448.0 130.733 60.000
5 1449.0 130.575 60.000
5 1450.0 130.417 60.000
5 1451.0 130.258 60.000
5 1452.0 130.100 60.000
5 1453.0 129.942 60.000
5 1454.0 129.783 60.000
5 1455.0 129.625 60.000
5 1456.0 129.467 60.000
5 1457.0 129.308 60.000
5 1458.0 129.150 60.000
5 1459.0 128.992 60.000
5 1460.0 128.833 60.000
5 1461.0 128.675 60.000
5 1462.0 128.517 60.000
5 1463.0 128.358 60.000
5 1464.0 128.200 60.000
5 1465.0 128.042 60.000
5 1466.0 127.883 60.000
5 1467.0 127.725 60.000
5 1468.0 127.567 60.000
5 1469.0 127.408 60.000
5 1470.0 127.250 60.000
5 1471.0 127.092 60.000
5 1472.0 126.933 60.000
5 1473.0 126.775 60.000
5 1474.0 126.617 60.000
5 1475.0 126.458 60.000
5 1476.0 126.300 60.000
5 1477.0 126.142 60.000
5 1478.0 125.983 60.000
5 1479.0 125.825 60.000
5 1480.0 125.667 60.000
5 1481.0 125.508 60.000
5 1482.0 125.350 60.000
5 1483.0 125.192 60.000
5 1484.0 125.033 60.000
5 1485.0 124.875 60.000
5 1486.0 124.717 60.000
5 1487.0 124.558 60.000
5 1488.0 124.400 60.000
5 1489.0 124.242 60.000
5 1490.0 124.083 60.000
5 1491.0 123.925 60.000
5 1492.0 123.767 60.000
5 1493.0 123.608 60.000
5 1494.0 123.450 60.000
5 1495.0 123.292 60.000
5 1496.0 123.133 60.000
5 1497.0 122.975 60.000
5 1498.0 122.817 60.000
5 1499.0 122.658 60.000
5 1500.0 122.500 60.000
5 1501.0 122.342 60.000
5 1502.0 122.183 60.000
5 1503.0 122.025 60.000
5 1504.0 121.867 60.000
5 1505.0 121.708 60.000
5 1506.0 121.550 60.000
5 1507.0 121.392 60.000
5 1508.0 121.233 60.000
5 1509.0 121.075 60.000
5 1510.0 120.917 60.000
5 1511.0 120.758 60.000
5 1512.0 120.600 60.000
5 1513.0 120.442 60.000
5 1514.0 120.283 60.000
5 1515.0 120.125 60.000
5 1516.0 119.967 60.000
5 1517.0 119.808 60.000
5 1518.0 119.650 60.000
5 1519.0 119.492 60.000
5 1520.0 119.333 60.000
5 1521.0 119.175 60.000
5 1522.0 119.017 60.000
5 1523.0 118.858 60.000
5 1524.0 118.700 60.000
5 1525.0 118.542 60.000
5 1526.0 118.383 60.000
5 1527.0 118.225 60.000
5 1528.0 118.067 60.000
5 1529.0 117.908 60.000
5 1530.0 117.750 60.000
5 1531.0 117.592 60.000
5 1532.0 117.433 60.000
5 1533.0 117.275 60.000
5 1534.0 117.117 60.000
5 1535.0 116.958 60.000
5 1536.0 116.800 60.000
5 1537.0 116.642 60.000
5 1538.0 116.483 60.000
5 1539.0 116.325 60.000
5 1540.0 116.167 60.000
5 1541.0 116.008 60.000
5 1542.0 115.850 60.000
5 1543.0 115.692 60.000
5 1544.0 115.533 60.000
5 1545.0 115.375 60.000
5 1546.0 115.217 60.000
5 1547.0 115.058 60.000
5 1548.0 114.900 60.000
5 1549.0 114.742 60.000
5 1550.0 114.583 60.000
5 1551.0 114.425 60.000
5 1552.0 114.267 60.000
5 1553.0 114.108 60.000
5 1554.0 113.950 60.000
5 1555.0 113.792 60.000
5 1556.0 113.633 60.000
5 1557.0 113.475 60.000
5 1558.0 113.317 60.000
5 1559.0 113.158 60.000
5 1560.0 113.000 60.000
5 1561.0 112.842 60.000
5 1562.0 112.683 60.000
5 1563.0 112.525 60.000
5 1564.0 112.367 60.000
5 1565.0 112.208 60.000
5 1566.0 112.050 60.000
5 1567.0 111.892 60.000
5 1568.0 111.733 60.000
5 1569.0 111.575 60.000
5 1570.0 111.417 60.000
5 1571.0 111.258 60.000
5 1572.0 111.100 60.000
5 1573.0 110.942 60.000
5 1574.0 110.783 60.000
5 1575.0 110.625 60.000
5 1576.0 110.467 60.000
5 1577.0 110.308 60.000
5 1578.0 110.150 60.000
5 1579.0 109.992 60.000
5 1580.0 109.833 60.000
5 1581.0 109.675 60.000
5 1582.0 109.517 60.000
5 1583.0 109.358 60.000
5 1584.0 109.200 60.000
5 1585.0 109.042 60.000
5 1586.0 108.883 60.000
5 1587.0 108.725 60.000
5 1588.0 108.567 60.000
5 1589.0 108.408 60.000
5 1590.0 108.250 60.000
5 1591.0 108.092 60.000
5 1592.0 107.933 60.000
5 1593.0 107.775 60.000
5 1594.0 107.617 60.000
5 1595.0 107.458 60.000
5 1596.0 107.300 60.000
5 1597.0 107.142 60.000
5 1598.0 106.983 60.000
5 1599.0 106.825 60.000
5 1600.0 106.667 60.000
5 1601.0 106.508 60.000
5 1602.0 106.350 60.000
5 1603.0 106.192 60.000
5 1604.0 106.033 60.000
5 1605.0 105.875 60.000
5 1606.0 105.717 60.000
5 1607.0 105.558 60.000
5 1608.0 105.400 60.000
5 1609.0 105.242 60.000
5 1610.0 105.083 60.000
5 1611.0 104.925 60.000
5 1612.0 104.767 60.000
5 1613.0 104.608 60.000
5 1614.0 104.450 60.000
5 1615.0 104.292 60.000
5 1616.0 104.133 60.000
5 1617.0 103.975 60.000
5 1618.0 103.817 60.000
5 1619.0 103.658 60.000
5 1620.0 103.500 60.000
5 1621.0 103.342 60.000
5 1622.0 103.183 60.000
5 1623.0 103.025 60.000
5 1624.0 102.867 60.000
5 1625.0 102.708 60.000
5 1626.0 102.550 60.000
5 1627.0 102.392 60.000
5 1628.0 102.233 60.000
5 1629.0 102.075 60.000
5 1630.0 101.917 60.000
5 1631.0 101.758 60.000
5 1632.0 101.600 60.000
5 1633.0 101.442 60.000
5 1634.0 101.283 60.000
5 1635.0 101.125 60.000
5 1636.0 100.967 60.000
5 1637.0 100.808 60.000
5 1638.0 100.650 60.000
5 1639.0 100.492 60.000
5 1640.0 100.333 60.000
5 1641.0 100.175 60.000
5 1642.0 100.017 60.000
5 1643.0 99.858 60.000
5 1644.0 99.700 60.000
5 1645.0 99.542 60.000
5 1646.0 99.383 60.000
5 1647.0 99.225 60.000
5 1648.0 99.067 60.000
5 1649.0 98.908 60.000
5 1650.0 98.750 60.000
5 1651.0 98.592 60.000
5 1652.0 98.433 60.000
5 1653.0 98.275 60.000
5 1654.0 98.117 60.000
5 1655.0 97.958 60.000
5 1656.0 97.800 60.000
5 1657.0 97.642 60.000
5 1658.0 97.483 60.000
5 1659.0 97.325 60.000
5 1660.0 97.167 60.000
5 1661.0 97.008 60.000
5 1662.0 96.850 60.000
5 1663.0 96.692 60.000
5 1664.0 96.533 60.000
5 1665.0 96.375 60.000
5 1666.0 96.217 60.000
5 1667.0 96.058 60.000
5 1668.0 95.900 60.000
5 1669.0 95.742 60.000
5 1670.0 95.583 60.000
5 1671.0 95.425 60.000
5 1672.0 95.267 60.000
5 1673.0 95.108 60.000
5 1674.0 94.950 60.000
5 1675.0 94.792 60.000
5 1676.0 94.633 60.000
5 1677.0 94.475 60.000
5 1678.0 94.317 60.000
5 1679.0 94.158 60.000
5 1680.0 94.000 60.000
5 1681.0 93.842 60.000
5 1682.0 93.683 60.000
5 1683.0 93.525 60.000
5 1684.0 93.367 60.000
5 1685.0 93.208 60.000
5 1686.0 93.050 60.000
5 1687.0 92.892 60.000
5 1688.0 92.733 60.000
5 1689.0 92.575 60.000
5 1690.0 92.417 60.000
5 1691.0 92.258 60.000
5 1692.0 92.100 60.000
5 1693.0 91.942 60.000
5 1694.0 91.783 60.000
5 1695.0 91.625 60.000
5 1696.0 91.467 60.000
5 1697.0 91.308 60.000
5 1698.0 91.150 60.000
5 1699.0 90.992 60.000
5 1700.0 90.833 60.000
5 1701.0 90.675 60.000
5 1702.0 90.517 60.000
5 1703.0 90.358 60.000
5 1704.0 90.200 60.000
5 1705.0 90.042 60.000
5 1706.0 89.883 60.000
5 1707.0 89.725 60.000
5 1708.0 89.567 60.000
5 1709.0 89.408 60.000
5 1710.0 89.250 60.000
5 1711.0 89.092 60.000
5 1712.0 88.933 60.000
5 1713.0 88.775 60.000
5 1714.0 88.617 60.000
5 1715.0 88.458 60.000
5 1716.0 88.300 60.000
5 1717.0 88.142 60.000
5 1718.0 87.983 60.000
5 1719.0 87.825 60.000
5 1720.0 87.667 60.000
5 1721.0 87.508 60.000
5 1722.0 87.350 60.000
5 1723.0 87.192 60.000
5 1724.0 87.033 60.000
5 1725.0 86.875 60.000
5 1726.0 86.717 60.000
5 1727.0 86.558 60.000
5 1728.0 86.400 60.000
5 1729.0 86.242 60.000
5 1730.0 86.083 60.000
5 1731.0 85.925 60.000
5 1732.0 85.767 60.000
5 1733.0 85.608 60.000
5 1734.0 85.450 60.000
5 1735.0 85.292 60.000
5 1736.0 85.133 60.000
5 1737.0 84.975 60.000
5 1738.0 84.817 60.000
5 1739.0 84.658 60.000
5 1740.0 84.500 60.000
5 1741.0 84.342 60.000
5 1742.0 84.183 60.000
5 1743.0 84.025 60.000
5 1744.0 83.867 60.000
5 1745.0 83.708 60.000
5 1746.0 83.550 60.000
5 1747.0 83.392 60.000
5 1748.0 83.233 60.000
5 1749.0 83.075 60.000
5 1750.0 82.917 60.000
5 1751.0 82.758 60.000
5 1752.0 82.600 60.000
5 1753.0 82.442 60.000
5 1754.0 82.283 60.000
5 1755.0 82.125 60.000
5 1756.0 81.967 60.000
5 1757.0 81.808 60.000
5 1758.0 81.650 60.000
5 1759.0 81.492 60.000
5 1760.0 81.333 60.000
5 1761.0 81.175 60.000
5 1762.0 81.017 60.000
5 1763.0 80.858 60.000
5 1764.0 80.700 60.000
5 1765.0 80.542 60.000
5 1766.0 80.383 60.000
5 1767.0 80.225 60.000
5 1768.0 80.067 60.000
5 1769.0 79.908 60.000
5 1770.0 79.750 60.000
5 1771.0 79.592 60.000
5 1772.0 79.433 60.000
5 1773.0 79.275 60.000
5 1774.0 79.117 60.000
5 1775.0 78.958 60.000
5 1776.0 78.800 60.000
5 1777.0 78.642 60.000
5 1778.0 78.483 60.000
5 1779.0 78.325 60.000
5 1780.0 78.167 60.000
5 1781.0 78.008 60.000
5 1782.0 77.850 60.000
5 1783.0 77.692 60.000
5 1784.0 77.533 60.000
5 1785.0 77.375 60.000
5 1786.0 77.217 60.000
5 1787.0 77.058 60.000
5 1788.0 76.900 60.000
5 1789.0 76.742 60.000
5 1790.0 76.583 60.000
5 1791.0 76.425 60.000
5 1792.0 76.267 60.000
5 1793.0 76.108 60.000
5 1794.0 75.950 60.000
5 1795.0 75.792 60.000
5 1796.0 75.633 60.000
5 1797.0 75.475 60.000
5 1798.0 75.317 60.000
5 1799.0 75.158 60.000
5 1800.0 75.000 60.000
5 1801.0 74.842 60.000
5 1802.0 74.683 60.000
5 1803.0 74.525 60.000
5 1804.0 74.367 60.000
5 1805.0 74.208 60.000
5 1806.0 74.050 60.000
5 1807.0 73.892 60.000
5 1808.0 73.733 60.000
5 1809.0 73.575 60.000
5 1810.0 73.417 60.000
5 1811.0 73.258 60.000
5 1812.0 73.100 60.000
5 1813.0 72.942 60.000
5 1814.0 72.783 60.000
5 1815.0 72.625 60.000
5 1816.0 72.467 60.000
5 1817.0 72.308 60.000
5 1818.0 72.150 60.000
5 1819.0 71.992 60.000
5 1820.0 71.833 60.000
5 1821.0 71.675 60.000
5 1822.0 71.517 60.000
5 1823.0 71.358 60.000
5 1824.0 71.200 60.000
5 1825.0 71.042 60.000
5 1826.0 70.883 60.000
5 1827.0 70.725 60.000
5 1828.0 70.567 60.000
5 1829.0 70.408 60.000
5 1830.0 70.250 60.000
5 1831.0 70.092 60.000
5 1832.0 69.933 60.000
5 1833.0 69.775 60.000
5 1834.0 69.617 60.000
5 1835.0 69.458 60.000
5 1836.0 69.300 60.000
5 1837.0 69.142 60.000
5 1838.0 68.983 60.000
5 1839.0 68.825 60.000
5 1840.0 68.667 60.000
5 1841.0 68.508 60.000
5 1842.0 68.350 60.000
5 1843.0 68.192 60.000
5 1844.0 68.033 60.000
5 1845.0 67.875 60.000
5 1846.0 67.717 60.000
5 1847.0 67.558 60.000
5 1848.0 67.400 60.000
5 1849.0 67.242 60.000
5 1850.0 67.083 60.000
5 1851.0 66.925 60.000
5 1852.0 66.767 60.000
5 1853.0 66.608 60.000
5 1854.0 66.450 60.000
5 1855.0 66.292 60.000
5 1856.0 66.133 60.000
5 1857.0 65.975 60.000
5 1858.0 65.817 60.000
5 1859.0 65.658 60.000
5 1860.0 65.500 60.000
5 1861.0 65.342 60.000
5 1862.0 65.183 60.000
5 1863.0 65.025 60.000
5 1864.0 64.867 60.000
5 1865.0 64.708 60.000
5 1866.0 64.550 60.000
5 1867.0 64.392 60.000
5 1868.0 64.233 60.000
5 1869.0 64.075 60.000
5 1870.0 63.917 60.000
5 1871.0 63.758 60.000
5 1872.0 63.600 60.000
5 1873.0 63.442 60.000
5 1874.0 63.283 60.000
5 1875.0 63.125 60.000
5 1876.0 62.967 60.000
5 1877.0 62.808 60.000
5 1878.0 62.650 60.000
5 1879.0 62.492 60.000
5 1880.0 62.333 60.000
5 1881.0 62.175 60.000
5 1882.0 62.017 60.000
5 1883.0 61.858 60.000
5 1884.0 61.700 60.000
5 1885.0 61.542 60.000
5 1886.0 61.383 60.000
5 1887.0 61.225 60.000
5 1888.0 61.067 60.000
5 1889.0 60.908 60.000
5 1890.0 60.750 60.000
5 1891.0 60.592 60.000
5 1892.0 60.433 60.000
5 1893.0 60.275 60.000
5 1894.0 60.117 60.000
5 1895.0 59.958 60.000
5 1896.0 59.800 60.000
5 1897.0 59.642 60.000
5 1898.0 59.483 60.000
5 1899.0 59.325 60.000
5 1900.0 59.167 60.000
5 1901.0 59.008 60.000
5 1902.0 58.850 60.000
5 1903.0 58.692 60.000
5 1904.0 58.533 60.000
5 1905.0 58.375 60.000
5 1906.0 58.217 60.000
5 1907.0 58.058 60.000
5 1908.0 57.900 60.000
5 1909.0 57.742 60.000
5 1910.0 57.583 60.000
5 1911.0 57.425 60.000
5 1912.0 57.267 60.000
5 1913.0 57.108 60.000
5 1914.0 56.950 60.000
5 1915.0 56.792 60.000
5 1916.0 56.633 60.000
5 1917.0 56.475 60.000
5 1918.0 56.317 60.000
5 1919.0 56.158 60.000
5 1920.0 56.000 60.000
5 1921.0 55.842 60.000
5 1922.0 55.683 60.000
5 1923.0 55.525 60.000
5 1924.0 55.367 60.000
5 1925.0 55.208 60.000
5 1926.0 55.050 60.000
5 1927.0 54.892 60.000
5 1928.0 54.733 60.000
5 1929.0 54.575 60.000
5 1930.0 54.417 60.000
5 1931.0 54.258 60.000
5 1932.0 54.100 60.000
5 1933.0 53.942 60.000
5 1934.0 53.783 60.000
5 1935.0 53.625 60.000
5 1936.0 53.467 60.000
5 1937.0 53.308 60.000
5 1938.0 53.150 60.000
5 1939.0 52.992 60.000
5 1940.0 52.833 60.000
5 1941.0 52.675 60.000
5 1942.0 52.517 60.000
5 1943.0 52.358 60.000
5 1944.0 52.200 60.000
5 1945.0 52.042 60.000
5 1946.0 51.883 60.000
5 1947.0 51.725 60.000
5 1948.0 51.567 60.000
5 1949.0 51.408 60.000
5 1950.0 51.250 60.000
5 1951.0 51.092 60.000
5 1952.0 50.933 60.000
5 1953.0 50.775 60.000
5 1954.0 50.617 60.000
5 1955.0 50.458 60.000
5 1956.0 50.300 60.000
5 1957.0 50.142 60.000
5 1958.0 49.983 60.000
5 1959.0 49.825 60.000
5 1960.0 49.667 60.000
5 1961.0 49.508 60.000
5 1962.0 49.350 60.000
5 1963.0 49.192 60.000
5 1964.0 49.033 60.000
5 1965.0 48.875 60.000
5 1966.0 48.717 60.000
5 1967.0 48.558 60.000
5 1968.0 48.400 60.000
5 1969.0 48.242 60.000
5 1970.0 48.083 60.000
5 1971.0 47.925 60.000
5 1972.0 47.767 60.000
5 1973.0 47.608 60.000
5 1974.0 47.450 60.000
5 1975.0 47.292 60.000
5 1976.0 47.133 60.000
5 1977.0 46.975 60.000
5 1978.0 46.817 60.000
5 1979.0 46.658 60.000
5 1980.0 46.500 60.000
5 1981.0 46.342 60.000
5 1982.0 46.183 60.000
5 1983.0 46.025 60.000
5 1984.0 45.867 60.000
5 1985.0 45.708 60.000
5 1986.0 45.550 60.000
5 1987.0 45.392 60.000
5 1988.0 45.233 60.000
5 1989.0 45.075 60.000
5 1990.0 44.917 60.000
5 1991.0 44.758 60.000
5 1992.0 44.600 60.000
5 1993.0 44.442 60.000
5 1994.0 44.283 60.000
5 1995.0 44.125 60.000
5 1996.0 43.967 60.000
5 1997.0 43.808 60.000
5 1998.0 43.650 60.000
5 1999.0 43.492 60.000
5 2000.0 43.333 60.000
5 2001.0 43.175 60.000
5 2002.0 43.017 60.000
5 2003.0 42.858 60.000
5 2004.0 42.700 60.000
5 2005.0 42.542 60.000
5 2006.0 42.383 60.000
5 2007.0 42.225 60.000
5 2008.0 42.067 60.000
5 2009.0 41.908 60.000
5 2010.0 41.750 60.000
5 2011.0 41.592 60.000
5 2012.0 41.433 60.000
5 2013.0 41.275 60.000
5 2014.0 41.117 60.000
5 2015.0 40.958 60.000
5 2016.0 40.800 60.000
5 2017.0 40.642 60.000
5 2018.0 40.483 60.000
5 2019.0 40.325 60.000
5 2020.0 40.167 60.000
5 2021.0 40.008 60.000
5 2022.0 39.850 60.000
5 2023.0 39.692 60.000
5 2024.0 39.533 60.000
5 2025.0 39.375 60.000
5 2026.0 39.217 60.000
5 2027.0 39.058 60.000
5 2028.0 38.900 60.000
5 2029.0 38.742 60.000
5 2030.0 38.583 60.000
5 2031.0 38.425 60.000
5 2032.0 38.267 60.000
5 2033.0 38.108 60.000
5 2034.0 37.950 60.000
5 2035.0 37.792 60.000
5 2036.0 37.633 60.000
5 2037.0 37.475 60.000
5 2038.0 37.317 60.000
5 2039.0 37.158 60.000
5 2040.0 37.000 60.000
5 2041.0 36.842 60.000
5 2042.0 36.683 60.000
5 2043.0 36.525 60.000
5 2044.0 36.367 60.000
5 2045.0 36.208 60.000
5 2046.0 36.050 60.000
5 2047.0 35.892 60.000
5 2048.0 35.733 60.000
5 2049.0 35.575 60.000
5 2050.0 35.417 60.000
5 2051.0 35.258 60.000
5 2052.0 35.100 60.000
5 2053.0 34.942 60.000
5 2054.0 34.783 60.000
5 2055.0 34.625 60.000
5 2056.0 34.467 60.000
5 2057.0 34.308 60.000
5 2058.0 34.150 60.000
5 2059.0 33.992 60.000
5 2060.0 33.833 60.000
5 2061.0 33.675 60.000
5 2062.0 33.517 60.000
5 2063.0 33.358 60.000
5 2064.0 33.200 60.000
5 2065.0 33.042 60.000
5 2066.0 32.883 60.000
5 2067.0 32.725 60.000
5 2068.0 32.567 60.000
5 2069.0 32.408 60.000
5 2070.0 32.250 60.000
5 2071.0 32.092 60.000
5 2072.0 31.933 60.000
5 2073.0 31.775 60.000
5 2074.0 31.617 60.000
5 2075.0 31.458 60.000
5 2076.0 31.300 60.000
5 2077.0 31.142 60.000
5 2078.0 30.983 60.000
5 2079.0 30.825 60.000
5 2080.0 30.667 60.000
5 2081.0 30.508 60.000
5 2082.0 30.350 60.000
5 2083.0 30.192 60.000
5 2084.0 30.033 60.000
5 2085.0 29.875 60.000
5 2086.0 29.717 60.000
5 2087.0 29.558 60.000
5 2088.0 29.400 60.000
5 2089.0 29.242 60.000
5 2090.0 29.083 60.000
5 2091.0 28.925 60.000
5 2092.0 28.767 60.000
5 2093.0 28.608 60.000
5 2094.0 28.450 60.000
5 2095.0 28.292 60.000
5 2096.0 28.133 60.000
5 2097.0 27.975 60.000
5 2098.0 27.817 60.000
5 2099.0 27.658 60.000
5 2100.0 27.500 60.000
5 2101.0 27.342 60.000
5 2102.0 27.183 60.000
5 2103.0 27.025 60.000
5 2104.0 26.867 60.000
5 2105.0 26.708 60.000
5 2106.0 26.550 60.000
5 2107.0 26.392 60.000
5 2108.0 26.233 60.000
5 2109.0 26.075 60.000
5 2110.0 25.917 60.000
5 2111.0 25.758 60.000
5 2112.0 25.600 60.000
5 2113.0 25.442 60.000
5 2114.0 25.283 60.000
5 2115.0 25.125 60.000
5 2116.0 24.967 60.000
5 2117.0 24.808 60.000
5 2118.0 24.650 60.000
5 2119.0 24.492 60.000
5 2120.0 24.333 60.000
5 2121.0 24.175 60.000
5 2122.0 24.017 60.000
5 2123.0 23.858 60.000
5 2124.0 23.700 60.000
5 2125.0 23.542 60.000
5 2126.0 23.383 60.000
5 2127.0 23.225 60.000
5 2128.0 23.067 60.000
5 2129.0 22.908 60.000
5 2130.0 22.750 60.000
5 2131.0 22.592 60.000
5 2132.0 22.433 60.000
5 2133.0 22.275 60.000
5 2134.0 22.117 60.000
5 2135.0 21.958 60.000
5 2136.0 21.800 60.000
5 2137.0 21.642 60.000
5 2138.0 21.483 60.000
5 2139.0 21.325 60.000
5 2140.0 21.167 60.000
5 2141.0 21.008 60.000
5 2142.0 20.850 60.000
5 2143.0 20.692 60.000
5 2144.0 20.533 60.000
5 2145.0 20.375 60.000
5 2146.0 20.217 60.000
5 2147.0 20.058 60.000
5 2148.0 19.900 60.000
5 2149.0 19.742 60.000
5 2150.0 19.583 60.000
5 2151.0 19.425 60.000
5 2152.0 19.267 60.000
5 2153.0 19.108 60.000
5 2154.0 18.950 60.000
5 2155.0 18.792 60.000
5 2156.0 18.633 60.000
5 2157.0 18.475 60.000
5 2158.0 18.317 60.000
5 2159.0 18.158 60.000
5 2160.0 18.000 60.000
5 2161.0 17.842 60.000
5 2162.0 17.683 60.000
5 2163.0 17.525 60.000
5 2164.0 17.367 60.000
5 2165.0 17.208 60.000
5 2166.0 17.050 60.000
5 2167.0 16.892 60.000
5 2168.0 16.733 60.000
5 2169.0 16.575 60.000
5 2170.0 16.417 60.000
5 2171.0 16.258 60.000
5 2172.0 16.100 60.000
5 2173.0 15.942 60.000
5 2174.0 15.783 60.000
5 2175.0 15.625 60.000
5 2176.0 15.467 60.000
5 2177.0 15.308 60.000
5 2178.0 15.150 60.000
5 2179.0 14.992 60.000
5 2180.0 14.833 60.000
5 2181.0 14.675 60.000
5 2182.0 14.517 60.000
5 2183.0 14.358 60.000
5 2184.0 14.200 60.000
5 2185.0 14.042 60.000
5 2186.0 13.883 60.000
5 2187.0 13.725 60.000
5 2188.0 13.567 60.000
5 2189.0 13.408 60.000
5 2190.0 13.250 60.000
5 2191.0 13.092 60.000
5 2192.0 12.933 60.000
5 2193.0 12.775 60.000
5 2194.0 12.617 60.000
5 2195.0 12.458 60.000
5 2196.0 12.300 60.000
5 2197.0 12.142 60.000
5 2198.0 11.983 60.000
5 2199.0 11.825 60.000
5 2200.0 11.667 60.000
5 2201.0 11.508 60.000
5 2202.0 11.350 60.000
5 2203.0 11.192 60.000
5 2204.0 11.033 60.000
5 2205.0 10.875 60.000
5 2206.0 10.717 60.000
5 2207.0 10.558 60.000
5 2208.0 10.400 60.000
5 2209.0 10.242 60.000
5 2210.0 10.083 60.000
5 2211.0 9.925 60.000
5 2212.0 9.767 60.000
5 2213.0 9.608 60.000
5 2214.0 9.450 60.000
5 2215.0 9.292 60.000
5 2216.0 9.133 60.000
5 2217.0 8.975 60.000
5 2218.0 8.817 60.000
5 2219.0 8.658 60.000
5 2220.0 8.500 60.000
5 2221.0 8.342 60.000
5 2222.0 8.183 60.000
5 2223.0 8.025 60.000
5 2224.0 7.867 60.000
5 2225.0 7.708 60.000
5 2226.0 7.550 60.000
5 2227.0 7.392 60.000
5 2228.0 7.233 60.000
5 2229.0 7.075 60.000
5 2230.0 6.917 60.000
5 2231.0 6.758 60.000
5 2232.0 6.600 60.000
5 2233.0 6.442 60.000
5 2234.0 6.283 60.000
5 2235.0 6.125 60.000
5 2236.0 5.967 60.000
5 2237.0 5.808 60.000
5 2238.0 5.650 60.000
5 2239.0 5.492 60.000
5 2240.0 5.333 60.000
5 2241.0 5.175 60.000
5 2242.0 5.017 60.000
5 2243.0 4.858 60.000
5 2244.0 4.700 60.000
5 2245.0 4.542 60.000
5 2246.0 4.383 60.000
5 2247.0 4.225 60.000
5 2248.0 4.067 60.000
5 2249.0 3.908 60.000
5 2250.0 3.750 60.000
5 2251.0 3.592 60.000
5 2252.0 3.433 60.000
5 2253.0 3.275 60.000
5 2254.0 3.117 60.000
5 2255.0 2.958 60.000
5 2256.0 2.800 60.000
5 2257.0 2.642 60.000
5 2258.0 2.483 60.000
5 2259.0 2.325 60.000
5 2260.0 2.167 60.000
5 2261.0 2.008 60.000
5 2262.0 1.850 60.000
5 2263.0 1.692 60.000
5 2264.0 1.533 60.000
5 2265.0 1.375 60.000
5 2266.0 1.217 60.000
5 2267.0 1.058 60.000
5 2268.0 0.900 60.000
5 2269.0 0.742 60.000
5 2270.0 0.583 60.000
5 2271.0 0.425 60.000
5 2272.0 0.267 60.000
5 2273.0 0.108 60.000
5 2274.0 0.000 59.950
5 2275.0 0.000 59.792
5 2276.0 0.000 59.633
5 2277.0 0.000 59.475
5 2278.0 0.000 59.317
5 2279.0 0.000 59.158
5 2280.0 0.000 59.000
5 2281.0 0.000 58.842
5 2282.0 0.000 58.683
5 2283.0 0.000 58.525
5 2284.0 0.000 58.367
5 2285.0 0.000 58.208
5 2286.0 0.000 58.050
5 2287.0 0.000 57.892
5 2288.0 0.000 57.733
5 2289.0 0.000 57.575
5 2290.0 0.000 57.417
5 2291.0 0.000 57.258
5 2292.0 0.000 57.100
5 2293.0 0.000 56.942
5 2294.0 0.000 56.783
5 2295.0 0.000 56.625
5 2296.0 0.000 56.467
5 2297.0 0.000 56.308
5 2298.0 0.000 56.150
5 2299.0 0.000 55.992
5 2300.0 0.000 55.833
5 2301.0 0.000 55.675
5 2302.0 0.000 55.517
5 2303.0 0.000 55.358
5 2304.0 0.000 55.200
5 2305.0 0.000 55.042
5 2306.0 0.000 54.883
5 2307.0 0.000 54.725
5 2308.0 0.000 54.567
5 2309.0 0.000 54.408
5 2310.0 0.000 54.250
5 2311.0 0.000 54.092
5 2312.0 0.000 53.933
5 2313.0 0.000 53.775
5 2314.0 0.000 53.617
5 2315.0 0.000 53.458
5 2316.0 0.000 53.300
5 2317.0 0.000 53.142
5 2318.0 0.000 52.983
5 2319.0 0.000 52.825
5 2320.0 0.000 52.667
5 2321.0 0.000 52.508
5 2322.0 0.000 52.350
5 2323.0 0.000 52.192
5 2324.0 0.000 52.033
5 2325.0 0.000 51.875
5 2326.0 0.000 51.717
5 2327.0 0.000 51.558
5 2328.0 0.000 51.400
5 2329.0 0.000 51.242
5 2330.0 0.000 51.083
5 2331.0 0.000 50.925
5 2332.0 0.000 50.767
5 2333.0 0.000 50.608
5 2334.0 0.000 50.450
5 2335.0 0.000 50.292
5 2336.0 0.000 50.133
5 2337.0 0.000 49.975
5 2338.0 0.000 49.817
5 2339.0 0.000 49.658
5 2340.0 0.000 49.500
5 2341.0 0.000 49.342
5 2342.0 0.000 49.183
5 2343.0 0.000 49.025
5 2344.0 0.000 48.867
5 2345.0 0.000 48.708
5 2346.0 0.000 48.550
5 2347.0 0.000 48.392
5 2348.0 0.000 48.233
5 2349.0 0.000 48.075
5 2350.0 0.000 47.917
5 2351.0 0.000 47.758
5 2352.0 0.000 47.600
5 2353.0 0.000 47.442
5 2354.0 0.000 47.283
5 2355.0 0.000 47.125
5 2356.0 0.000 46.967
5 2357.0 0.000 46.808
5 2358.0 0.000 46.650
5 2359.0 0.000 46.492
5 2360.0 0.000 46.333
5 2361.0 0.000 46.175
5 2362.0 0.000 46.017
5 2363.0 0.000 45.858
5 2364.0 0.000 45.700
5 2365.0 0.000 45.542
5 2366.0 0.000 45.383
5 2367.0 0.000 45.225
5 2368.0 0.000 45.067
5 2369.0 0.000 44.908
5 2370.0 0.000 44.750
5 2371.0 0.000 44.592
5 2372.0 0.000 44.433
5 2373.0 0.000 44.275
5 2374.0 0.000 44.117
5 2375.0 0.000 43.958
5 2376.0 0.000 43.800
5 2377.0 0.000 43.642
5 2378.0 0.000 43.483
5 2379.0 0.000 43.325
5 2380.0 0.000 43.167
5 2381.0 0.000 43.008
5 2382.0 0.000 42.850
5 2383.0 0.000 42.692
5 2384.0 0.000 42.533
5 2385.0 0.000 42.375
5 2386.0 0.000 42.217
5 2387.0 0.000 42.058
5 2388.0 0.000 41.900
5 2389.0 0.000 41.742
5 2390.0 0.000 41.583
5 2391.0 0.000 41.425
5 2392.0 0.000 41.267
5 2393.0 0.000 41.108
5 2394.0 0.000 40.950
5 2395.0 0.000 40.792
5 2396.0 0.000 40.633
5 2397.0 0.000 40.475
5 2398.0 0.000 40.317
5 2399.0 0.000 40.158
5 2400.0 0.000 40.000
5 2401.0 0.000 39.842
5 2402.0 0.000 39.683
5 2403.0 0.000 39.525
5 2404.0 0.000 39.367
5 2405.0 0.000 39.208
5 2406.0 0.000 39.050
5 2407.0 0.000 38.892
5 2408.0 0.000 38.733
5 2409.0 0.000 38.575
5 2410.0 0.000 38.417
5 2411.0 0.000 38.258
5 2412.0 0.000 38.100
5 2413.0 0.000 37.942
5 2414.0 0.000 37.783
5 2415.0 0.000 37.625
5 2416.0 0.000 37.467
5 2417.0 0.000 37.308
5 2418.0 0.000 37.150
5 2419.0 0.000 36.992
5 2420.0 0.000 36.833
5 2421.0 0.000 36.675
5 2422.0 0.000 36.517
5 2423.0 0.000 36.358
5 2424.0 0.000 36.200
5 2425.0 0.000 36.042
5 2426.0 0.000 35.883
5 2427.0 0.000 35.725
5 2428.0 0.000 35.567
5 2429.0 0.000 35.408
5 2430.0 0.000 35.250
5 2431.0 0.000 35.092
5 2432.0 0.000 34.933
5 2433.0 0.000 34.775
5 2434.0 0.000 34.617
5 2435.0 0.000 34.458
5 2436.0 0.000 34.300
5 2437.0 0.000 34.142
5 2438.0 0.000 33.983
5 2439.0 0.000 33.825
5 2440.0 0.000 33.667
5 2441.0 0.000 33.508
5 2442.0 0.000 33.350
5 2443.0 0.000 33.192
5 2444.0 0.000 33.033
5 2445.0 0.000 32.875
5 2446.0 0.000 32.717
5 2447.0 0.000 32.558
5 2448.0 0.000 32.400
5 2449.0 0.000 32.242
5 2450.0 0.000 32.083
5 2451.0 0.000 31.925
5 2452.0 0.000 31.767
5 2453.0 0.000 31.608
5 2454.0 0.000 31.450
5 2455.0 0.000 31.292
5 2456.0 0.000 31.133
5 2457.0 0.000 30.975
5 2458.0 0.000 30.817
5 2459.0 0.000 30.658
5 2460.0 0.000 30.500
5 2461.0 0.000 30.342
5 2462.0 0.000 30.183
5 2463.0 0.000 30.025
5 2464.0 0.000 29.867
5 2465.0 0.000 29.708
5 2466.0 0.000 29.550
5 2467.0 0.000 29.392
5 2468.0 0.000 29.233
5 2469.0 0.000 29.075
5 2470.0 0.000 28.917
5 2471.0 0.000 28.758
5 2472.0 0.000 28.600
5 2473.0 0.000 28.442
5 2474.0 0.000 28.283
5 2475.0 0.000 28.125
5 2476.0 0.000 27.967
5 2477.0 0.000 27.808
5 2478.0 0.000 27.650
5 2479.0 0.000 27.492
5 2480.0 0.000 27.333
5 2481.0 0.000 27.175
5 2482.0 0.000 27.017
5 2483.0 0.000 26.858
5 2484.0 0.000 26.700
5 2485.0 0.000 26.542
5 2486.0 0.000 26.383
5 2487.0 0.000 26.225
5 2488.0 0.000 26.067
5 2489.0 0.000 25.908
5 2490.0 0.000 25.750
5 2491.0 0.000 25.592
5 2492.0 0.000 25.433
5 2493.0 0.000 25.275
5 2494.0 0.000 25.117
5 2495.0 0.000 24.958
5 2496.0 0.000 24.800
5 2497.0 0.000 24.642
5 2498.0 0.000 24.483
5 2499.0 0.000 24.325
5 2500.0 0.000 24.167
5 2501.0 0.000 24.008
5 2502.0 0.000 23.850
5 2503.0 0.000 23.692
5 2504.0 0.000 23.533
5 2505.0 0.000 23.375
5 2506.0 0.000 23.217
5 2507.0 0.000 23.058
5 2508.0 0.000 22.900
5 2509.0 0.000 22.742
5 2510.0 0.000 22.583
5 2511.0 0.000 22.425
5 2512.0 0.000 22.267
5 2513.0 0.000 22.108
5 2514.0 0.000 21.950
5 2515.0 0.000 21.792
5 2516.0 0.000 21.633
5 2517.0 0.000 21.475
5 2518.0 0.000 21.317
5 2519.0 0.000 21.158
5 2520.0 0.000 21.000
5 2521.0 0.000 20.842
5 2522.0 0.000 20.683
5 2523.0 0.000 20.525
5 2524.0 0.000 20.367
5 2525.0 0.000 20.208
5 2526.0 0.000 20.050
5 2527.0 0.000 19.892
5 2528.0 0.000 19.733
5 2529.0 0.000 19.575
5 2530.0 0.000 19.417
5 2531.0 0.000 19.258
5 2532.0 0.000 19.100
5 2533.0 0.000 18.942
5 2534.0 0.000 18.783
5 2535.0 0.000 18.625
5 2536.0 0.000 18.467
5 2537.0 0.000 18.308
5 2538.0 0.000 18.150
5 2539.0 0.000 17.992
5 2540.0 0.000 17.833
5 2541.0 0.000 17.675
5 2542.0 0.000 17.517
5 2543.0 0.000 17.358
5 2544.0 0.000 17.200
5 2545.0 0.000 17.042
5 2546.0 0.000 16.883
5 2547.0 0.000 16.725
5 2548.0 0.000 16.567
5 2549.0 0.000 16.408
5 2550.0 0.000 16.250
5 2551.0 0.000 16.092
5 2552.0 0.000 15.933
5 2553.0 0.000 15.775
5 2554.0 0.000 15.617
5 2555.0 0.000 15.458
5 2556.0 0.000 15.300
5 2557.0 0.000 15.142
5 2558.0 0.000 14.983
5 2559.0 0.000 14.825
5 2560.0 0.000 14.667
5 2561.0 0.000 14.508
5 2562.0 0.000 14.350
5 2563.0 0.000 14.192
5 2564.0 0.000 14.033
5 2565.0 0.000 13.875
5 2566.0 0.000 13.717
5 2567.0 0.000 13.558
5 2568.0 0.000 13.400
5 2569.0 0.000 13.242
5 2570.0 0.000 13.083
5 2571.0 0.000 12.925
5 2572.0 0.000 12.767
5 2573.0 0.000 12.608
5 2574.0 0.000 12.450
5 2575.0 0.000 12.292
5 2576.0 0.000 12.133
5 2577.0 0.000 11.975
5 2578.0 0.000 11.817
5 2579.0 0.000 11.658
5 2580.0 0.000 11.500
5 2581.0 0.000 11.342
5 2582.0 0.000 11.183
5 2583.0 0.000 11.025
5 2584.0 0.000 10.867
5 2585.0 0.000 10.708
5 2586.0 0.000 10.550
5 2587.0 0.000 10.392
5 2588.0 0.000 10.233
5 2589.0 0.000 10.075
5 2590.0 0.000 9.917
5 2591.0 0.000 9.758
5 2592.0 0.000 9.600
5 2593.0 0.000 9.442
5 2594.0 0.000 9.283
5 2595.0 0.000 9.125
5 2596.0 0.000 8.967
5 2597.0 0.000 8.808
5 2598.0 0.000 8.650
5 2599.0 0.000 8.492
5 2600.0 0.000 8.333
5 2601.0 0.000 8.175
5 2602.0 0.000 8.017
5 2603.0 0.000 7.858
5 2604.0 0.000 7.700
5 2605.0 0.000 7.542
5 2606.0 0.000 7.383
5 2607.0 0.000 7.225
5 2608.0 0.000 7.067
5 2609.0 0.000 6.908
5 2610.0 0.000 6.750
5 2611.0 0.000 6.592
5 2612.0 0.000 6.433
5 2613.0 0.000 6.275
5 2614.0 0.000 6.117
5 2615.0 0.000 5.958
5 2616.0 0.000 5.800
5 2617.0 0.000 5.642
5 2618.0 0.000 5.483
5 2619.0 0.000 5.325
5 2620.0 0.000 5.167
5 2621.0 0.000 5.008
5 2622.0 0.000 4.850
5 2623.0 0.000 4.692
5 2624.0 0.000 4.533
5 2625.0 0.000 4.375
5 2626.0 0.000 4.217
5 2627.0 0.000 4.058
5 2628.0 0.000 3.900
5 2629.0 0.000 3.742
5 2630.0 0.000 3.583
5 2631.0 0.000 3.425
5 2632.0 0.000 3.267
5 2633.0 0.000 3.108
5 2634.0 0.000 2.950
5 2635.0 0.000 2.792
5 2636.0 0.000 2.633
5 2637.0 0.000 2.475
5 2638.0 0.000 2.317
5 2639.0 0.000 2.158
5 2640.0 0.000 2.000
5 2641.0 0.000 1.842
5 2642.0 0.000 1.683
5 2643.0 0.000 1.525
5 2644.0 0.000 1.367
5 2645.0 0.000 1.208
5 2646.0 0.000 1.050
5 2647.0 0.000 0.892
5 2648.0 0.000 0.733
5 2649.0 0.000 0.575
5 2650.0 0.000 0.417
5 2651.0 0.000 0.258
5 2652.0 0.000 0.100
5 2653.0 0.058 0.000
5 2654.0 0.217 0.000
5 2655.0 0.375 0.000
5 2656.0 0.533 0.000
5 2657.0 0.692 0.000
5 2658.0 0.850 0.000
5 2659.0 1.008 0.000
5 2660.0 1.167 0.000
5 2661.0 1.325 0.000
5 2662.0 1.483 0.000
5 2663.0 1.642 0.000
5 2664.0 1.800 0.000
5 2665.0 1.958 0.000
5 2666.0 2.117 0.000
5 2667.0 2.275 0.000
5 2668.0 2.433 0.000
5 2669.0 2.592 0.000
5 2670.0 2.750 0.000
5 2671.0 2.908 0.000
5 2672.0 3.067 0.000
5 2673.0 3.225 0.000
5 2674.0 3.383 0.000
5 2675.0 3.542 0.000
5 2676.0 3.700 0.000
5 2677.0 3.858 0.000
5 2678.0 4.017 0.000
5 2679.0 4.175 0.000
5 2680.0 4.333 0.000
5 2681.0 4.492 0.000
5 2682.0 4.650 0.000
5 2683.0 4.808 0.000
5 2684.0 4.967 0.000
5 2685.0 5.125 0.000
5 2686.0 5.283 0.000
5 2687.0 5.442 0.000
5 2688.0 5.600 0.000
5 2689.0 5.758 0.000
5 2690.0 5.917 0.000
5 2691.0 6.075 0.000
5 2692.0 6.233 0.000
5 2693.0 6.392 0.000
5 2694.0 6.550 0.000
5 2695.0 6.708 0.000
5 2696.0 6.867 0.000
5 2697.0 7.025 0.000
5 2698.0 7.183 0.000
5 2699.0 7.342 0.000
5 2700.0 7.500 0.000
5 2701.0 7.658 0.000
5 2702.0 7.817 0.000
5 2703.0 7.975 0.000
5 2704.0 8.133 0.000
5 2705.0 8.292 0.000
5 2706.0 8.450 0.000
5 2707.0 8.608 0.000
5 2708.0 8.767 0.000
5 2709.0 8.925 0.000
5 2710.0 9.083 0.000
5 2711.0 9.242 0.000
5 2712.0 9.400 0.000
5 2713.0 9.558 0.000
5 2714.0 9.717 0.000
5 2715.0 9.875 0.000
5 2716.0 10.033 0.000
5 2717.0 10.192 0.000
5 2718.0 10.350 0.000
5 2719.0 10.508 0.000
5 2720.0 10.667 0.000
5 2721.0 10.825 0.000
5 2722.0 10.983 0.000
5 2723.0 11.142 0.000
5 2724.0 11.300 0.000
5 2725.0 11.458 0.000
5 2726.0 11.617 0.000
5 2727.0 11.775 0.000
5 2728.0 11.933 0.000
5 2729.0 12.092 0.000
5 2730.0 12.250 0.000
5 2731.0 12.408 0.000
5 2732.0 12.567 0.000
5 2733.0 12.725 0.000
5 2734.0 12.883 0.000
5 2735.0 13.042 0.000
5 2736.0 13.200 0.000
5 2737.0 13.358 0.000
5 2738.0 13.517 0.000
5 2739.0 13.675 0.000
5 2740.0 13.833 0.000
5 2741.0 13.992 0.000
5 2742.0 14.150 0.000
5 2743.0 14.308 0.000
5 2744.0 14.467 0.000
5 2745.0 14.625 0.000
5 2746.0 14.783 0.000
5 2747.0 14.942 0.000
5 2748.0 15.100 0.000
5 2749.0 15.258 0.000
5 2750.0 15.417 0.000
5 2751.0 15.575 0.000
5 2752.0 15.733 0.000
5 2753.0 15.892 0.000
5 2754.0 16.050 0.000
5 2755.0 16.208 0.000
5 2756.0 16.367 0.000
5 2757.0 16.525 0.000
5 2758.0 16.683 0.000
5 2759.0 16.842 0.000
5 2760.0 17.000 0.000
5 2761.0 17.158 0.000
5 2762.0 17.317 0.000
5 2763.0 17.475 0.000
5 2764.0 17.633 0.000
5 2765.0 17.792 0.000
5 2766.0 17.950 0.000
5 2767.0 18.108 0.000
5 2768.0 18.267 0.000
5 2769.0 18.425 0.000
5 2770.0 18.583 0.000
5 2771.0 18.742 0.000
5 2772.0 18.900 0.000
5 2773.0 19.058 0.000
5 2774.0 19.217 0.000
5 2775.0 19.375 0.000
5 2776.0 19.533 0.000
5 2777.0 19.692 0.000
5 2778.0 19.850 0.000
5 2779.0 20.008 0.000
5 2780.0 20.167 0.000
5 2781.0 20.325 0.000
5 2782.0 20.483 0.000
5 2783.0 20.642 0.000
5 2784.0 20.800 0.000
5 2785.0 20.958 0.000
5 2786.0 21.117 0.000
5 2787.0 21.275 0.000
5 2788.0 21.433 0.000
5 2789.0 21.592 0.000
5 2790.0 21.750 0.000
5 2791.0 21.908 0.000
5 2792.0 22.067 0.000
5 2793.0 22.225 0.000
5 2794.0 22.383 0.000
5 2795.0 22.542 0.000
5 2796.0 22.700 0.000
5 2797.0 22.858 0.000
5 2798.0 23.017 0.000
5 2799.0 23.175 0.000
5 2800.0 23.333 0.000
5 2801.0 23.492 0.000
5 2802.0 23.650 0.000
5 2803.0 23.808 0.000
5 2804.0 23.967 0.000
5 2805.0 24.125 0.000
5 2806.0 24.283 0.000
5 2807.0 24.442 0.000
5 2808.0 24.600 0.000
5 2809.0 24.758 0.000
5 2810.0 24.917 0.000
5 2811.0 25.075 0.000
5 2812.0 25.233 0.000
5 2813.0 25.392 0.000
5 2814.0 25.550 0.000
5 2815.0 25.708 0.000
5 2816.0 25.867 0.000
5 2817.0 26.025 0.000
5 2818.0 26.183 0.000
5 2819.0 26.342 0.000
5 2820.0 26.500 0.000
5 2821.0 26.658 0.000
5 2822.0 26.817 0.000
5 2823.0 26.975 0.000
5 2824.0 27.133 0.000
5 2825.0 27.292 0.000
5 2826.0 27.450 0.000
5 2827.0 27.608 0.000
5 2828.0 27.767 0.000
5 2829.0 27.925 0.000
5 2830.0 28.083 0.000
5 2831.0 28.242 0.000
5 2832.0 28.400 0.000
5 2833.0 28.558 0.000
5 2834.0 28.717 0.000
5 2835.0 28.875 0.000
5 2836.0 29.033 0.000
5 2837.0 29.192 0.000
5 2838.0 29.350 0.000
5 2839.0 29.508 0.000
5 2840.0 29.667 0.000
5 2841.0 29.825 0.000
5 2842.0 29.983 0.000
5 2843.0 30.142 0.000
5 2844.0 30.300 0.000
5 2845.0 30.458 0.000
5 2846.0 30.617 0.000
5 2847.0 30.775 0.000
5 2848.0 30.933 0.000
5 2849.0 31.092 0.000
5 2850.0 31.250 0.000
5 2851.0 31.408 0.000
5 2852.0 31.567 0.000
5 2853.0 31.725 0.000
5 2854.0 31.883 0.000
5 2855.0 32.042 0.000
5 2856.0 32.200 0.000
5 2857.0 32.358 0.000
5 2858.0 32.517 0.000
5 2859.0 32.675 0.000
5 2860.0 32.833 0.000
5 2861.0 32.992 0.000
5 2862.0 33.150 0.000
5 2863.0 33.308 0.000
5 2864.0 33.467 0.000
5 2865.0 33.625 0.000
5 2866.0 33.783 0.000
5 2867.0 33.942 0.000
5 2868.0 34.100 0.000
5 2869.0 34.258 0.000
5 2870.0 34.417 0.000
5 2871.0 34.575 0.000
5 2872.0 34.733 0.000
5 2873.0 34.892 0.000
5 2874.0 35.050 0.000
5 2875.0 35.208 0.000
5 2876.0 35.367 0.000
5 2877.0 35.525 0.000
5 2878.0 35.683 0.000
5 2879.0 35.842 0.000
5 2880.0 36.000 0.000
5 2881.0 36.158 0.000
5 2882.0 36.317 0.000
5 2883.0 36.475 0.000
5 2884.0 36.633 0.000
5 2885.0 36.792 0.000
5 2886.0 36.950 0.000
5 2887.0 37.108 0.000
5 2888.0 37.267 0.000
5 2889.0 37.425 0.000
5 2890.0 37.583 0.000
5 2891.0 37.742 0.000
5 2892.0 37.900 0.000
5 2893.0 38.058 0.000
5 2894.0 38.217 0.000
5 2895.0 38.375 0.000
5 2896.0 38.533 0.000
5 2897.0 38.692 0.000
5 2898.0 38.850 0.000
5 2899.0 39.008 0.000
5 2900.0 39.167 0.000
5 2901.0 39.325 0.000
5 2902.0 39.483 0.000
5 2903.0 39.642 0.000
5 2904.0 39.800 0.000
5 2905.0 39.958 0.000
5 2906.0 40.117 0.000
5 2907.0 40.275 0.000
5 2908.0 40.433 0.000
5 2909.0 40.592 0.000
5 2910.0 40.750 0.000
5 2911.0 40.908 0.000
5 2912.0 41.067 0.000
5 2913.0 41.225 0.000
5 2914.0 41.383 0.000
5 2915.0 41.542 0.000
5 2916.0 41.700 0.000
5 2917.0 41.858 0.000
5 2918.0 42.017 0.000
5 2919.0 42.175 0.000
5 2920.0 42.333 0.000
5 2921.0 42.492 0.000
5 2922.0 42.650 0.000
5 2923.0 42.808 0.000
5 2924.0 42.967 0.000
5 2925.0 43.125 0.000
5 2926.0 43.283 0.000
5 2927.0 43.442 0.000
5 2928.0 43.600 0.000
5 2929.0 43.758 0.000
5 2930.0 43.917 0.000
5 2931.0 44.075 0.000
5 2932.0 44.233 0.000
5 2933.0 44.392 0.000
5 2934.0 44.550 0.000
5 2935.0 44.708 0.000
5 2936.0 44.867 0.000
5 2937.0 45.025 0.000
5 2938.0 45.183 0.000
5 2939.0 45.342 0.000
5 2940.0 45.500 0.000
5 2941.0 45.658 0.000
5 2942.0 45.817 0.000
5 2943.0 45.975 0.000
5 2944.0 46.133 0.000
5 2945.0 46.292 0.000
5 2946.0 46.450 0.000
5 2947.0 46.608 0.000
5 2948.0 46.767 0.000
5 2949.0 46.925 0.000
5 2950.0 47.083 0.000
5 2951.0 47.242 0.000
5 2952.0 47.400 0.000
5 2953.0 47.558 0.000
5 2954.0 47.717 0.000
5 2955.0 47.875 0.000
5 2956.0 48.033 0.000
5 2957.0 48.192 0.000
5 2958.0 48.350 0.000
5 2959.0 48.508 0.000
5 2960.0 48.667 0.000
5 2961.0 48.825 0.000
5 2962.0 48.983 0.000
5 2963.0 49.142 0.000
5 2964.0 49.300 0.000
5 2965.0 49.458 0.000
5 2966.0 49.617 0.000
5 2967.0 49.775 0.000
5 2968.0 49.933 0.000
5 2969.0 50.092 0.000
5 2970.0 50.250 0.000
5 2971.0 50.408 0.000
5 2972.0 50.567 0.000
5 2973.0 50.725 0.000
5 2974.0 50.883 0.000
5 2975.0 51.042 0.000
5 2976.0 51.200 0.000
5 2977.0 51.358 0.000
5 2978.0 51.517 0.000
5 2979.0 51.675 0.000
5 2980.0 51.833 0.000
5 2981.0 51.992 0.000
5 2982.0 52.150 0.000
5 2983.0 52.308 0.000
5 2984.0 52.467 0.000
5 2985.0 52.625 0.000
5 2986.0 52.783 0.000
5 2987.0 52.942 0.000
5 2988.0 53.100 0.000
5 2989.0 53.258 0.000
5 2990.0 53.417 0.000
5 2991.0 53.575 0.000
5 2992.0 53.733 0.000
5 2993.0 53.892 0.000
5 2994.0 54.050 0.000
5 2995.0 54.208 0.000
5 2996.0 54.367 0.000
5 2997.0 54.525 0.000
5 2998.0 54.683 0.000
5 2999.0 54.842 0.000
5 3000.0 55.000 0.000
5 3001.0 55.158 0.000
5 3002.0 55.317 0.000
5 3003.0 55.475 0.000
5 3004.0 55.633 0.000
5 3005.0 55.792 0.000
5 3006.0 55.950 0.000
5 3007.0 56.108 0.000
5 3008.0 56.267 0.000
5 3009.0 56.425 0.000
5 3010.0 56.583 0.000
5 3011.0 56.742 0.000
5 3012.0 56.900 0.000
5 3013.0 57.058 0.000
5 3014.0 57.217 0.000
5 3015.0 57.375 0.000
5 3016.0 57.533 0.000
5 3017.0 57.692 0.000
5 3018.0 57.850 0.000
5 3019.0 58.008 0.000
5 3020.0 58.167 0.000
5 3021.0 58.325 0.000
5 3022.0 58.483 0.000
5 3023.0 58.642 0.000
5 3024.0 58.800 0.000
5 3025.0 58.958 0.000
5 3026.0 59.117 0.000
5 3027.0 59.275 0.000
5 3028.0 59.433 0.000
5 3029.0 59.592 0.000
5 3030.0 59.750 0.000
5 3031.0 59.908 0.000
5 3032.0 60.067 0.000
5 3033.0 60.225 0.000
5 3034.0 60.383 0.000
5 3035.0 60.542 0.000
5 3036.0 60.700 0.000
5 3037.0 60.858 0.000
5 3038.0 61.017 0.000
5 3039.0 61.175 0.000
5 3040.0 61.333 0.000
5 3041.0 61.492 0.000
5 3042.0 61.650 0.000
5 3043.0 61.808 0.000
5 3044.0 61.967 0.000
5 3045.0 62.125 0.000
5 3046.0 62.283 0.000
5 3047.0 62.442 0.000
5 3048.0 62.600 0.000
5 3049.0 62.758 0.000
5 3050.0 62.917 0.000
5 3051.0 63.075 0.000
5 3052.0 63.233 0.000
5 3053.0 63.392 0.000
5 3054.0 63.550 0.000
5 3055.0 63.708 0.000
5 3056.0 63.867 0.000
5 3057.0 64.025 0.000
5 3058.0 64.183 0.000
5 3059.0 64.342 0.000
5 3060.0 64.500 0.000
5 3061.0 64.658 0.000
5 3062.0 64.817 0.000
5 3063.0 64.975 0.000
5 3064.0 65.133 0.000
5 3065.0 65.292 0.000
5 3066.0 65.450 0.000
5 3067.0 65.608 0.000
5 3068.0 65.767 0.000
5 3069.0 65.925 0.000
5 3070.0 66.083 0.000
5 3071.0 66.242 0.000
5 3072.0 66.400 0.000
5 3073.0 66.558 0.000
5 3074.0 66.717 0.000
5 3075.0 66.875 0.000
5 3076.0 67.033 0.000
5 3077.0 67.192 0.000
5 3078.0 67.350 0.000
5 3079.0 67.508 0.000
5 3080.0 67.667 0.000
5 3081.0 67.825 0.000
5 3082.0 67.983 0.000
5 3083.0 68.142 0.000
5 3084.0 68.300 0.000
5 3085.0 68.458 0.000
5 3086.0 68.617 0.000
5 3087.0 68.775 0.000
5 3088.0 68.933 0.000
5 3089.0 69.092 0.000
5 3090.0 69.250 0.000
5 3091.0 69.408 0.000
5 3092.0 69.567 0.000
5 3093.0 69.725 0.000
5 3094.0 69.883 0.000
5 3095.0 70.042 0.000
5 3096.0 70.200 0.000
5 3097.0 70.358 0.000
5 3098.0 70.517 0.000
5 3099.0 70.675 0.000
5 3100.0 70.833 0.000
5 3101.0 70.992 0.000
5 3102.0 71.150 0.000
5 3103.0 71.308 0.000
5 3104.0 71.467 0.000
5 3105.0 71.625 0.000
5 3106.0 71.783 0.000
5 3107.0 71.942 0.000
5 3108.0 72.100 0.000
5 3109.0 72.258 0.000
5 3110.0 72.417 0.000
5 3111.0 72.575 0.000
5 3112.0 72.733 0.000
5 3113.0 72.892 0.000
5 3114.0 73.050 0.000
5 3115.0 73.208 0.000
5 3116.0 73.367 0.000
5 3117.0 73.525 0.000
5 3118.0 73.683 0.000
5 3119.0 73.842 0.000
5 3120.0 74.000 0.000
5 3121.0 74.158 0.000
5 3122.0 74.317 0.000
5 3123.0 74.475 0.000
5 3124.0 74.633 0.000
5 3125.0 74.792 0.000
5 3126.0 74.950 0.000
5 3127.0 75.108 0.000
5 3128.0 75.267 0.000
5 3129.0 75.425 0.000
5 3130.0 75.583 0.000
5 3131.0 75.742 0.000
5 3132.0 75.900 0.000
5 3133.0 76.058 0.000
5 3134.0 76.217 0.000
5 3135.0 76.375 0.000
5 3136.0 76.533 0.000
5 3137.0 76.692 0.000
5 3138.0 76.850 0.000
5 3139.0 77.008 0.000
5 3140.0 77.167 0.000
5 3141.0 77.325 0.000
5 3142.0 77.483 0.000
5 3143.0 77.642 0.000
5 3144.0 77.800 0.000
5 3145.0 77.958 0.000
5 3146.0 78.117 0.000
5 3147.0 78.275 0.000
5 3148.0 78.433 0.000
5 3149.0 78.592 0.000
5 3150.0 78.750 0.000
5 3151.0 78.908 0.000
5 3152.0 79.067 0.000
5 3153.0 79.225 0.000
5 3154.0 79.383 0.000
5 3155.0 79.542 0.000
5 3156.0 79.700 0.000
5 3157.0 79.858 0.000
5 3158.0 80.017 0.000
5 3159.0 80.175 0.000
5 3160.0 80.333 0.000
5 3161.0 80.492 0.000
5 3162.0 80.650 0.000
5 3163.0 80.808 0.000
5 3164.0 80.967 0.000
5 3165.0 81.125 0.000
5 3166.0 81.283 0.000
5 3167.0 81.442 0.000
5 3168.0 81.600 0.000
5 3169.0 81.758 0.000
5 3170.0 81.917 0.000
5 3171.0 82.075 0.000
5 3172.0 82.233 0.000
5 3173.0 82.392 0.000
5 3174.0 82.550 0.000
5 3175.0 82.708 0.000
5 3176.0 82.867 0.000
5 3177.0 83.025 0.000
5 3178.0 83.183 0.000
5 3179.0 83.342 0.000
5 3180.0 83.500 0.000
5 3181.0 83.658 0.000
5 3182.0 83.817 0.000
5 3183.0 83.975 0.000
5 3184.0 84.133 0.000
5 3185.0 84.292 0.000
5 3186.0 84.450 0.000
5 3187.0 84.608 0.000
5 3188.0 84.767 0.000
5 3189.0 84.925 0.000
5 3190.0 85.083 0.000
5 3191.0 85.242 0.000
5 3192.0 85.400 0.000
5 3193.0 85.558 0.000
5 3194.0 85.717 0.000
5 3195.0 85.875 0.000
5 3196.0 86.033 0.000
5 3197.0 86.192 0.000
5 3198.0 86.350 0.000
5 3199.0 86.508 0.000
5 3200.0 86.667 0.000
5 3201.0 86.825 0.000
5 3202.0 86.983 0.000
5 3203.0 87.142 0.000
5 3204.0 87.300 0.000
5 3205.0 87.458 0.000
5 3206.0 87.617 0.000
5 3207.0 87.775 0.000
5 3208.0 87.933 0.000
5 3209.0 88.092 0.000
5 3210.0 88.250 0.000
5 3211.0 88.408 0.000
5 3212.0 88.567 0.000
5 3213.0 88.725 0.000
5 3214.0 88.883 0.000
5 3215.0 89.042 0.000
5 3216.0 89.200 0.000
5 3217.0 89.358 0.000
5 3218.0 89.517 0.000
5 3219.0 89.675 0.000
5 3220.0 89.833 0.000
5 3221.0 89.992 0.000
5 3222.0 90.150 0.000
5 3223.0 90.308 0.000
5 3224.0 90.467 0.000
5 3225.0 90.625 0.000
5 3226.0 90.783 0.000
5 3227.0 90.942 0.000
5 3228.0 91.100 0.000
5 3229.0 91.258 0.000
5 3230.0 91.417 0.000
5 3231.0 91.575 0.000
5 3232.0 91.733 0.000
5 3233.0 91.892 0.000
5 3234.0 92.050 0.000
5 3235.0 92.208 0.000
5 3236.0 92.367 0.000
5 3237.0 92.525 0.000
5 3238.0 92.683 0.000
5 3239.0 92.842 0.000
5 3240.0 93.000 0.000
5 3241.0 93.158 0.000
5 3242.0 93.317 0.000
5 3243.0 93.475 0.000
5 3244.0 93.633 0.000
5 3245.0 93.792 0.000
5 3246.0 93.950 0.000
5 3247.0 94.108 0.000
5 3248.0 94.267 0.000
5 3249.0 94.425 0.000
5 3250.0 94.583 0.000
5 3251.0 94.742 0.000
5 3252.0 94.900 0.000
5 3253.0 95.058 0.000
5 3254.0 95.217 0.000
5 3255.0 95.375 0.000
5 3256.0 95.533 0.000
5 3257.0 95.692 0.000
5 3258.0 95.850 0.000
5 3259.0 96.008 0.000
5 3260.0 96.167 0.000
5 3261.0 96.325 0.000
5 3262.0 96.483 0.000
5 3263.0 96.642 0.000
5 3264.0 96.800 0.000
5 3265.0 96.958 0.000
5 3266.0 97.117 0.000
5 3267.0 97.275 0.000
5 3268.0 97.433 0.000
5 3269.0 97.592 0.000
5 3270.0 97.750 0.000
5 3271.0 97.908 0.000
5 3272.0 98.067 0.000
5 3273.0 98.225 0.000
5 3274.0 98.383 0.000
5 3275.0 98.542 0.000
5 3276.0 98.700 0.000
5 3277.0 98.858 0.000
5 3278.0 99.017 0.000
5 3279.0 99.175 0.000
5 3280.0 99.333 0.000
5 3281.0 99.492 0.000
5 3282.0 99.650 0.000
5 3283.0 99.808 0.000
5 3284.0 99.967 0.000
5 3285.0 100.125 0.000
5 3286.0 100.283 0.000
5 3287.0 100.442 0.000
5 3288.0 100.600 0.000
5 3289.0 100.758 0.000
5 3290.0 100.917 0.000
5 3291.0 101.075 0.000
5 3292.0 101.233 0.000
5 3293.0 101.392 0.000
5 3294.0 101.550 0.000
5 3295.0 101.708 0.000
5 3296.0 101.867 0.000
5 3297.0 102.025 0.000
5 3298.0 102.183 0.000
5 3299.0 102.342 0.000
5 3300.0 102.500 0.000
5 3301.0 102.658 0.000
5 3302.0 102.817 0.000
5 3303.0 102.975 0.000
5 3304.0 103.133 0.000
5 3305.0 103.292 0.000
5 3306.0 103.450 0.000
5 3307.0 103.608 0.000
5 3308.0 103.767 0.000
5 3309.0 103.925 0.000
5 3310.0 104.083 0.000
5 3311.0 104.242 0.000
5 3312.0 104.400 0.000
5 3313.0 104.558 0.000
5 3314.0 104.717 0.000
5 3315.0 104.875 0.000
5 3316.0 105.033 0.000
5 3317.0 105.192 0.000
5 3318.0 105.350 0.000
5 3319.0 105.508 0.000
5 3320.0 105.667 0.000
5 3321.0 105.825 0.000
5 3322.0 105.983 0.000
5 3323.0 106.142 0.000
5 3324.0 106.300 0.000
5 3325.0 106.458 0.000
5 3326.0 106.617 0.000
5 3327.0 106.775 0.000
5 3328.0 106.933 0.000
5 3329.0 107.092 0.000
5 3330.0 107.250 0.000
5 3331.0 107.408 0.000
5 3332.0 107.567 0.000
5 3333.0 107.725 0.000
5 3334.0 107.883 0.000
5 3335.0 108.042 0.000
5 3336.0 108.200 0.000
5 3337.0 108.358 0.000
5 3338.0 108.517 0.000
5 3339.0 108.675 0.000
5 3340.0 108.833 0.000
5 3341.0 108.992 0.000
5 3342.0 109.150 0.000
5 3343.0 109.308 0.000
5 3344.0 109.467 0.000
5 3345.0 109.625 0.000
5 3346.0 109.783 0.000
5 3347.0 109.942 0.000
5 3348.0 110.100 0.000
5 3349.0 110.258 0.000
5 3350.0 110.417 0.000
5 3351.0 110.575 0.000
5 3352.0 110.733 0.000
5 3353.0 110.892 0.000
5 3354.0 111.050 0.000
5 3355.0 111.208 0.000
5 3356.0 111.367 0.000
5 3357.0 111.525 0.000
5 3358.0 111.683 0.000
5 3359.0 111.842 0.000
5 3360.0 112.000 0.000
5 3361.0 112.158 0.000
5 3362.0 112.317 0.000
5 3363.0 112.475 0.000
5 3364.0 112.633 0.000
5 3365.0 112.792 0.000
5 3366.0 112.950 0.000
5 3367.0 113.108 0.000
5 3368.0 113.267 0.000
5 3369.0 113.425 0.000
5 3370.0 113.583 0.000
5 3371.0 113.742 0.000
5 3372.0 113.900 0.000
5 3373.0 114.058 0.000
5 3374.0 114.217 0.000
5 3375.0 114.375 0.000
5 3376.0 114.533 0.000
5 3377.0 114.692 0.000
5 3378.0 114.850 0.000
5 3379.0 115.008 0.000
5 3380.0 115.167 0.000
5 3381.0 115.325 0.000
5 3382.0 115.483 0.000
5 3383.0 115.642 0.000
5 3384.0 115.800 0.000
5 3385.0 115.958 0.000
5 3386.0 116.117 0.000
5 3387.0 116.275 0.000
5 3388.0 116.433 0.000
5 3389.0 116.592 0.000
5 3390.0 116.750 0.000
5 3391.0 116.908 0.000
5 3392.0 117.067 0.000
5 3393.0 117.225 0.000
5 3394.0 117.383 0.000
5 3395.0 117.542 0.000
5 3396.0 117.700 0.000
5 3397.0 117.858 0.000
5 3398.0 118.017 0.000
5 3399.0 118.175 0.000
5 3400.0 118.333 0.000
5 3401.0 118.492 0.000
5 3402.0 118.650 0.000
5 3403.0 118.808 0.000
5 3404.0 118.967 0.000
5 3405.0 119.125 0.000
5 3406.0 119.283 0.000
5 3407.0 119.442 0.000
5 3408.0 119.600 0.000
5 3409.0 119.758 0.000
5 3410.0 119.917 0.000
5 3411.0 120.075 0.000
5 3412.0 120.233 0.000
5 3413.0 120.392 0.000
5 3414.0 120.550 0.000
5 3415.0 120.708 0.000
5 3416.0 120.867 0.000
5 3417.0 121.025 0.000
5 3418.0 121.183 0.000
5 3419.0 121.342 0.000
5 3420.0 121.500 0.000
5 3421.0 121.658 0.000
5 3422.0 121.817 0.000
5 3423.0 121.975 0.000
5 3424.0 122.133 0.000
5 3425.0 122.292 0.000
5 3426.0 122.450 0.000
5 3427.0 122.608 0.000
5 3428.0 122.767 0.000
5 3429.0 122.925 0.000
5 3430.0 123.083 0.000
5 3431.0 123.242 0.000
5 3432.0 123.400 0.000
5 3433.0 123.558 0.000
5 3434.0 123.717 0.000
5 3435.0 123.875 0.000
5 3436.0 124.033 0.000
5 3437.0 124.192 0.000
5 3438.0 124.350 0.000
5 3439.0 124.508 0.000
5 3440.0 124.667 0.000
5 3441.0 124.825 0.000
5 3442.0 124.983 0.000
5 3443.0 125.142 0.000
5 3444.0 125.300 0.000
5 3445.0 125.458 0.000
5 3446.0 125.617 0.000
5 3447.0 125.775 0.000
5 3448.0 125.933 0.000
5 3449.0 126.092 0.000
5 3450.0 126.250 0.000
5 3451.0 126.408 0.000
5 3452.0 126.567 0.000
5 3453.0 126.725 0.000
5 3454.0 126.883 0.000
5 3455.0 127.042 0.000
5 3456.0 127.200 0.000
5 3457.0 127.358 0.000
5 3458.0 127.517 0.000
5 3459.0 127.675 0.000
5 3460.0 127.833 0.000
5 3461.0 127.992 0.000
5 3462.0 128.150 0.000
5 3463.0 128.308 0.000
5 3464.0 128.467 0.000
5 3465.0 128.625 0.000
5 3466.0 128.783 0.000
5 3467.0 128.942 0.000
5 3468.0 129.100 0.000
5 3469.0 129.258 0.000
5 3470.0 129.417 0.000
5 3471.0 129.575 0.000
5 3472.0 129.733 0.000
5 3473.0 129.892 0.000
5 3474.0 130.050 0.000
5 3475.0 130.208 0.000
5 3476.0 130.367 0.000
5 3477.0 130.525 0.000
5 3478.0 130.683 0.000
5 3479.0 130.842 0.000
5 3480.0 131.000 0.000
5 3481.0 131.158 0.000
5 3482.0 131.317 0.000
5 3483.0 131.475 0.000
5 3484.0 131.633 0.000
5 3485.0 131.792 0.000
5 3486.0 131.950 0.000
5 3487.0 132.108 0.000
5 3488.0 132.267 0.000
5 3489.0 132.425 0.000
5 3490.0 132.583 0.000
5 3491.0 132.742 0.000
5 3492.0 132.900 0.000
5 3493.0 133.058 0.000
5 3494.0 133.217 0.000
5 3495.0 133.375 0.000
5 3496.0 133.533 0.000
5 3497.0 133.692 0.000
5 3498.0 133.850 0.000
5 3499.0 134.008 0.000
5 3500.0 134.167 0.000
5 3501.0 134.325 0.000
5 3502.0 134.483 0.000
5 3503.0 134.642 0.000
5 3504.0 134.800 0.000
5 3505.0 134.958 0.000
5 3506.0 135.117 0.000
5 3507.0 135.275 0.000
5 3508.0 135.433 0.000
5 3509.0 135.592 0.000
5 3510.0 135.750 0.000
5 3511.0 135.908 0.000
5 3512.0 136.067 0.000
5 3513.0 136.225 0.000
5 3514.0 136.383 0.000
5 3515.0 136.542 0.000
5 3516.0 136.700 0.000
5 3517.0 136.858 0.000
5 3518.0 137.017 0.000
5 3519.0 137.175 0.000
5 3520.0 137.333 0.000
5 3521.0 137.492 0.000
5 3522.0 137.650 0.000
5 3523.0 137.808 0.000
5 3524.0 137.967 0.000
5 3525.0 138.125 0.000
5 3526.0 138.283 0.000
5 3527.0 138.442 0.000
5 3528.0 138.600 0.000
5 3529.0 138.758 0.000
5 3530.0 138.917 0.000
5 3531.0 139.075 0.000
5 3532.0 139.233 0.000
5 3533.0 139.392 0.000
5 3534.0 139.550 0.000
5 3535.0 139.708 0.000
5 3536.0 139.867 0.000
5 3537.0 140.025 0.000
5 3538.0 140.183 0.000
5 3539.0 140.342 0.000
5 3540.0 140.500 0.000
5 3541.0 140.658 0.000
5 3542.0 140.817 0.000
5 3543.0 140.975 0.000
5 3544.0 141.133 0.000
5 3545.0 141.292 0.000
5 3546.0 141.450 0.000
5 3547.0 141.608 0.000
5 3548.0 141.767 0.000
5 3549.0 141.925 0.000
5 3550.0 142.083 0.000
5 3551.0 142.242 0.000
5 3552.0 142.400 0.000
5 3553.0 142.558 0.000
5 3554.0 142.717 0.000
5 3555.0 142.875 0.000
5 3556.0 143.033 0.000
5 3557.0 143.192 0.000
5 3558.0 143.350 0.000
5 3559.0 143.508 0.000
5 3560.0 143.667 0.000
5 3561.0 143.825 0.000
5 3562.0 143.983 0.000
5 3563.0 144.142 0.000
5 3564.0 144.300 0.000
5 3565.0 144.458 0.000
5 3566.0 144.617 0.000
5 3567.0 144.775 0.000
5 3568.0 144.933 0.000
5 3569.0 145.092 0.000
5 3570.0 145.250 0.000
5 3571.0 145.408 0.000
5 3572.0 145.567 0.000
5 3573.0 145.725 0.000
5 3574.0 145.883 0.000
5 3575.0 146.042 0.000
5 3576.0 146.200 0.000
5 3577.0 146.358 0.000
5 3578.0 146.517 0.000
5 3579.0 146.675 0.000
5 3580.0 146.833 0.000
5 3581.0 146.992 0.000
5 3582.0 147.150 0.000
5 3583.0 147.308 0.000
5 3584.0 147.467 0.000
5 3585.0 147.625 0.000
5 3586.0 147.783 0.000
5 3587.0 147.942 0.000
5 3588.0 148.100 0.000
5 3589.0 148.258 0.000
5 3590.0 148.417 0.000
5 3591.0 148.575 0.000
5 3592.0 148.733 0.000
5 3593.0 148.892 0.000
5 3594.0 149.050 0.000
5 3595.0 149.208 0.000
5 3596.0 149.367 0.000
5 3597.0 149.525 0.000
5 3598.0 149.683 0.000
5 3599.0 149.842 0.000
5 3600.0 150.000 0.000
