# Cooja mobility data: random40node LOW coverage
# Mobile sink: mote 5 in Cooja (id 4 = 0-indexed for mobility plugin)
# Start position: (14.2, 139.68)
# Path length: 324.48 m
# Total simulation time: 3600 s (1 hour)
# No static phase; mobile sink starts moving at t=0
# Speed: 0.0901 m/s (trajectory completes in exactly 1 hour)
# Format: <node_id> <time_s> <x_m> <y_m>
4 0.0 14.200 139.680
4 1.0 14.290 139.680
4 2.0 14.380 139.680
4 3.0 14.470 139.680
4 4.0 14.561 139.680
4 5.0 14.651 139.680
4 6.0 14.741 139.680
4 7.0 14.831 139.680
4 8.0 14.921 139.680
4 9.0 15.011 139.680
4 10.0 15.101 139.680
4 11.0 15.191 139.680
4 12.0 15.282 139.680
4 13.0 15.372 139.680
4 14.0 15.462 139.680
4 15.0 15.552 139.680
4 16.0 15.642 139.680
4 17.0 15.732 139.680
4 18.0 15.822 139.680
4 19.0 15.913 139.680
4 20.0 16.003 139.680
4 21.0 16.093 139.680
4 22.0 16.183 139.680
4 23.0 16.273 139.680
4 24.0 16.363 139.680
4 25.0 16.453 139.680
4 26.0 16.543 139.680
4 27.0 16.634 139.680
4 28.0 16.724 139.680
4 29.0 16.814 139.680
4 30.0 16.904 139.680
4 31.0 16.994 139.680
4 32.0 17.084 139.680
4 33.0 17.174 139.680
4 34.0 17.265 139.680
4 35.0 17.355 139.680
4 36.0 17.445 139.680
4 37.0 17.535 139.680
4 38.0 17.625 139.680
4 39.0 17.715 139.680
4 40.0 17.805 139.680
4 41.0 17.895 139.680
4 42.0 17.986 139.680
4 43.0 18.076 139.680
4 44.0 18.166 139.680
4 45.0 18.256 139.680
4 46.0 18.346 139.680
4 47.0 18.436 139.680
4 48.0 18.526 139.680
4 49.0 18.617 139.680
4 50.0 18.707 139.680
4 51.0 18.797 139.680
4 52.0 18.887 139.680
4 53.0 18.977 139.680
4 54.0 19.067 139.680
4 55.0 19.157 139.680
4 56.0 19.247 139.680
4 57.0 19.338 139.680
4 58.0 19.428 139.680
4 59.0 19.518 139.680
4 60.0 19.608 139.680
4 61.0 19.698 139.680
4 62.0 19.788 139.680
4 63.0 19.878 139.680
4 64.0 19.969 139.680
4 65.0 20.059 139.680
4 66.0 20.149 139.680
4 67.0 20.239 139.680
4 68.0 20.329 139.680
4 69.0 20.419 139.680
4 70.0 20.509 139.680
4 71.0 20.599 139.680
4 72.0 20.690 139.680
4 73.0 20.780 139.680
4 74.0 20.870 139.680
4 75.0 20.960 139.680
4 76.0 21.050 139.680
4 77.0 21.140 139.680
4 78.0 21.230 139.680
4 79.0 21.321 139.680
4 80.0 21.411 139.680
4 81.0 21.501 139.680
4 82.0 21.591 139.680
4 83.0 21.681 139.680
4 84.0 21.771 139.680
4 85.0 21.861 139.680
4 86.0 21.951 139.680
4 87.0 22.042 139.680
4 88.0 22.132 139.680
4 89.0 22.222 139.680
4 90.0 22.312 139.680
4 91.0 22.402 139.680
4 92.0 22.492 139.680
4 93.0 22.582 139.680
4 94.0 22.673 139.680
4 95.0 22.763 139.680
4 96.0 22.853 139.680
4 97.0 22.943 139.680
4 98.0 23.033 139.680
4 99.0 23.123 139.680
4 100.0 23.213 139.680
4 101.0 23.303 139.680
4 102.0 23.394 139.680
4 103.0 23.484 139.680
4 104.0 23.574 139.680
4 105.0 23.664 139.680
4 106.0 23.754 139.680
4 107.0 23.844 139.680
4 108.0 23.934 139.680
4 109.0 24.025 139.680
4 110.0 24.115 139.680
4 111.0 24.205 139.680
4 112.0 24.295 139.680
4 113.0 24.385 139.680
4 114.0 24.475 139.680
4 115.0 24.565 139.680
4 116.0 24.655 139.680
4 117.0 24.746 139.680
4 118.0 24.836 139.680
4 119.0 24.926 139.680
4 120.0 25.016 139.680
4 121.0 25.106 139.680
4 122.0 25.196 139.680
4 123.0 25.286 139.680
4 124.0 25.377 139.680
4 125.0 25.467 139.680
4 126.0 25.557 139.680
4 127.0 25.647 139.680
4 128.0 25.737 139.680
4 129.0 25.827 139.680
4 130.0 25.917 139.680
4 131.0 26.007 139.680
4 132.0 26.098 139.680
4 133.0 26.188 139.680
4 134.0 26.278 139.680
4 135.0 26.368 139.680
4 136.0 26.458 139.680
4 137.0 26.548 139.680
4 138.0 26.638 139.680
4 139.0 26.729 139.680
4 140.0 26.819 139.680
4 141.0 26.909 139.680
4 142.0 26.999 139.680
4 143.0 27.089 139.680
4 144.0 27.179 139.680
4 145.0 27.269 139.680
4 146.0 27.359 139.680
4 147.0 27.450 139.680
4 148.0 27.540 139.680
4 149.0 27.630 139.680
4 150.0 27.720 139.680
4 151.0 27.810 139.680
4 152.0 27.900 139.680
4 153.0 27.990 139.680
4 154.0 28.081 139.680
4 155.0 28.171 139.680
4 156.0 28.261 139.680
4 157.0 28.351 139.680
4 158.0 28.441 139.680
4 159.0 28.531 139.680
4 160.0 28.621 139.680
4 161.0 28.711 139.680
4 162.0 28.802 139.680
4 163.0 28.892 139.680
4 164.0 28.982 139.680
4 165.0 29.072 139.680
4 166.0 29.162 139.680
4 167.0 29.252 139.680
4 168.0 29.342 139.680
4 169.0 29.433 139.680
4 170.0 29.523 139.680
4 171.0 29.613 139.680
4 172.0 29.703 139.680
4 173.0 29.793 139.680
4 174.0 29.883 139.680
4 175.0 29.973 139.680
4 176.0 30.063 139.680
4 177.0 30.154 139.680
4 178.0 30.244 139.680
4 179.0 30.334 139.680
4 180.0 30.424 139.680
4 181.0 30.514 139.680
4 182.0 30.604 139.680
4 183.0 30.694 139.680
4 184.0 30.785 139.680
4 185.0 30.875 139.680
4 186.0 30.965 139.680
4 187.0 31.055 139.680
4 188.0 31.145 139.680
4 189.0 31.235 139.680
4 190.0 31.325 139.680
4 191.0 31.415 139.680
4 192.0 31.506 139.680
4 193.0 31.596 139.680
4 194.0 31.686 139.680
4 195.0 31.776 139.680
4 196.0 31.866 139.680
4 197.0 31.956 139.680
4 198.0 32.046 139.680
4 199.0 32.137 139.680
4 200.0 32.227 139.680
4 201.0 32.317 139.680
4 202.0 32.407 139.680
4 203.0 32.497 139.680
4 204.0 32.587 139.680
4 205.0 32.677 139.680
4 206.0 32.767 139.680
4 207.0 32.858 139.680
4 208.0 32.948 139.680
4 209.0 33.038 139.680
4 210.0 33.128 139.680
4 211.0 33.218 139.680
4 212.0 33.308 139.680
4 213.0 33.398 139.680
4 214.0 33.489 139.680
4 215.0 33.579 139.680
4 216.0 33.669 139.680
4 217.0 33.759 139.680
4 218.0 33.849 139.680
4 219.0 33.939 139.680
4 220.0 34.029 139.680
4 221.0 34.119 139.680
4 222.0 34.210 139.680
4 223.0 34.300 139.680
4 224.0 34.390 139.680
4 225.0 34.480 139.680
4 226.0 34.570 139.680
4 227.0 34.660 139.680
4 228.0 34.750 139.680
4 229.0 34.841 139.680
4 230.0 34.931 139.680
4 231.0 35.021 139.680
4 232.0 35.111 139.680
4 233.0 35.201 139.680
4 234.0 35.291 139.680
4 235.0 35.381 139.680
4 236.0 35.471 139.680
4 237.0 35.562 139.680
4 238.0 35.652 139.680
4 239.0 35.742 139.680
4 240.0 35.832 139.680
4 241.0 35.922 139.680
4 242.0 36.012 139.680
4 243.0 36.102 139.680
4 244.0 36.193 139.680
4 245.0 36.283 139.680
4 246.0 36.373 139.680
4 247.0 36.463 139.680
4 248.0 36.553 139.680
4 249.0 36.643 139.680
4 250.0 36.733 139.680
4 251.0 36.823 139.680
4 252.0 36.914 139.680
4 253.0 37.004 139.680
4 254.0 37.094 139.680
4 255.0 37.184 139.680
4 256.0 37.274 139.680
4 257.0 37.364 139.680
4 258.0 37.454 139.680
4 259.0 37.545 139.680
4 260.0 37.635 139.680
4 261.0 37.725 139.680
4 262.0 37.815 139.680
4 263.0 37.905 139.680
4 264.0 37.995 139.680
4 265.0 38.085 139.680
4 266.0 38.175 139.680
4 267.0 38.266 139.680
4 268.0 38.356 139.680
4 269.0 38.446 139.680
4 270.0 38.536 139.680
4 271.0 38.626 139.680
4 272.0 38.716 139.680
4 273.0 38.806 139.680
4 274.0 38.897 139.680
4 275.0 38.987 139.680
4 276.0 39.077 139.680
4 277.0 39.167 139.680
4 278.0 39.257 139.680
4 279.0 39.347 139.680
4 280.0 39.437 139.680
4 281.0 39.527 139.680
4 282.0 39.618 139.680
4 283.0 39.708 139.680
4 284.0 39.798 139.680
4 285.0 39.888 139.680
4 286.0 39.978 139.680
4 287.0 40.068 139.680
4 288.0 40.158 139.680
4 289.0 40.249 139.680
4 290.0 40.339 139.680
4 291.0 40.429 139.680
4 292.0 40.519 139.680
4 293.0 40.609 139.680
4 294.0 40.699 139.680
4 295.0 40.789 139.680
4 296.0 40.879 139.680
4 297.0 40.970 139.680
4 298.0 41.060 139.680
4 299.0 41.150 139.680
4 300.0 41.240 139.680
4 301.0 41.330 139.680
4 302.0 41.420 139.680
4 303.0 41.510 139.680
4 304.0 41.601 139.680
4 305.0 41.691 139.680
4 306.0 41.781 139.680
4 307.0 41.871 139.680
4 308.0 41.961 139.680
4 309.0 42.051 139.680
4 310.0 42.141 139.680
4 311.0 42.231 139.680
4 312.0 42.322 139.680
4 313.0 42.412 139.680
4 314.0 42.502 139.680
4 315.0 42.592 139.680
4 316.0 42.682 139.680
4 317.0 42.772 139.680
4 318.0 42.862 139.680
4 319.0 42.953 139.680
4 320.0 43.043 139.680
4 321.0 43.133 139.680
4 322.0 43.223 139.680
4 323.0 43.313 139.680
4 324.0 43.403 139.680
4 325.0 43.493 139.680
4 326.0 43.583 139.680
4 327.0 43.674 139.680
4 328.0 43.764 139.680
4 329.0 43.854 139.680
4 330.0 43.944 139.680
4 331.0 44.034 139.680
4 332.0 44.124 139.680
4 333.0 44.214 139.680
4 334.0 44.305 139.680
4 335.0 44.395 139.680
4 336.0 44.485 139.680
4 337.0 44.575 139.680
4 338.0 44.665 139.680
4 339.0 44.755 139.680
4 340.0 44.845 139.680
4 341.0 44.935 139.680
4 342.0 45.026 139.680
4 343.0 45.116 139.680
4 344.0 45.206 139.680
4 345.0 45.296 139.680
4 346.0 45.386 139.680
4 347.0 45.476 139.680
4 348.0 45.566 139.680
4 349.0 45.657 139.680
4 350.0 45.747 139.680
4 351.0 45.837 139.680
4 352.0 45.927 139.680
4 353.0 46.017 139.680
4 354.0 46.107 139.680
4 355.0 46.197 139.680
4 356.0 46.287 139.680
4 357.0 46.378 139.680
4 358.0 46.468 139.680
4 359.0 46.558 139.680
4 360.0 46.648 139.680
4 361.0 46.738 139.680
4 362.0 46.828 139.680
4 363.0 46.918 139.680
4 364.0 47.009 139.680
4 365.0 47.099 139.680
4 366.0 47.189 139.680
4 367.0 47.279 139.680
4 368.0 47.369 139.680
4 369.0 47.459 139.680
4 370.0 47.549 139.680
4 371.0 47.639 139.680
4 372.0 47.730 139.680
4 373.0 47.820 139.680
4 374.0 47.910 139.680
4 375.0 48.000 139.680
4 376.0 48.090 139.680
4 377.0 48.180 139.680
4 378.0 48.270 139.680
4 379.0 48.361 139.680
4 380.0 48.451 139.680
4 381.0 48.541 139.680
4 382.0 48.631 139.680
4 383.0 48.721 139.680
4 384.0 48.811 139.680
4 385.0 48.901 139.680
4 386.0 48.991 139.680
4 387.0 49.082 139.680
4 388.0 49.172 139.680
4 389.0 49.262 139.680
4 390.0 49.352 139.680
4 391.0 49.442 139.680
4 392.0 49.532 139.680
4 393.0 49.622 139.680
4 394.0 49.713 139.680
4 395.0 49.803 139.680
4 396.0 49.893 139.680
4 397.0 49.983 139.680
4 398.0 50.073 139.680
4 399.0 50.163 139.680
4 400.0 50.253 139.680
4 401.0 50.343 139.680
4 402.0 50.434 139.680
4 403.0 50.524 139.680
4 404.0 50.614 139.680
4 405.0 50.704 139.680
4 406.0 50.794 139.680
4 407.0 50.884 139.680
4 408.0 50.974 139.680
4 409.0 51.065 139.680
4 410.0 51.155 139.680
4 411.0 51.245 139.680
4 412.0 51.335 139.680
4 413.0 51.425 139.680
4 414.0 51.515 139.680
4 415.0 51.605 139.680
4 416.0 51.695 139.680
4 417.0 51.786 139.680
4 418.0 51.876 139.680
4 419.0 51.966 139.680
4 420.0 52.056 139.680
4 421.0 52.146 139.680
4 422.0 52.236 139.680
4 423.0 52.326 139.680
4 424.0 52.417 139.680
4 425.0 52.507 139.680
4 426.0 52.597 139.680
4 427.0 52.687 139.680
4 428.0 52.777 139.680
4 429.0 52.867 139.680
4 430.0 52.957 139.680
4 431.0 53.047 139.680
4 432.0 53.138 139.680
4 433.0 53.228 139.680
4 434.0 53.318 139.680
4 435.0 53.408 139.680
4 436.0 53.498 139.680
4 437.0 53.588 139.680
4 438.0 53.678 139.680
4 439.0 53.769 139.680
4 440.0 53.859 139.680
4 441.0 53.949 139.680
4 442.0 54.039 139.680
4 443.0 54.129 139.680
4 444.0 54.219 139.680
4 445.0 54.309 139.680
4 446.0 54.399 139.680
4 447.0 54.490 139.680
4 448.0 54.580 139.680
4 449.0 54.670 139.680
4 450.0 54.760 139.680
4 451.0 54.850 139.680
4 452.0 54.940 139.680
4 453.0 55.030 139.680
4 454.0 55.121 139.680
4 455.0 55.211 139.680
4 456.0 55.301 139.680
4 457.0 55.391 139.680
4 458.0 55.481 139.680
4 459.0 55.571 139.680
4 460.0 55.661 139.680
4 461.0 55.751 139.680
4 462.0 55.842 139.680
4 463.0 55.932 139.680
4 464.0 56.022 139.680
4 465.0 56.112 139.680
4 466.0 56.202 139.680
4 467.0 56.292 139.680
4 468.0 56.382 139.680
4 469.0 56.473 139.680
4 470.0 56.563 139.680
4 471.0 56.653 139.680
4 472.0 56.743 139.680
4 473.0 56.833 139.680
4 474.0 56.923 139.680
4 475.0 57.013 139.680
4 476.0 57.103 139.680
4 477.0 57.194 139.680
4 478.0 57.284 139.680
4 479.0 57.374 139.680
4 480.0 57.464 139.680
4 481.0 57.554 139.680
4 482.0 57.644 139.680
4 483.0 57.734 139.680
4 484.0 57.825 139.680
4 485.0 57.915 139.680
4 486.0 58.005 139.680
4 487.0 58.095 139.680
4 488.0 58.185 139.680
4 489.0 58.275 139.680
4 490.0 58.365 139.680
4 491.0 58.455 139.680
4 492.0 58.546 139.680
4 493.0 58.636 139.680
4 494.0 58.726 139.680
4 495.0 58.816 139.680
4 496.0 58.906 139.680
4 497.0 58.996 139.680
4 498.0 59.086 139.680
4 499.0 59.177 139.680
4 500.0 59.267 139.680
4 501.0 59.357 139.680
4 502.0 59.447 139.680
4 503.0 59.537 139.680
4 504.0 59.627 139.680
4 505.0 59.717 139.680
4 506.0 59.807 139.680
4 507.0 59.898 139.680
4 508.0 59.988 139.680
4 509.0 60.078 139.680
4 510.0 60.168 139.680
4 511.0 60.258 139.680
4 512.0 60.348 139.680
4 513.0 60.438 139.680
4 514.0 60.529 139.680
4 515.0 60.619 139.680
4 516.0 60.709 139.680
4 517.0 60.799 139.680
4 518.0 60.889 139.680
4 519.0 60.979 139.680
4 520.0 61.069 139.680
4 521.0 61.159 139.680
4 522.0 61.250 139.680
4 523.0 61.340 139.680
4 524.0 61.430 139.680
4 525.0 61.520 139.680
4 526.0 61.610 139.680
4 527.0 61.700 139.680
4 528.0 61.790 139.680
4 529.0 61.881 139.680
4 530.0 61.971 139.680
4 531.0 62.061 139.680
4 532.0 62.151 139.680
4 533.0 62.241 139.680
4 534.0 62.331 139.680
4 535.0 62.421 139.680
4 536.0 62.511 139.680
4 537.0 62.602 139.680
4 538.0 62.692 139.680
4 539.0 62.782 139.680
4 540.0 62.872 139.680
4 541.0 62.962 139.680
4 542.0 63.052 139.680
4 543.0 63.142 139.680
4 544.0 63.233 139.680
4 545.0 63.323 139.680
4 546.0 63.413 139.680
4 547.0 63.503 139.680
4 548.0 63.593 139.680
4 549.0 63.683 139.680
4 550.0 63.773 139.680
4 551.0 63.863 139.680
4 552.0 63.954 139.680
4 553.0 64.044 139.680
4 554.0 64.134 139.680
4 555.0 64.224 139.680
4 556.0 64.314 139.680
4 557.0 64.404 139.680
4 558.0 64.494 139.680
4 559.0 64.585 139.680
4 560.0 64.675 139.680
4 561.0 64.765 139.680
4 562.0 64.855 139.680
4 563.0 64.945 139.680
4 564.0 65.035 139.680
4 565.0 65.125 139.680
4 566.0 65.215 139.680
4 567.0 65.306 139.680
4 568.0 65.396 139.680
4 569.0 65.486 139.680
4 570.0 65.576 139.680
4 571.0 65.666 139.680
4 572.0 65.756 139.680
4 573.0 65.846 139.680
4 574.0 65.937 139.680
4 575.0 66.027 139.680
4 576.0 66.117 139.680
4 577.0 66.207 139.680
4 578.0 66.297 139.680
4 579.0 66.387 139.680
4 580.0 66.477 139.680
4 581.0 66.567 139.680
4 582.0 66.658 139.680
4 583.0 66.748 139.680
4 584.0 66.838 139.680
4 585.0 66.928 139.680
4 586.0 67.018 139.680
4 587.0 67.108 139.680
4 588.0 67.198 139.680
4 589.0 67.289 139.680
4 590.0 67.379 139.680
4 591.0 67.469 139.680
4 592.0 67.559 139.680
4 593.0 67.649 139.680
4 594.0 67.739 139.680
4 595.0 67.829 139.680
4 596.0 67.919 139.680
4 597.0 68.010 139.680
4 598.0 68.100 139.680
4 599.0 68.190 139.680
4 600.0 68.280 139.680
4 601.0 68.370 139.680
4 602.0 68.460 139.680
4 603.0 68.550 139.680
4 604.0 68.641 139.680
4 605.0 68.731 139.680
4 606.0 68.821 139.680
4 607.0 68.911 139.680
4 608.0 69.001 139.680
4 609.0 69.091 139.680
4 610.0 69.181 139.680
4 611.0 69.271 139.680
4 612.0 69.362 139.680
4 613.0 69.452 139.680
4 614.0 69.542 139.680
4 615.0 69.632 139.680
4 616.0 69.722 139.680
4 617.0 69.812 139.680
4 618.0 69.902 139.680
4 619.0 69.993 139.680
4 620.0 70.083 139.680
4 621.0 70.173 139.680
4 622.0 70.263 139.680
4 623.0 70.353 139.680
4 624.0 70.443 139.680
4 625.0 70.533 139.680
4 626.0 70.623 139.680
4 627.0 70.714 139.680
4 628.0 70.804 139.680
4 629.0 70.894 139.680
4 630.0 70.984 139.680
4 631.0 71.074 139.680
4 632.0 71.164 139.680
4 633.0 71.254 139.680
4 634.0 71.345 139.680
4 635.0 71.435 139.680
4 636.0 71.525 139.680
4 637.0 71.615 139.680
4 638.0 71.705 139.680
4 639.0 71.795 139.680
4 640.0 71.885 139.680
4 641.0 71.975 139.680
4 642.0 72.066 139.680
4 643.0 72.156 139.680
4 644.0 72.246 139.680
4 645.0 72.336 139.680
4 646.0 72.426 139.680
4 647.0 72.516 139.680
4 648.0 72.606 139.680
4 649.0 72.697 139.680
4 650.0 72.787 139.680
4 651.0 72.877 139.680
4 652.0 72.967 139.680
4 653.0 73.057 139.680
4 654.0 73.147 139.680
4 655.0 73.237 139.680
4 656.0 73.327 139.680
4 657.0 73.418 139.680
4 658.0 73.508 139.680
4 659.0 73.598 139.680
4 660.0 73.688 139.680
4 661.0 73.778 139.680
4 662.0 73.868 139.680
4 663.0 73.958 139.680
4 664.0 74.049 139.680
4 665.0 74.139 139.680
4 666.0 74.229 139.680
4 667.0 74.319 139.680
4 668.0 74.409 139.680
4 669.0 74.499 139.680
4 670.0 74.589 139.680
4 671.0 74.679 139.680
4 672.0 74.770 139.680
4 673.0 74.860 139.680
4 674.0 74.950 139.680
4 675.0 75.040 139.680
4 676.0 75.130 139.680
4 677.0 75.220 139.680
4 678.0 75.310 139.680
4 679.0 75.401 139.680
4 680.0 75.491 139.680
4 681.0 75.581 139.680
4 682.0 75.671 139.680
4 683.0 75.761 139.680
4 684.0 75.851 139.680
4 685.0 75.941 139.680
4 686.0 76.031 139.680
4 687.0 76.122 139.680
4 688.0 76.212 139.680
4 689.0 76.302 139.680
4 690.0 76.392 139.680
4 691.0 76.482 139.680
4 692.0 76.572 139.680
4 693.0 76.662 139.680
4 694.0 76.753 139.680
4 695.0 76.843 139.680
4 696.0 76.933 139.680
4 697.0 77.023 139.680
4 698.0 77.113 139.680
4 699.0 77.203 139.680
4 700.0 77.293 139.680
4 701.0 77.383 139.680
4 702.0 77.474 139.680
4 703.0 77.564 139.680
4 704.0 77.654 139.680
4 705.0 77.744 139.680
4 706.0 77.834 139.680
4 707.0 77.924 139.680
4 708.0 78.014 139.680
4 709.0 78.105 139.680
4 710.0 78.195 139.680
4 711.0 78.285 139.680
4 712.0 78.375 139.680
4 713.0 78.465 139.680
4 714.0 78.555 139.680
4 715.0 78.645 139.680
4 716.0 78.735 139.680
4 717.0 78.826 139.680
4 718.0 78.916 139.680
4 719.0 79.006 139.680
4 720.0 79.096 139.680
4 721.0 79.186 139.680
4 722.0 79.276 139.680
4 723.0 79.366 139.680
4 724.0 79.457 139.680
4 725.0 79.547 139.680
4 726.0 79.637 139.680
4 727.0 79.727 139.680
4 728.0 79.817 139.680
4 729.0 79.907 139.680
4 730.0 79.997 139.680
4 731.0 80.087 139.680
4 732.0 80.178 139.680
4 733.0 80.268 139.680
4 734.0 80.358 139.680
4 735.0 80.448 139.680
4 736.0 80.538 139.680
4 737.0 80.628 139.680
4 738.0 80.718 139.680
4 739.0 80.809 139.680
4 740.0 80.899 139.680
4 741.0 80.989 139.680
4 742.0 81.079 139.680
4 743.0 81.169 139.680
4 744.0 81.259 139.680
4 745.0 81.349 139.680
4 746.0 81.439 139.680
4 747.0 81.530 139.680
4 748.0 81.620 139.680
4 749.0 81.710 139.680
4 750.0 81.800 139.680
4 751.0 81.890 139.680
4 752.0 81.980 139.680
4 753.0 82.070 139.680
4 754.0 82.161 139.680
4 755.0 82.251 139.680
4 756.0 82.341 139.680
4 757.0 82.431 139.680
4 758.0 82.521 139.680
4 759.0 82.611 139.680
4 760.0 82.701 139.680
4 761.0 82.791 139.680
4 762.0 82.882 139.680
4 763.0 82.972 139.680
4 764.0 83.062 139.680
4 765.0 83.152 139.680
4 766.0 83.242 139.680
4 767.0 83.332 139.680
4 768.0 83.422 139.680
4 769.0 83.513 139.680
4 770.0 83.603 139.680
4 771.0 83.693 139.680
4 772.0 83.783 139.680
4 773.0 83.873 139.680
4 774.0 83.963 139.680
4 775.0 84.053 139.680
4 776.0 84.143 139.680
4 777.0 84.234 139.680
4 778.0 84.324 139.680
4 779.0 84.414 139.680
4 780.0 84.504 139.680
4 781.0 84.594 139.680
4 782.0 84.684 139.680
4 783.0 84.774 139.680
4 784.0 84.865 139.680
4 785.0 84.955 139.680
4 786.0 85.045 139.680
4 787.0 85.135 139.680
4 788.0 85.225 139.680
4 789.0 85.315 139.680
4 790.0 85.405 139.680
4 791.0 85.495 139.680
4 792.0 85.586 139.680
4 793.0 85.676 139.680
4 794.0 85.766 139.680
4 795.0 85.856 139.680
4 796.0 85.946 139.680
4 797.0 86.036 139.680
4 798.0 86.126 139.680
4 799.0 86.217 139.680
4 800.0 86.307 139.680
4 801.0 86.397 139.680
4 802.0 86.487 139.680
4 803.0 86.577 139.680
4 804.0 86.667 139.680
4 805.0 86.757 139.680
4 806.0 86.847 139.680
4 807.0 86.938 139.680
4 808.0 87.028 139.680
4 809.0 87.118 139.680
4 810.0 87.208 139.680
4 811.0 87.298 139.680
4 812.0 87.388 139.680
4 813.0 87.478 139.680
4 814.0 87.569 139.680
4 815.0 87.659 139.680
4 816.0 87.749 139.680
4 817.0 87.839 139.680
4 818.0 87.929 139.680
4 819.0 88.019 139.680
4 820.0 88.109 139.680
4 821.0 88.199 139.680
4 822.0 88.290 139.680
4 823.0 88.380 139.680
4 824.0 88.470 139.680
4 825.0 88.560 139.680
4 826.0 88.650 139.680
4 827.0 88.740 139.680
4 828.0 88.830 139.680
4 829.0 88.921 139.680
4 830.0 89.011 139.680
4 831.0 89.101 139.680
4 832.0 89.191 139.680
4 833.0 89.281 139.680
4 834.0 89.371 139.680
4 835.0 89.461 139.680
4 836.0 89.551 139.680
4 837.0 89.642 139.680
4 838.0 89.732 139.680
4 839.0 89.822 139.680
4 840.0 89.912 139.680
4 841.0 90.002 139.680
4 842.0 90.092 139.680
4 843.0 90.182 139.680
4 844.0 90.273 139.680
4 845.0 90.363 139.680
4 846.0 90.453 139.680
4 847.0 90.543 139.680
4 848.0 90.633 139.680
4 849.0 90.723 139.680
4 850.0 90.813 139.680
4 851.0 90.903 139.680
4 852.0 90.994 139.680
4 853.0 91.084 139.680
4 854.0 91.174 139.680
4 855.0 91.264 139.680
4 856.0 91.354 139.680
4 857.0 91.444 139.680
4 858.0 91.534 139.680
4 859.0 91.625 139.680
4 860.0 91.715 139.680
4 861.0 91.805 139.680
4 862.0 91.895 139.680
4 863.0 91.985 139.680
4 864.0 92.075 139.680
4 865.0 92.165 139.680
4 866.0 92.255 139.680
4 867.0 92.346 139.680
4 868.0 92.436 139.680
4 869.0 92.526 139.680
4 870.0 92.616 139.680
4 871.0 92.706 139.680
4 872.0 92.796 139.680
4 873.0 92.886 139.680
4 874.0 92.977 139.680
4 875.0 93.067 139.680
4 876.0 93.157 139.680
4 877.0 93.247 139.680
4 878.0 93.337 139.680
4 879.0 93.427 139.680
4 880.0 93.517 139.680
4 881.0 93.607 139.680
4 882.0 93.698 139.680
4 883.0 93.788 139.680
4 884.0 93.878 139.680
4 885.0 93.968 139.680
4 886.0 94.058 139.680
4 887.0 94.148 139.680
4 888.0 94.238 139.680
4 889.0 94.329 139.680
4 890.0 94.419 139.680
4 891.0 94.509 139.680
4 892.0 94.599 139.680
4 893.0 94.689 139.680
4 894.0 94.779 139.680
4 895.0 94.869 139.680
4 896.0 94.959 139.680
4 897.0 95.050 139.680
4 898.0 95.140 139.680
4 899.0 95.230 139.680
4 900.0 95.320 139.680
4 901.0 95.410 139.680
4 902.0 95.500 139.680
4 903.0 95.590 139.680
4 904.0 95.681 139.680
4 905.0 95.771 139.680
4 906.0 95.861 139.680
4 907.0 95.951 139.680
4 908.0 96.041 139.680
4 909.0 96.131 139.680
4 910.0 96.221 139.680
4 911.0 96.311 139.680
4 912.0 96.402 139.680
4 913.0 96.492 139.680
4 914.0 96.582 139.680
4 915.0 96.672 139.680
4 916.0 96.762 139.680
4 917.0 96.852 139.680
4 918.0 96.942 139.680
4 919.0 97.033 139.680
4 920.0 97.123 139.680
4 921.0 97.213 139.680
4 922.0 97.303 139.680
4 923.0 97.393 139.680
4 924.0 97.483 139.680
4 925.0 97.573 139.680
4 926.0 97.663 139.680
4 927.0 97.754 139.680
4 928.0 97.844 139.680
4 929.0 97.934 139.680
4 930.0 98.024 139.680
4 931.0 98.114 139.680
4 932.0 98.204 139.680
4 933.0 98.294 139.680
4 934.0 98.385 139.680
4 935.0 98.475 139.680
4 936.0 98.565 139.680
4 937.0 98.655 139.680
4 938.0 98.745 139.680
4 939.0 98.835 139.680
4 940.0 98.925 139.680
4 941.0 99.015 139.680
4 942.0 99.106 139.680
4 943.0 99.196 139.680
4 944.0 99.286 139.680
4 945.0 99.376 139.680
4 946.0 99.466 139.680
4 947.0 99.556 139.680
4 948.0 99.646 139.680
4 949.0 99.737 139.680
4 950.0 99.827 139.680
4 951.0 99.917 139.680
4 952.0 100.007 139.680
4 953.0 100.097 139.680
4 954.0 100.187 139.680
4 955.0 100.277 139.680
4 956.0 100.367 139.680
4 957.0 100.458 139.680
4 958.0 100.548 139.680
4 959.0 100.638 139.680
4 960.0 100.728 139.680
4 961.0 100.818 139.680
4 962.0 100.908 139.680
4 963.0 100.998 139.680
4 964.0 101.089 139.680
4 965.0 101.179 139.680
4 966.0 101.269 139.680
4 967.0 101.359 139.680
4 968.0 101.449 139.680
4 969.0 101.539 139.680
4 970.0 101.629 139.680
4 971.0 101.719 139.680
4 972.0 101.810 139.680
4 973.0 101.900 139.680
4 974.0 101.990 139.680
4 975.0 102.080 139.680
4 976.0 102.170 139.680
4 977.0 102.260 139.680
4 978.0 102.350 139.680
4 979.0 102.441 139.680
4 980.0 102.531 139.680
4 981.0 102.621 139.680
4 982.0 102.711 139.680
4 983.0 102.801 139.680
4 984.0 102.891 139.680
4 985.0 102.981 139.680
4 986.0 103.071 139.680
4 987.0 103.162 139.680
4 988.0 103.252 139.680
4 989.0 103.342 139.680
4 990.0 103.432 139.680
4 991.0 103.522 139.680
4 992.0 103.612 139.680
4 993.0 103.702 139.680
4 994.0 103.793 139.680
4 995.0 103.883 139.680
4 996.0 103.973 139.680
4 997.0 104.063 139.680
4 998.0 104.153 139.680
4 999.0 104.243 139.680
4 1000.0 104.333 139.680
4 1001.0 104.423 139.680
4 1002.0 104.514 139.680
4 1003.0 104.604 139.680
4 1004.0 104.694 139.680
4 1005.0 104.784 139.680
4 1006.0 104.874 139.680
4 1007.0 104.964 139.680
4 1008.0 105.054 139.680
4 1009.0 105.145 139.680
4 1010.0 105.235 139.680
4 1011.0 105.325 139.680
4 1012.0 105.415 139.680
4 1013.0 105.505 139.680
4 1014.0 105.595 139.680
4 1015.0 105.685 139.680
4 1016.0 105.775 139.680
4 1017.0 105.866 139.680
4 1018.0 105.956 139.680
4 1019.0 106.046 139.680
4 1020.0 106.136 139.680
4 1021.0 106.226 139.680
4 1022.0 106.316 139.680
4 1023.0 106.406 139.680
4 1024.0 106.497 139.680
4 1025.0 106.587 139.680
4 1026.0 106.677 139.680
4 1027.0 106.767 139.680
4 1028.0 106.857 139.680
4 1029.0 106.947 139.680
4 1030.0 107.037 139.680
4 1031.0 107.127 139.680
4 1032.0 107.218 139.680
4 1033.0 107.308 139.680
4 1034.0 107.398 139.680
4 1035.0 107.488 139.680
4 1036.0 107.578 139.680
4 1037.0 107.668 139.680
4 1038.0 107.758 139.680
4 1039.0 107.849 139.680
4 1040.0 107.939 139.680
4 1041.0 108.029 139.680
4 1042.0 108.119 139.680
4 1043.0 108.209 139.680
4 1044.0 108.299 139.680
4 1045.0 108.389 139.680
4 1046.0 108.479 139.680
4 1047.0 108.570 139.680
4 1048.0 108.660 139.680
4 1049.0 108.750 139.680
4 1050.0 108.840 139.680
4 1051.0 108.930 139.680
4 1052.0 109.020 139.680
4 1053.0 109.110 139.680
4 1054.0 109.201 139.680
4 1055.0 109.291 139.680
4 1056.0 109.381 139.680
4 1057.0 109.471 139.680
4 1058.0 109.561 139.680
4 1059.0 109.651 139.680
4 1060.0 109.741 139.680
4 1061.0 109.831 139.680
4 1062.0 109.922 139.680
4 1063.0 110.012 139.680
4 1064.0 110.102 139.680
4 1065.0 110.192 139.680
4 1066.0 110.282 139.680
4 1067.0 110.372 139.680
4 1068.0 110.462 139.680
4 1069.0 110.553 139.680
4 1070.0 110.643 139.680
4 1071.0 110.733 139.680
4 1072.0 110.823 139.680
4 1073.0 110.913 139.680
4 1074.0 111.003 139.680
4 1075.0 111.093 139.680
4 1076.0 111.183 139.680
4 1077.0 111.274 139.680
4 1078.0 111.364 139.680
4 1079.0 111.454 139.680
4 1080.0 111.544 139.680
4 1081.0 111.634 139.680
4 1082.0 111.724 139.680
4 1083.0 111.814 139.680
4 1084.0 111.905 139.680
4 1085.0 111.995 139.680
4 1086.0 112.085 139.680
4 1087.0 112.175 139.680
4 1088.0 112.265 139.680
4 1089.0 112.355 139.680
4 1090.0 112.445 139.680
4 1091.0 112.535 139.680
4 1092.0 112.626 139.680
4 1093.0 112.716 139.680
4 1094.0 112.806 139.680
4 1095.0 112.896 139.680
4 1096.0 112.986 139.680
4 1097.0 113.076 139.680
4 1098.0 113.166 139.680
4 1099.0 113.257 139.680
4 1100.0 113.347 139.680
4 1101.0 113.437 139.680
4 1102.0 113.527 139.680
4 1103.0 113.617 139.680
4 1104.0 113.707 139.680
4 1105.0 113.797 139.680
4 1106.0 113.887 139.680
4 1107.0 113.978 139.680
4 1108.0 114.068 139.680
4 1109.0 114.158 139.680
4 1110.0 114.248 139.680
4 1111.0 114.338 139.680
4 1112.0 114.428 139.680
4 1113.0 114.518 139.680
4 1114.0 114.609 139.680
4 1115.0 114.699 139.680
4 1116.0 114.789 139.680
4 1117.0 114.879 139.680
4 1118.0 114.969 139.680
4 1119.0 115.059 139.680
4 1120.0 115.149 139.680
4 1121.0 115.239 139.680
4 1122.0 115.330 139.680
4 1123.0 115.420 139.680
4 1124.0 115.510 139.680
4 1125.0 115.600 139.680
4 1126.0 115.690 139.680
4 1127.0 115.780 139.680
4 1128.0 115.870 139.680
4 1129.0 115.961 139.680
4 1130.0 116.051 139.680
4 1131.0 116.141 139.680
4 1132.0 116.231 139.680
4 1133.0 116.321 139.680
4 1134.0 116.411 139.680
4 1135.0 116.501 139.680
4 1136.0 116.591 139.680
4 1137.0 116.682 139.680
4 1138.0 116.772 139.680
4 1139.0 116.862 139.680
4 1140.0 116.952 139.680
4 1141.0 117.042 139.680
4 1142.0 117.132 139.680
4 1143.0 117.222 139.680
4 1144.0 117.313 139.680
4 1145.0 117.403 139.680
4 1146.0 117.493 139.680
4 1147.0 117.583 139.680
4 1148.0 117.673 139.680
4 1149.0 117.763 139.680
4 1150.0 117.853 139.680
4 1151.0 117.943 139.680
4 1152.0 118.034 139.680
4 1153.0 118.124 139.680
4 1154.0 118.214 139.680
4 1155.0 118.304 139.680
4 1156.0 118.394 139.680
4 1157.0 118.484 139.680
4 1158.0 118.574 139.680
4 1159.0 118.665 139.680
4 1160.0 118.755 139.680
4 1161.0 118.845 139.680
4 1162.0 118.935 139.680
4 1163.0 119.025 139.680
4 1164.0 119.115 139.680
4 1165.0 119.205 139.680
4 1166.0 119.295 139.680
4 1167.0 119.386 139.680
4 1168.0 119.476 139.680
4 1169.0 119.566 139.680
4 1170.0 119.656 139.680
4 1171.0 119.746 139.680
4 1172.0 119.836 139.680
4 1173.0 119.926 139.680
4 1174.0 120.017 139.680
4 1175.0 120.107 139.680
4 1176.0 120.197 139.680
4 1177.0 120.287 139.680
4 1178.0 120.377 139.680
4 1179.0 120.467 139.680
4 1180.0 120.557 139.680
4 1181.0 120.647 139.680
4 1182.0 120.738 139.680
4 1183.0 120.828 139.680
4 1184.0 120.918 139.680
4 1185.0 121.008 139.680
4 1186.0 121.098 139.680
4 1187.0 121.188 139.680
4 1188.0 121.278 139.680
4 1189.0 121.369 139.680
4 1190.0 121.459 139.680
4 1191.0 121.549 139.680
4 1192.0 121.639 139.680
4 1193.0 121.729 139.680
4 1194.0 121.819 139.680
4 1195.0 121.909 139.680
4 1196.0 121.999 139.680
4 1197.0 122.090 139.680
4 1198.0 122.180 139.680
4 1199.0 122.270 139.680
4 1200.0 122.360 139.680
4 1201.0 122.450 139.680
4 1202.0 122.540 139.680
4 1203.0 122.630 139.680
4 1204.0 122.721 139.680
4 1205.0 122.811 139.680
4 1206.0 122.901 139.680
4 1207.0 122.991 139.680
4 1208.0 123.081 139.680
4 1209.0 123.171 139.680
4 1210.0 123.261 139.680
4 1211.0 123.351 139.680
4 1212.0 123.442 139.680
4 1213.0 123.532 139.680
4 1214.0 123.622 139.680
4 1215.0 123.712 139.680
4 1216.0 123.802 139.680
4 1217.0 123.892 139.680
4 1218.0 123.982 139.680
4 1219.0 124.073 139.680
4 1220.0 124.163 139.680
4 1221.0 124.253 139.680
4 1222.0 124.343 139.680
4 1223.0 124.433 139.680
4 1224.0 124.523 139.680
4 1225.0 124.613 139.680
4 1226.0 124.703 139.680
4 1227.0 124.794 139.680
4 1228.0 124.884 139.680
4 1229.0 124.974 139.680
4 1230.0 125.064 139.680
4 1231.0 125.154 139.680
4 1232.0 125.244 139.680
4 1233.0 125.334 139.680
4 1234.0 125.425 139.680
4 1235.0 125.515 139.680
4 1236.0 125.605 139.680
4 1237.0 125.695 139.680
4 1238.0 125.785 139.680
4 1239.0 125.875 139.680
4 1240.0 125.965 139.680
4 1241.0 126.055 139.680
4 1242.0 126.146 139.680
4 1243.0 126.236 139.680
4 1244.0 126.326 139.680
4 1245.0 126.416 139.680
4 1246.0 126.506 139.680
4 1247.0 126.596 139.680
4 1248.0 126.686 139.680
4 1249.0 126.777 139.680
4 1250.0 126.867 139.680
4 1251.0 126.957 139.680
4 1252.0 127.047 139.680
4 1253.0 127.137 139.680
4 1254.0 127.227 139.680
4 1255.0 127.317 139.680
4 1256.0 127.407 139.680
4 1257.0 127.498 139.680
4 1258.0 127.588 139.680
4 1259.0 127.678 139.680
4 1260.0 127.768 139.680
4 1261.0 127.858 139.680
4 1262.0 127.948 139.680
4 1263.0 128.038 139.680
4 1264.0 128.129 139.680
4 1265.0 128.219 139.680
4 1266.0 128.309 139.680
4 1267.0 128.399 139.680
4 1268.0 128.489 139.680
4 1269.0 128.579 139.680
4 1270.0 128.669 139.680
4 1271.0 128.759 139.680
4 1272.0 128.850 139.680
4 1273.0 128.940 139.680
4 1274.0 129.030 139.680
4 1275.0 129.120 139.680
4 1276.0 129.210 139.680
4 1277.0 129.300 139.680
4 1278.0 129.390 139.680
4 1279.0 129.481 139.680
4 1280.0 129.571 139.680
4 1281.0 129.661 139.680
4 1282.0 129.751 139.680
4 1283.0 129.841 139.680
4 1284.0 129.931 139.680
4 1285.0 130.021 139.680
4 1286.0 130.111 139.680
4 1287.0 130.202 139.680
4 1288.0 130.292 139.680
4 1289.0 130.382 139.680
4 1290.0 130.472 139.680
4 1291.0 130.562 139.680
4 1292.0 130.652 139.680
4 1293.0 130.742 139.680
4 1294.0 130.833 139.680
4 1295.0 130.923 139.680
4 1296.0 131.013 139.680
4 1297.0 131.103 139.680
4 1298.0 131.193 139.680
4 1299.0 131.283 139.680
4 1300.0 131.373 139.680
4 1301.0 131.463 139.680
4 1302.0 131.554 139.680
4 1303.0 131.644 139.680
4 1304.0 131.734 139.680
4 1305.0 131.824 139.680
4 1306.0 131.914 139.680
4 1307.0 132.004 139.680
4 1308.0 132.094 139.680
4 1309.0 132.185 139.680
4 1310.0 132.275 139.680
4 1311.0 132.365 139.680
4 1312.0 132.455 139.680
4 1313.0 132.545 139.680
4 1314.0 132.635 139.680
4 1315.0 132.725 139.680
4 1316.0 132.815 139.680
4 1317.0 132.906 139.680
4 1318.0 132.996 139.680
4 1319.0 133.086 139.680
4 1320.0 133.176 139.680
4 1321.0 133.266 139.680
4 1322.0 133.356 139.680
4 1323.0 133.446 139.680
4 1324.0 133.537 139.680
4 1325.0 133.627 139.680
4 1326.0 133.717 139.680
4 1327.0 133.807 139.680
4 1328.0 133.897 139.680
4 1329.0 133.987 139.680
4 1330.0 134.077 139.680
4 1331.0 134.167 139.680
4 1332.0 134.258 139.680
4 1333.0 134.348 139.680
4 1334.0 134.438 139.680
4 1335.0 134.528 139.680
4 1336.0 134.618 139.680
4 1337.0 134.708 139.680
4 1338.0 134.798 139.680
4 1339.0 134.889 139.680
4 1340.0 134.979 139.680
4 1341.0 135.069 139.680
4 1342.0 135.159 139.680
4 1343.0 135.249 139.680
4 1344.0 135.339 139.680
4 1345.0 135.429 139.680
4 1346.0 135.519 139.680
4 1347.0 135.610 139.680
4 1348.0 135.700 139.680
4 1349.0 135.790 139.680
4 1350.0 135.880 139.680
4 1351.0 135.970 139.680
4 1352.0 136.060 139.680
4 1353.0 136.150 139.680
4 1354.0 136.241 139.680
4 1355.0 136.331 139.680
4 1356.0 136.421 139.680
4 1357.0 136.511 139.680
4 1358.0 136.601 139.680
4 1359.0 136.691 139.680
4 1360.0 136.781 139.680
4 1361.0 136.871 139.680
4 1362.0 136.962 139.680
4 1363.0 137.052 139.680
4 1364.0 137.142 139.680
4 1365.0 137.232 139.680
4 1366.0 137.322 139.680
4 1367.0 137.412 139.680
4 1368.0 137.502 139.680
4 1369.0 137.593 139.680
4 1370.0 137.683 139.680
4 1371.0 137.773 139.680
4 1372.0 137.863 139.680
4 1373.0 137.953 139.680
4 1374.0 138.000 139.637
4 1375.0 138.000 139.547
4 1376.0 138.000 139.457
4 1377.0 138.000 139.366
4 1378.0 138.000 139.276
4 1379.0 138.000 139.186
4 1380.0 138.000 139.096
4 1381.0 138.000 139.006
4 1382.0 138.000 138.916
4 1383.0 138.000 138.826
4 1384.0 138.000 138.735
4 1385.0 138.000 138.645
4 1386.0 138.000 138.555
4 1387.0 138.000 138.465
4 1388.0 138.000 138.375
4 1389.0 138.000 138.285
4 1390.0 138.000 138.195
4 1391.0 138.000 138.105
4 1392.0 138.000 138.014
4 1393.0 138.000 137.924
4 1394.0 138.000 137.834
4 1395.0 138.000 137.744
4 1396.0 138.000 137.654
4 1397.0 138.000 137.564
4 1398.0 138.000 137.474
4 1399.0 138.000 137.383
4 1400.0 138.000 137.293
4 1401.0 138.000 137.203
4 1402.0 138.000 137.113
4 1403.0 138.000 137.023
4 1404.0 138.000 136.933
4 1405.0 138.000 136.843
4 1406.0 138.000 136.753
4 1407.0 138.000 136.662
4 1408.0 138.000 136.572
4 1409.0 138.000 136.482
4 1410.0 138.000 136.392
4 1411.0 138.000 136.302
4 1412.0 138.000 136.212
4 1413.0 138.000 136.122
4 1414.0 138.000 136.031
4 1415.0 138.000 135.941
4 1416.0 138.000 135.851
4 1417.0 138.000 135.761
4 1418.0 138.000 135.671
4 1419.0 138.000 135.581
4 1420.0 138.000 135.491
4 1421.0 138.000 135.401
4 1422.0 138.000 135.310
4 1423.0 138.000 135.220
4 1424.0 138.000 135.130
4 1425.0 138.000 135.040
4 1426.0 138.000 134.950
4 1427.0 138.000 134.860
4 1428.0 138.000 134.770
4 1429.0 138.000 134.679
4 1430.0 138.000 134.589
4 1431.0 138.000 134.499
4 1432.0 138.000 134.409
4 1433.0 138.000 134.319
4 1434.0 138.000 134.229
4 1435.0 138.000 134.139
4 1436.0 138.000 134.049
4 1437.0 138.000 133.958
4 1438.0 138.000 133.868
4 1439.0 138.000 133.778
4 1440.0 138.000 133.688
4 1441.0 138.000 133.598
4 1442.0 138.000 133.508
4 1443.0 138.000 133.418
4 1444.0 138.000 133.327
4 1445.0 138.000 133.237
4 1446.0 138.000 133.147
4 1447.0 138.000 133.057
4 1448.0 138.000 132.967
4 1449.0 138.000 132.877
4 1450.0 138.000 132.787
4 1451.0 138.000 132.697
4 1452.0 138.000 132.606
4 1453.0 138.000 132.516
4 1454.0 138.000 132.426
4 1455.0 138.000 132.336
4 1456.0 138.000 132.246
4 1457.0 138.000 132.156
4 1458.0 138.000 132.066
4 1459.0 138.000 131.975
4 1460.0 138.000 131.885
4 1461.0 138.000 131.795
4 1462.0 138.000 131.705
4 1463.0 138.000 131.615
4 1464.0 138.000 131.525
4 1465.0 138.000 131.435
4 1466.0 138.000 131.345
4 1467.0 138.000 131.254
4 1468.0 138.000 131.164
4 1469.0 138.000 131.074
4 1470.0 138.000 130.984
4 1471.0 138.000 130.894
4 1472.0 138.000 130.804
4 1473.0 138.000 130.714
4 1474.0 138.000 130.623
4 1475.0 138.000 130.533
4 1476.0 138.000 130.443
4 1477.0 138.000 130.353
4 1478.0 138.000 130.263
4 1479.0 138.000 130.173
4 1480.0 138.000 130.083
4 1481.0 138.000 129.993
4 1482.0 138.000 129.902
4 1483.0 138.000 129.812
4 1484.0 138.000 129.722
4 1485.0 138.000 129.632
4 1486.0 138.000 129.542
4 1487.0 138.000 129.452
4 1488.0 138.000 129.362
4 1489.0 138.000 129.271
4 1490.0 138.000 129.181
4 1491.0 138.000 129.091
4 1492.0 138.000 129.001
4 1493.0 138.000 128.911
4 1494.0 138.000 128.821
4 1495.0 138.000 128.731
4 1496.0 138.000 128.641
4 1497.0 138.000 128.550
4 1498.0 138.000 128.460
4 1499.0 138.000 128.370
4 1500.0 138.000 128.280
4 1501.0 138.000 128.190
4 1502.0 138.000 128.100
4 1503.0 138.000 128.010
4 1504.0 138.000 127.919
4 1505.0 138.000 127.829
4 1506.0 138.000 127.739
4 1507.0 138.000 127.649
4 1508.0 138.000 127.559
4 1509.0 138.000 127.469
4 1510.0 138.000 127.379
4 1511.0 138.000 127.289
4 1512.0 138.000 127.198
4 1513.0 138.000 127.108
4 1514.0 138.000 127.018
4 1515.0 138.000 126.928
4 1516.0 138.000 126.838
4 1517.0 138.000 126.748
4 1518.0 138.000 126.658
4 1519.0 138.000 126.567
4 1520.0 138.000 126.477
4 1521.0 138.000 126.387
4 1522.0 138.000 126.297
4 1523.0 138.000 126.207
4 1524.0 138.000 126.117
4 1525.0 138.000 126.027
4 1526.0 138.000 125.937
4 1527.0 138.000 125.846
4 1528.0 138.000 125.756
4 1529.0 138.000 125.666
4 1530.0 138.000 125.576
4 1531.0 138.000 125.486
4 1532.0 138.000 125.396
4 1533.0 138.000 125.306
4 1534.0 138.000 125.215
4 1535.0 138.000 125.125
4 1536.0 138.000 125.035
4 1537.0 138.000 124.945
4 1538.0 138.000 124.855
4 1539.0 138.000 124.765
4 1540.0 138.000 124.675
4 1541.0 138.000 124.585
4 1542.0 138.000 124.494
4 1543.0 138.000 124.404
4 1544.0 138.000 124.314
4 1545.0 138.000 124.224
4 1546.0 138.000 124.134
4 1547.0 138.000 124.044
4 1548.0 138.000 123.954
4 1549.0 138.000 123.863
4 1550.0 138.000 123.773
4 1551.0 138.000 123.683
4 1552.0 138.000 123.593
4 1553.0 138.000 123.503
4 1554.0 138.000 123.413
4 1555.0 138.000 123.323
4 1556.0 138.000 123.233
4 1557.0 138.000 123.142
4 1558.0 138.000 123.052
4 1559.0 138.000 122.962
4 1560.0 138.000 122.872
4 1561.0 138.000 122.782
4 1562.0 138.000 122.692
4 1563.0 138.000 122.602
4 1564.0 138.000 122.511
4 1565.0 138.000 122.421
4 1566.0 138.000 122.331
4 1567.0 138.000 122.241
4 1568.0 138.000 122.151
4 1569.0 138.000 122.061
4 1570.0 138.000 121.971
4 1571.0 138.000 121.881
4 1572.0 138.000 121.790
4 1573.0 138.000 121.700
4 1574.0 138.000 121.610
4 1575.0 138.000 121.520
4 1576.0 138.000 121.430
4 1577.0 138.000 121.340
4 1578.0 138.000 121.250
4 1579.0 138.000 121.159
4 1580.0 138.000 121.069
4 1581.0 138.000 120.979
4 1582.0 138.000 120.889
4 1583.0 138.000 120.799
4 1584.0 138.000 120.709
4 1585.0 138.000 120.619
4 1586.0 138.000 120.529
4 1587.0 138.000 120.438
4 1588.0 138.000 120.348
4 1589.0 138.000 120.258
4 1590.0 138.000 120.168
4 1591.0 138.000 120.078
4 1592.0 138.000 119.988
4 1593.0 138.000 119.898
4 1594.0 138.000 119.807
4 1595.0 138.000 119.717
4 1596.0 138.000 119.627
4 1597.0 138.000 119.537
4 1598.0 138.000 119.447
4 1599.0 138.000 119.357
4 1600.0 138.000 119.267
4 1601.0 138.000 119.177
4 1602.0 138.000 119.086
4 1603.0 138.000 118.996
4 1604.0 138.000 118.906
4 1605.0 138.000 118.816
4 1606.0 138.000 118.726
4 1607.0 138.000 118.636
4 1608.0 138.000 118.546
4 1609.0 138.000 118.455
4 1610.0 138.000 118.365
4 1611.0 138.000 118.275
4 1612.0 138.000 118.185
4 1613.0 138.000 118.095
4 1614.0 138.000 118.005
4 1615.0 138.000 117.915
4 1616.0 138.000 117.825
4 1617.0 138.000 117.734
4 1618.0 138.000 117.644
4 1619.0 138.000 117.554
4 1620.0 138.000 117.464
4 1621.0 138.000 117.374
4 1622.0 138.000 117.284
4 1623.0 138.000 117.194
4 1624.0 138.000 117.103
4 1625.0 138.000 117.013
4 1626.0 138.000 116.923
4 1627.0 138.000 116.833
4 1628.0 138.000 116.743
4 1629.0 138.000 116.653
4 1630.0 138.000 116.563
4 1631.0 138.000 116.473
4 1632.0 138.000 116.382
4 1633.0 138.000 116.292
4 1634.0 138.000 116.202
4 1635.0 138.000 116.112
4 1636.0 138.000 116.022
4 1637.0 138.000 115.932
4 1638.0 138.000 115.842
4 1639.0 138.000 115.751
4 1640.0 138.000 115.661
4 1641.0 138.000 115.571
4 1642.0 138.000 115.481
4 1643.0 138.000 115.391
4 1644.0 138.000 115.301
4 1645.0 138.000 115.211
4 1646.0 138.000 115.121
4 1647.0 138.000 115.030
4 1648.0 138.000 114.940
4 1649.0 138.000 114.850
4 1650.0 138.000 114.760
4 1651.0 138.000 114.670
4 1652.0 138.000 114.580
4 1653.0 138.000 114.490
4 1654.0 138.000 114.399
4 1655.0 138.000 114.309
4 1656.0 138.000 114.219
4 1657.0 138.000 114.129
4 1658.0 138.000 114.039
4 1659.0 138.000 113.949
4 1660.0 138.000 113.859
4 1661.0 138.000 113.769
4 1662.0 138.000 113.678
4 1663.0 138.000 113.588
4 1664.0 138.000 113.498
4 1665.0 138.000 113.408
4 1666.0 138.000 113.318
4 1667.0 138.000 113.228
4 1668.0 138.000 113.138
4 1669.0 138.000 113.047
4 1670.0 138.000 112.957
4 1671.0 138.000 112.867
4 1672.0 138.000 112.777
4 1673.0 138.000 112.687
4 1674.0 138.000 112.597
4 1675.0 138.000 112.507
4 1676.0 138.000 112.417
4 1677.0 138.000 112.326
4 1678.0 138.000 112.236
4 1679.0 138.000 112.146
4 1680.0 138.000 112.056
4 1681.0 138.000 111.966
4 1682.0 138.000 111.876
4 1683.0 138.000 111.786
4 1684.0 138.000 111.695
4 1685.0 138.000 111.605
4 1686.0 138.000 111.515
4 1687.0 138.000 111.425
4 1688.0 138.000 111.335
4 1689.0 138.000 111.245
4 1690.0 138.000 111.155
4 1691.0 138.000 111.065
4 1692.0 138.000 110.974
4 1693.0 138.000 110.884
4 1694.0 138.000 110.794
4 1695.0 138.000 110.704
4 1696.0 138.000 110.614
4 1697.0 138.000 110.524
4 1698.0 138.000 110.434
4 1699.0 138.000 110.343
4 1700.0 138.000 110.253
4 1701.0 138.000 110.163
4 1702.0 138.000 110.073
4 1703.0 138.000 109.983
4 1704.0 138.000 109.893
4 1705.0 138.000 109.803
4 1706.0 138.000 109.713
4 1707.0 138.000 109.622
4 1708.0 138.000 109.532
4 1709.0 138.000 109.442
4 1710.0 138.000 109.352
4 1711.0 138.000 109.262
4 1712.0 138.000 109.172
4 1713.0 138.000 109.082
4 1714.0 138.000 108.991
4 1715.0 138.000 108.901
4 1716.0 138.000 108.811
4 1717.0 138.000 108.721
4 1718.0 138.000 108.631
4 1719.0 138.000 108.541
4 1720.0 138.000 108.451
4 1721.0 138.000 108.361
4 1722.0 138.000 108.270
4 1723.0 138.000 108.180
4 1724.0 138.000 108.090
4 1725.0 138.000 108.000
4 1726.0 138.000 107.910
4 1727.0 138.000 107.820
4 1728.0 138.000 107.730
4 1729.0 138.000 107.639
4 1730.0 138.000 107.549
4 1731.0 138.000 107.459
4 1732.0 138.000 107.369
4 1733.0 138.000 107.279
4 1734.0 138.000 107.189
4 1735.0 138.000 107.099
4 1736.0 138.000 107.009
4 1737.0 138.000 106.918
4 1738.0 138.000 106.828
4 1739.0 138.000 106.738
4 1740.0 138.000 106.648
4 1741.0 138.000 106.558
4 1742.0 138.000 106.468
4 1743.0 138.000 106.378
4 1744.0 138.000 106.287
4 1745.0 138.000 106.197
4 1746.0 138.000 106.107
4 1747.0 138.000 106.017
4 1748.0 138.000 105.927
4 1749.0 138.000 105.837
4 1750.0 138.000 105.747
4 1751.0 138.000 105.657
4 1752.0 138.000 105.566
4 1753.0 138.000 105.476
4 1754.0 138.000 105.386
4 1755.0 138.000 105.296
4 1756.0 138.000 105.206
4 1757.0 138.000 105.116
4 1758.0 138.000 105.026
4 1759.0 138.000 104.935
4 1760.0 138.000 104.845
4 1761.0 138.000 104.755
4 1762.0 138.000 104.665
4 1763.0 138.000 104.575
4 1764.0 138.000 104.485
4 1765.0 138.000 104.395
4 1766.0 138.000 104.305
4 1767.0 138.000 104.214
4 1768.0 138.000 104.124
4 1769.0 138.000 104.034
4 1770.0 138.000 103.944
4 1771.0 138.000 103.854
4 1772.0 138.000 103.764
4 1773.0 138.000 103.674
4 1774.0 138.000 103.583
4 1775.0 138.000 103.493
4 1776.0 138.000 103.403
4 1777.0 138.000 103.313
4 1778.0 138.000 103.223
4 1779.0 138.000 103.133
4 1780.0 138.000 103.043
4 1781.0 138.000 102.953
4 1782.0 138.000 102.862
4 1783.0 138.000 102.772
4 1784.0 138.000 102.682
4 1785.0 138.000 102.592
4 1786.0 138.000 102.502
4 1787.0 138.000 102.412
4 1788.0 138.000 102.322
4 1789.0 138.000 102.231
4 1790.0 138.000 102.141
4 1791.0 138.000 102.051
4 1792.0 138.000 101.961
4 1793.0 138.000 101.871
4 1794.0 138.000 101.781
4 1795.0 138.000 101.691
4 1796.0 138.000 101.601
4 1797.0 138.000 101.510
4 1798.0 138.000 101.420
4 1799.0 138.000 101.330
4 1800.0 138.000 101.240
4 1801.0 138.000 101.150
4 1802.0 138.000 101.060
4 1803.0 138.000 100.970
4 1804.0 138.000 100.879
4 1805.0 138.000 100.789
4 1806.0 138.000 100.699
4 1807.0 138.000 100.609
4 1808.0 138.000 100.519
4 1809.0 138.000 100.429
4 1810.0 138.000 100.339
4 1811.0 138.000 100.249
4 1812.0 138.000 100.158
4 1813.0 138.000 100.068
4 1814.0 138.000 99.978
4 1815.0 138.000 99.888
4 1816.0 138.000 99.798
4 1817.0 138.000 99.708
4 1818.0 138.000 99.618
4 1819.0 138.000 99.527
4 1820.0 138.000 99.437
4 1821.0 138.000 99.347
4 1822.0 138.000 99.257
4 1823.0 138.000 99.167
4 1824.0 138.000 99.077
4 1825.0 138.000 98.987
4 1826.0 138.000 98.897
4 1827.0 138.000 98.806
4 1828.0 138.000 98.716
4 1829.0 138.000 98.626
4 1830.0 138.000 98.536
4 1831.0 138.000 98.446
4 1832.0 138.000 98.356
4 1833.0 138.000 98.266
4 1834.0 138.000 98.175
4 1835.0 138.000 98.085
4 1836.0 138.000 97.995
4 1837.0 138.000 97.905
4 1838.0 138.000 97.815
4 1839.0 138.000 97.725
4 1840.0 138.000 97.635
4 1841.0 138.000 97.545
4 1842.0 138.000 97.454
4 1843.0 138.000 97.364
4 1844.0 138.000 97.274
4 1845.0 138.000 97.184
4 1846.0 138.000 97.094
4 1847.0 138.000 97.004
4 1848.0 138.000 96.914
4 1849.0 138.000 96.823
4 1850.0 138.000 96.733
4 1851.0 138.000 96.643
4 1852.0 138.000 96.553
4 1853.0 138.000 96.463
4 1854.0 138.000 96.373
4 1855.0 138.000 96.283
4 1856.0 138.000 96.193
4 1857.0 138.000 96.102
4 1858.0 138.000 96.012
4 1859.0 138.000 95.922
4 1860.0 138.000 95.832
4 1861.0 138.000 95.742
4 1862.0 138.000 95.652
4 1863.0 138.000 95.562
4 1864.0 138.000 95.471
4 1865.0 138.000 95.381
4 1866.0 138.000 95.291
4 1867.0 138.000 95.201
4 1868.0 138.000 95.111
4 1869.0 138.000 95.021
4 1870.0 138.000 94.931
4 1871.0 138.000 94.841
4 1872.0 138.000 94.750
4 1873.0 138.000 94.660
4 1874.0 138.000 94.570
4 1875.0 138.000 94.480
4 1876.0 138.000 94.390
4 1877.0 138.000 94.300
4 1878.0 138.000 94.210
4 1879.0 138.000 94.119
4 1880.0 138.000 94.029
4 1881.0 138.000 93.939
4 1882.0 138.000 93.849
4 1883.0 138.000 93.759
4 1884.0 138.000 93.669
4 1885.0 138.000 93.579
4 1886.0 138.000 93.489
4 1887.0 138.000 93.398
4 1888.0 138.000 93.308
4 1889.0 138.000 93.218
4 1890.0 138.000 93.128
4 1891.0 138.000 93.038
4 1892.0 138.000 92.948
4 1893.0 138.000 92.858
4 1894.0 138.000 92.767
4 1895.0 138.000 92.677
4 1896.0 138.000 92.587
4 1897.0 138.000 92.497
4 1898.0 138.000 92.407
4 1899.0 138.000 92.317
4 1900.0 138.000 92.227
4 1901.0 138.000 92.137
4 1902.0 138.000 92.046
4 1903.0 138.000 91.956
4 1904.0 138.000 91.866
4 1905.0 138.000 91.776
4 1906.0 138.000 91.686
4 1907.0 138.000 91.596
4 1908.0 138.000 91.506
4 1909.0 138.000 91.415
4 1910.0 138.000 91.325
4 1911.0 138.000 91.235
4 1912.0 138.000 91.145
4 1913.0 138.000 91.055
4 1914.0 138.000 90.965
4 1915.0 138.000 90.875
4 1916.0 138.000 90.785
4 1917.0 138.000 90.694
4 1918.0 138.000 90.604
4 1919.0 138.000 90.514
4 1920.0 138.000 90.424
4 1921.0 138.000 90.334
4 1922.0 138.000 90.244
4 1923.0 138.000 90.154
4 1924.0 138.000 90.063
4 1925.0 138.000 89.973
4 1926.0 138.000 89.883
4 1927.0 138.000 89.793
4 1928.0 138.000 89.703
4 1929.0 138.000 89.613
4 1930.0 138.000 89.523
4 1931.0 138.000 89.433
4 1932.0 138.000 89.342
4 1933.0 138.000 89.252
4 1934.0 138.000 89.162
4 1935.0 138.000 89.072
4 1936.0 138.000 88.982
4 1937.0 138.000 88.892
4 1938.0 138.000 88.802
4 1939.0 138.000 88.711
4 1940.0 138.000 88.621
4 1941.0 138.000 88.531
4 1942.0 138.000 88.441
4 1943.0 138.000 88.351
4 1944.0 138.000 88.261
4 1945.0 138.000 88.171
4 1946.0 138.000 88.081
4 1947.0 138.000 87.990
4 1948.0 138.000 87.900
4 1949.0 138.000 87.810
4 1950.0 138.000 87.720
4 1951.0 138.000 87.630
4 1952.0 138.000 87.540
4 1953.0 138.000 87.450
4 1954.0 138.000 87.359
4 1955.0 138.000 87.269
4 1956.0 138.000 87.179
4 1957.0 138.000 87.089
4 1958.0 138.000 86.999
4 1959.0 138.000 86.909
4 1960.0 138.000 86.819
4 1961.0 138.000 86.729
4 1962.0 138.000 86.638
4 1963.0 138.000 86.548
4 1964.0 138.000 86.458
4 1965.0 138.000 86.368
4 1966.0 138.000 86.278
4 1967.0 138.000 86.188
4 1968.0 138.000 86.098
4 1969.0 138.000 86.007
4 1970.0 138.000 85.917
4 1971.0 138.000 85.827
4 1972.0 138.000 85.737
4 1973.0 138.000 85.647
4 1974.0 138.000 85.557
4 1975.0 138.000 85.467
4 1976.0 138.000 85.377
4 1977.0 138.000 85.286
4 1978.0 138.000 85.196
4 1979.0 138.000 85.106
4 1980.0 138.000 85.016
4 1981.0 138.000 84.926
4 1982.0 138.000 84.836
4 1983.0 138.000 84.746
4 1984.0 138.000 84.655
4 1985.0 138.000 84.565
4 1986.0 138.000 84.475
4 1987.0 138.000 84.385
4 1988.0 138.000 84.295
4 1989.0 138.000 84.205
4 1990.0 138.000 84.115
4 1991.0 138.000 84.025
4 1992.0 138.000 83.934
4 1993.0 138.000 83.844
4 1994.0 138.000 83.754
4 1995.0 138.000 83.664
4 1996.0 138.000 83.574
4 1997.0 138.000 83.484
4 1998.0 138.000 83.394
4 1999.0 138.000 83.303
4 2000.0 138.000 83.213
4 2001.0 138.000 83.123
4 2002.0 138.000 83.033
4 2003.0 138.000 82.943
4 2004.0 138.000 82.853
4 2005.0 138.000 82.763
4 2006.0 138.000 82.673
4 2007.0 138.000 82.582
4 2008.0 138.000 82.492
4 2009.0 138.000 82.402
4 2010.0 138.000 82.312
4 2011.0 138.000 82.222
4 2012.0 138.000 82.132
4 2013.0 138.000 82.042
4 2014.0 138.000 81.951
4 2015.0 138.000 81.861
4 2016.0 138.000 81.771
4 2017.0 138.000 81.681
4 2018.0 138.000 81.591
4 2019.0 138.000 81.501
4 2020.0 138.000 81.411
4 2021.0 138.000 81.321
4 2022.0 138.000 81.230
4 2023.0 138.000 81.140
4 2024.0 138.000 81.050
4 2025.0 138.000 80.960
4 2026.0 138.000 80.870
4 2027.0 138.000 80.780
4 2028.0 138.000 80.690
4 2029.0 138.000 80.599
4 2030.0 138.000 80.509
4 2031.0 138.000 80.419
4 2032.0 138.000 80.329
4 2033.0 138.000 80.239
4 2034.0 138.000 80.149
4 2035.0 138.000 80.059
4 2036.0 138.000 79.969
4 2037.0 138.000 79.878
4 2038.0 138.000 79.788
4 2039.0 138.000 79.698
4 2040.0 138.000 79.608
4 2041.0 138.000 79.518
4 2042.0 138.000 79.428
4 2043.0 138.000 79.338
4 2044.0 138.000 79.247
4 2045.0 138.000 79.157
4 2046.0 138.000 79.067
4 2047.0 138.000 78.977
4 2048.0 138.000 78.887
4 2049.0 138.000 78.797
4 2050.0 138.000 78.707
4 2051.0 138.000 78.617
4 2052.0 138.000 78.526
4 2053.0 138.000 78.436
4 2054.0 138.000 78.346
4 2055.0 138.000 78.256
4 2056.0 138.000 78.166
4 2057.0 138.000 78.076
4 2058.0 138.000 77.986
4 2059.0 138.000 77.895
4 2060.0 138.000 77.805
4 2061.0 138.000 77.715
4 2062.0 138.000 77.625
4 2063.0 138.000 77.535
4 2064.0 138.000 77.445
4 2065.0 138.000 77.355
4 2066.0 138.000 77.265
4 2067.0 138.000 77.174
4 2068.0 138.000 77.084
4 2069.0 138.000 76.994
4 2070.0 138.000 76.904
4 2071.0 138.000 76.814
4 2072.0 138.000 76.724
4 2073.0 138.000 76.634
4 2074.0 138.000 76.543
4 2075.0 138.000 76.453
4 2076.0 138.000 76.363
4 2077.0 138.000 76.273
4 2078.0 138.000 76.183
4 2079.0 138.000 76.093
4 2080.0 138.000 76.003
4 2081.0 138.000 75.913
4 2082.0 138.000 75.822
4 2083.0 138.000 75.732
4 2084.0 138.000 75.642
4 2085.0 138.000 75.552
4 2086.0 138.000 75.462
4 2087.0 138.000 75.372
4 2088.0 138.000 75.282
4 2089.0 138.000 75.191
4 2090.0 138.000 75.101
4 2091.0 138.000 75.011
4 2092.0 138.000 74.921
4 2093.0 138.000 74.831
4 2094.0 138.000 74.741
4 2095.0 138.000 74.651
4 2096.0 138.000 74.561
4 2097.0 138.000 74.470
4 2098.0 138.000 74.380
4 2099.0 138.000 74.290
4 2100.0 138.000 74.200
4 2101.0 138.000 74.110
4 2102.0 138.000 74.020
4 2103.0 138.000 73.930
4 2104.0 138.000 73.839
4 2105.0 138.000 73.749
4 2106.0 138.000 73.659
4 2107.0 138.000 73.569
4 2108.0 138.000 73.479
4 2109.0 138.000 73.389
4 2110.0 138.000 73.299
4 2111.0 138.000 73.209
4 2112.0 138.000 73.118
4 2113.0 138.000 73.028
4 2114.0 138.000 72.938
4 2115.0 138.000 72.848
4 2116.0 138.000 72.758
4 2117.0 138.000 72.668
4 2118.0 138.000 72.578
4 2119.0 138.000 72.487
4 2120.0 138.000 72.397
4 2121.0 138.000 72.307
4 2122.0 138.000 72.217
4 2123.0 138.000 72.127
4 2124.0 138.000 72.037
4 2125.0 137.947 72.000
4 2126.0 137.857 72.000
4 2127.0 137.766 72.000
4 2128.0 137.676 72.000
4 2129.0 137.586 72.000
4 2130.0 137.496 72.000
4 2131.0 137.406 72.000
4 2132.0 137.316 72.000
4 2133.0 137.226 72.000
4 2134.0 137.135 72.000
4 2135.0 137.045 72.000
4 2136.0 136.955 72.000
4 2137.0 136.865 72.000
4 2138.0 136.775 72.000
4 2139.0 136.685 72.000
4 2140.0 136.595 72.000
4 2141.0 136.505 72.000
4 2142.0 136.414 72.000
4 2143.0 136.324 72.000
4 2144.0 136.234 72.000
4 2145.0 136.144 72.000
4 2146.0 136.054 72.000
4 2147.0 135.964 72.000
4 2148.0 135.874 72.000
4 2149.0 135.783 72.000
4 2150.0 135.693 72.000
4 2151.0 135.603 72.000
4 2152.0 135.513 72.000
4 2153.0 135.423 72.000
4 2154.0 135.333 72.000
4 2155.0 135.243 72.000
4 2156.0 135.153 72.000
4 2157.0 135.062 72.000
4 2158.0 134.972 72.000
4 2159.0 134.882 72.000
4 2160.0 134.792 72.000
4 2161.0 134.702 72.000
4 2162.0 134.612 72.000
4 2163.0 134.522 72.000
4 2164.0 134.431 72.000
4 2165.0 134.341 72.000
4 2166.0 134.251 72.000
4 2167.0 134.161 72.000
4 2168.0 134.071 72.000
4 2169.0 133.981 72.000
4 2170.0 133.891 72.000
4 2171.0 133.801 72.000
4 2172.0 133.710 72.000
4 2173.0 133.620 72.000
4 2174.0 133.530 72.000
4 2175.0 133.440 72.000
4 2176.0 133.350 72.000
4 2177.0 133.260 72.000
4 2178.0 133.170 72.000
4 2179.0 133.079 72.000
4 2180.0 132.989 72.000
4 2181.0 132.899 72.000
4 2182.0 132.809 72.000
4 2183.0 132.719 72.000
4 2184.0 132.629 72.000
4 2185.0 132.539 72.000
4 2186.0 132.449 72.000
4 2187.0 132.358 72.000
4 2188.0 132.268 72.000
4 2189.0 132.178 72.000
4 2190.0 132.088 72.000
4 2191.0 131.998 72.000
4 2192.0 131.908 72.000
4 2193.0 131.818 72.000
4 2194.0 131.727 72.000
4 2195.0 131.637 72.000
4 2196.0 131.547 72.000
4 2197.0 131.457 72.000
4 2198.0 131.367 72.000
4 2199.0 131.277 72.000
4 2200.0 131.187 72.000
4 2201.0 131.097 72.000
4 2202.0 131.006 72.000
4 2203.0 130.916 72.000
4 2204.0 130.826 72.000
4 2205.0 130.736 72.000
4 2206.0 130.646 72.000
4 2207.0 130.556 72.000
4 2208.0 130.466 72.000
4 2209.0 130.375 72.000
4 2210.0 130.285 72.000
4 2211.0 130.195 72.000
4 2212.0 130.105 72.000
4 2213.0 130.015 72.000
4 2214.0 129.925 72.000
4 2215.0 129.835 72.000
4 2216.0 129.745 72.000
4 2217.0 129.654 72.000
4 2218.0 129.564 72.000
4 2219.0 129.474 72.000
4 2220.0 129.384 72.000
4 2221.0 129.294 72.000
4 2222.0 129.204 72.000
4 2223.0 129.114 72.000
4 2224.0 129.023 72.000
4 2225.0 128.933 72.000
4 2226.0 128.843 72.000
4 2227.0 128.753 72.000
4 2228.0 128.663 72.000
4 2229.0 128.573 72.000
4 2230.0 128.483 72.000
4 2231.0 128.393 72.000
4 2232.0 128.302 72.000
4 2233.0 128.212 72.000
4 2234.0 128.122 72.000
4 2235.0 128.032 72.000
4 2236.0 127.942 72.000
4 2237.0 127.852 72.000
4 2238.0 127.762 72.000
4 2239.0 127.671 72.000
4 2240.0 127.581 72.000
4 2241.0 127.491 72.000
4 2242.0 127.401 72.000
4 2243.0 127.311 72.000
4 2244.0 127.221 72.000
4 2245.0 127.131 72.000
4 2246.0 127.041 72.000
4 2247.0 126.950 72.000
4 2248.0 126.860 72.000
4 2249.0 126.770 72.000
4 2250.0 126.680 72.000
4 2251.0 126.590 72.000
4 2252.0 126.500 72.000
4 2253.0 126.410 72.000
4 2254.0 126.319 72.000
4 2255.0 126.229 72.000
4 2256.0 126.139 72.000
4 2257.0 126.049 72.000
4 2258.0 125.959 72.000
4 2259.0 125.869 72.000
4 2260.0 125.779 72.000
4 2261.0 125.689 72.000
4 2262.0 125.598 72.000
4 2263.0 125.508 72.000
4 2264.0 125.418 72.000
4 2265.0 125.328 72.000
4 2266.0 125.238 72.000
4 2267.0 125.148 72.000
4 2268.0 125.058 72.000
4 2269.0 124.967 72.000
4 2270.0 124.877 72.000
4 2271.0 124.787 72.000
4 2272.0 124.697 72.000
4 2273.0 124.607 72.000
4 2274.0 124.517 72.000
4 2275.0 124.427 72.000
4 2276.0 124.337 72.000
4 2277.0 124.246 72.000
4 2278.0 124.156 72.000
4 2279.0 124.066 72.000
4 2280.0 123.976 72.000
4 2281.0 123.886 72.000
4 2282.0 123.796 72.000
4 2283.0 123.706 72.000
4 2284.0 123.615 72.000
4 2285.0 123.525 72.000
4 2286.0 123.435 72.000
4 2287.0 123.345 72.000
4 2288.0 123.255 72.000
4 2289.0 123.165 72.000
4 2290.0 123.075 72.000
4 2291.0 122.985 72.000
4 2292.0 122.894 72.000
4 2293.0 122.804 72.000
4 2294.0 122.714 72.000
4 2295.0 122.624 72.000
4 2296.0 122.534 72.000
4 2297.0 122.444 72.000
4 2298.0 122.354 72.000
4 2299.0 122.263 72.000
4 2300.0 122.173 72.000
4 2301.0 122.083 72.000
4 2302.0 121.993 72.000
4 2303.0 121.903 72.000
4 2304.0 121.813 72.000
4 2305.0 121.723 72.000
4 2306.0 121.633 72.000
4 2307.0 121.542 72.000
4 2308.0 121.452 72.000
4 2309.0 121.362 72.000
4 2310.0 121.272 72.000
4 2311.0 121.182 72.000
4 2312.0 121.092 72.000
4 2313.0 121.002 72.000
4 2314.0 120.911 72.000
4 2315.0 120.821 72.000
4 2316.0 120.731 72.000
4 2317.0 120.641 72.000
4 2318.0 120.551 72.000
4 2319.0 120.461 72.000
4 2320.0 120.371 72.000
4 2321.0 120.281 72.000
4 2322.0 120.190 72.000
4 2323.0 120.100 72.000
4 2324.0 120.010 72.000
4 2325.0 119.920 72.000
4 2326.0 119.830 72.000
4 2327.0 119.740 72.000
4 2328.0 119.650 72.000
4 2329.0 119.559 72.000
4 2330.0 119.469 72.000
4 2331.0 119.379 72.000
4 2332.0 119.289 72.000
4 2333.0 119.199 72.000
4 2334.0 119.109 72.000
4 2335.0 119.019 72.000
4 2336.0 118.929 72.000
4 2337.0 118.838 72.000
4 2338.0 118.748 72.000
4 2339.0 118.658 72.000
4 2340.0 118.568 72.000
4 2341.0 118.478 72.000
4 2342.0 118.388 72.000
4 2343.0 118.298 72.000
4 2344.0 118.207 72.000
4 2345.0 118.117 72.000
4 2346.0 118.027 72.000
4 2347.0 117.937 72.000
4 2348.0 117.847 72.000
4 2349.0 117.757 72.000
4 2350.0 117.667 72.000
4 2351.0 117.577 72.000
4 2352.0 117.486 72.000
4 2353.0 117.396 72.000
4 2354.0 117.306 72.000
4 2355.0 117.216 72.000
4 2356.0 117.126 72.000
4 2357.0 117.036 72.000
4 2358.0 116.946 72.000
4 2359.0 116.855 72.000
4 2360.0 116.765 72.000
4 2361.0 116.675 72.000
4 2362.0 116.585 72.000
4 2363.0 116.495 72.000
4 2364.0 116.405 72.000
4 2365.0 116.315 72.000
4 2366.0 116.225 72.000
4 2367.0 116.134 72.000
4 2368.0 116.044 72.000
4 2369.0 115.954 72.000
4 2370.0 115.864 72.000
4 2371.0 115.774 72.000
4 2372.0 115.684 72.000
4 2373.0 115.594 72.000
4 2374.0 115.503 72.000
4 2375.0 115.413 72.000
4 2376.0 115.323 72.000
4 2377.0 115.233 72.000
4 2378.0 115.143 72.000
4 2379.0 115.053 72.000
4 2380.0 114.963 72.000
4 2381.0 114.873 72.000
4 2382.0 114.782 72.000
4 2383.0 114.692 72.000
4 2384.0 114.602 72.000
4 2385.0 114.512 72.000
4 2386.0 114.422 72.000
4 2387.0 114.332 72.000
4 2388.0 114.242 72.000
4 2389.0 114.151 72.000
4 2390.0 114.061 72.000
4 2391.0 113.971 72.000
4 2392.0 113.881 72.000
4 2393.0 113.791 72.000
4 2394.0 113.701 72.000
4 2395.0 113.611 72.000
4 2396.0 113.521 72.000
4 2397.0 113.430 72.000
4 2398.0 113.340 72.000
4 2399.0 113.250 72.000
4 2400.0 113.160 72.000
4 2401.0 113.070 72.000
4 2402.0 112.980 72.000
4 2403.0 112.890 72.000
4 2404.0 112.799 72.000
4 2405.0 112.709 72.000
4 2406.0 112.619 72.000
4 2407.0 112.529 72.000
4 2408.0 112.439 72.000
4 2409.0 112.349 72.000
4 2410.0 112.259 72.000
4 2411.0 112.169 72.000
4 2412.0 112.078 72.000
4 2413.0 111.988 72.000
4 2414.0 111.898 72.000
4 2415.0 111.808 72.000
4 2416.0 111.718 72.000
4 2417.0 111.628 72.000
4 2418.0 111.538 72.000
4 2419.0 111.447 72.000
4 2420.0 111.357 72.000
4 2421.0 111.267 72.000
4 2422.0 111.177 72.000
4 2423.0 111.087 72.000
4 2424.0 110.997 72.000
4 2425.0 110.907 72.000
4 2426.0 110.817 72.000
4 2427.0 110.726 72.000
4 2428.0 110.636 72.000
4 2429.0 110.546 72.000
4 2430.0 110.456 72.000
4 2431.0 110.366 72.000
4 2432.0 110.276 72.000
4 2433.0 110.186 72.000
4 2434.0 110.095 72.000
4 2435.0 110.005 72.000
4 2436.0 109.915 72.000
4 2437.0 109.825 72.000
4 2438.0 109.735 72.000
4 2439.0 109.645 72.000
4 2440.0 109.555 72.000
4 2441.0 109.465 72.000
4 2442.0 109.374 72.000
4 2443.0 109.284 72.000
4 2444.0 109.194 72.000
4 2445.0 109.104 72.000
4 2446.0 109.014 72.000
4 2447.0 108.924 72.000
4 2448.0 108.834 72.000
4 2449.0 108.743 72.000
4 2450.0 108.653 72.000
4 2451.0 108.563 72.000
4 2452.0 108.473 72.000
4 2453.0 108.383 72.000
4 2454.0 108.293 72.000
4 2455.0 108.203 72.000
4 2456.0 108.113 72.000
4 2457.0 108.022 72.000
4 2458.0 107.932 72.000
4 2459.0 107.842 72.000
4 2460.0 107.752 72.000
4 2461.0 107.662 72.000
4 2462.0 107.572 72.000
4 2463.0 107.482 72.000
4 2464.0 107.391 72.000
4 2465.0 107.301 72.000
4 2466.0 107.211 72.000
4 2467.0 107.121 72.000
4 2468.0 107.031 72.000
4 2469.0 106.941 72.000
4 2470.0 106.851 72.000
4 2471.0 106.761 72.000
4 2472.0 106.670 72.000
4 2473.0 106.580 72.000
4 2474.0 106.490 72.000
4 2475.0 106.400 72.000
4 2476.0 106.310 72.000
4 2477.0 106.220 72.000
4 2478.0 106.130 72.000
4 2479.0 106.039 72.000
4 2480.0 105.949 72.000
4 2481.0 105.859 72.000
4 2482.0 105.769 72.000
4 2483.0 105.679 72.000
4 2484.0 105.589 72.000
4 2485.0 105.499 72.000
4 2486.0 105.409 72.000
4 2487.0 105.318 72.000
4 2488.0 105.228 72.000
4 2489.0 105.138 72.000
4 2490.0 105.048 72.000
4 2491.0 104.958 72.000
4 2492.0 104.868 72.000
4 2493.0 104.778 72.000
4 2494.0 104.687 72.000
4 2495.0 104.597 72.000
4 2496.0 104.507 72.000
4 2497.0 104.417 72.000
4 2498.0 104.327 72.000
4 2499.0 104.237 72.000
4 2500.0 104.147 72.000
4 2501.0 104.057 72.000
4 2502.0 103.966 72.000
4 2503.0 103.876 72.000
4 2504.0 103.786 72.000
4 2505.0 103.696 72.000
4 2506.0 103.606 72.000
4 2507.0 103.516 72.000
4 2508.0 103.426 72.000
4 2509.0 103.335 72.000
4 2510.0 103.245 72.000
4 2511.0 103.155 72.000
4 2512.0 103.065 72.000
4 2513.0 102.975 72.000
4 2514.0 102.885 72.000
4 2515.0 102.795 72.000
4 2516.0 102.705 72.000
4 2517.0 102.614 72.000
4 2518.0 102.524 72.000
4 2519.0 102.434 72.000
4 2520.0 102.344 72.000
4 2521.0 102.254 72.000
4 2522.0 102.164 72.000
4 2523.0 102.074 72.000
4 2524.0 101.983 72.000
4 2525.0 101.893 72.000
4 2526.0 101.803 72.000
4 2527.0 101.713 72.000
4 2528.0 101.623 72.000
4 2529.0 101.533 72.000
4 2530.0 101.443 72.000
4 2531.0 101.353 72.000
4 2532.0 101.262 72.000
4 2533.0 101.172 72.000
4 2534.0 101.082 72.000
4 2535.0 100.992 72.000
4 2536.0 100.902 72.000
4 2537.0 100.812 72.000
4 2538.0 100.722 72.000
4 2539.0 100.631 72.000
4 2540.0 100.541 72.000
4 2541.0 100.451 72.000
4 2542.0 100.361 72.000
4 2543.0 100.271 72.000
4 2544.0 100.181 72.000
4 2545.0 100.091 72.000
4 2546.0 100.001 72.000
4 2547.0 99.910 72.000
4 2548.0 99.820 72.000
4 2549.0 99.730 72.000
4 2550.0 99.640 72.000
4 2551.0 99.550 72.000
4 2552.0 99.460 72.000
4 2553.0 99.370 72.000
4 2554.0 99.279 72.000
4 2555.0 99.189 72.000
4 2556.0 99.099 72.000
4 2557.0 99.009 72.000
4 2558.0 98.919 72.000
4 2559.0 98.829 72.000
4 2560.0 98.739 72.000
4 2561.0 98.649 72.000
4 2562.0 98.558 72.000
4 2563.0 98.468 72.000
4 2564.0 98.378 72.000
4 2565.0 98.288 72.000
4 2566.0 98.198 72.000
4 2567.0 98.108 72.000
4 2568.0 98.018 72.000
4 2569.0 97.927 72.000
4 2570.0 97.837 72.000
4 2571.0 97.747 72.000
4 2572.0 97.657 72.000
4 2573.0 97.567 72.000
4 2574.0 97.477 72.000
4 2575.0 97.387 72.000
4 2576.0 97.297 72.000
4 2577.0 97.206 72.000
4 2578.0 97.116 72.000
4 2579.0 97.026 72.000
4 2580.0 96.936 72.000
4 2581.0 96.846 72.000
4 2582.0 96.756 72.000
4 2583.0 96.666 72.000
4 2584.0 96.575 72.000
4 2585.0 96.485 72.000
4 2586.0 96.395 72.000
4 2587.0 96.305 72.000
4 2588.0 96.215 72.000
4 2589.0 96.125 72.000
4 2590.0 96.035 72.000
4 2591.0 95.945 72.000
4 2592.0 95.854 72.000
4 2593.0 95.764 72.000
4 2594.0 95.674 72.000
4 2595.0 95.584 72.000
4 2596.0 95.494 72.000
4 2597.0 95.404 72.000
4 2598.0 95.314 72.000
4 2599.0 95.223 72.000
4 2600.0 95.133 72.000
4 2601.0 95.043 72.000
4 2602.0 94.953 72.000
4 2603.0 94.863 72.000
4 2604.0 94.773 72.000
4 2605.0 94.683 72.000
4 2606.0 94.593 72.000
4 2607.0 94.502 72.000
4 2608.0 94.412 72.000
4 2609.0 94.322 72.000
4 2610.0 94.232 72.000
4 2611.0 94.142 72.000
4 2612.0 94.052 72.000
4 2613.0 93.962 72.000
4 2614.0 93.871 72.000
4 2615.0 93.781 72.000
4 2616.0 93.691 72.000
4 2617.0 93.601 72.000
4 2618.0 93.511 72.000
4 2619.0 93.421 72.000
4 2620.0 93.331 72.000
4 2621.0 93.241 72.000
4 2622.0 93.150 72.000
4 2623.0 93.060 72.000
4 2624.0 92.970 72.000
4 2625.0 92.880 72.000
4 2626.0 92.790 72.000
4 2627.0 92.700 72.000
4 2628.0 92.610 72.000
4 2629.0 92.519 72.000
4 2630.0 92.429 72.000
4 2631.0 92.339 72.000
4 2632.0 92.249 72.000
4 2633.0 92.159 72.000
4 2634.0 92.069 72.000
4 2635.0 91.979 72.000
4 2636.0 91.889 72.000
4 2637.0 91.798 72.000
4 2638.0 91.708 72.000
4 2639.0 91.618 72.000
4 2640.0 91.528 72.000
4 2641.0 91.438 72.000
4 2642.0 91.348 72.000
4 2643.0 91.258 72.000
4 2644.0 91.167 72.000
4 2645.0 91.077 72.000
4 2646.0 90.987 72.000
4 2647.0 90.897 72.000
4 2648.0 90.807 72.000
4 2649.0 90.717 72.000
4 2650.0 90.627 72.000
4 2651.0 90.537 72.000
4 2652.0 90.446 72.000
4 2653.0 90.356 72.000
4 2654.0 90.266 72.000
4 2655.0 90.176 72.000
4 2656.0 90.086 72.000
4 2657.0 89.996 72.000
4 2658.0 89.906 72.000
4 2659.0 89.815 72.000
4 2660.0 89.725 72.000
4 2661.0 89.635 72.000
4 2662.0 89.545 72.000
4 2663.0 89.455 72.000
4 2664.0 89.365 72.000
4 2665.0 89.275 72.000
4 2666.0 89.185 72.000
4 2667.0 89.094 72.000
4 2668.0 89.004 72.000
4 2669.0 88.914 72.000
4 2670.0 88.824 72.000
4 2671.0 88.734 72.000
4 2672.0 88.644 72.000
4 2673.0 88.554 72.000
4 2674.0 88.463 72.000
4 2675.0 88.373 72.000
4 2676.0 88.283 72.000
4 2677.0 88.193 72.000
4 2678.0 88.103 72.000
4 2679.0 88.013 72.000
4 2680.0 87.923 72.000
4 2681.0 87.833 72.000
4 2682.0 87.742 72.000
4 2683.0 87.652 72.000
4 2684.0 87.562 72.000
4 2685.0 87.472 72.000
4 2686.0 87.382 72.000
4 2687.0 87.292 72.000
4 2688.0 87.202 72.000
4 2689.0 87.111 72.000
4 2690.0 87.021 72.000
4 2691.0 86.931 72.000
4 2692.0 86.841 72.000
4 2693.0 86.751 72.000
4 2694.0 86.661 72.000
4 2695.0 86.571 72.000
4 2696.0 86.481 72.000
4 2697.0 86.390 72.000
4 2698.0 86.300 72.000
4 2699.0 86.210 72.000
4 2700.0 86.120 72.000
4 2701.0 86.030 72.000
4 2702.0 85.940 72.000
4 2703.0 85.850 72.000
4 2704.0 85.759 72.000
4 2705.0 85.669 72.000
4 2706.0 85.579 72.000
4 2707.0 85.489 72.000
4 2708.0 85.399 72.000
4 2709.0 85.309 72.000
4 2710.0 85.219 72.000
4 2711.0 85.129 72.000
4 2712.0 85.038 72.000
4 2713.0 84.948 72.000
4 2714.0 84.858 72.000
4 2715.0 84.768 72.000
4 2716.0 84.678 72.000
4 2717.0 84.588 72.000
4 2718.0 84.498 72.000
4 2719.0 84.407 72.000
4 2720.0 84.317 72.000
4 2721.0 84.227 72.000
4 2722.0 84.137 72.000
4 2723.0 84.047 72.000
4 2724.0 83.957 72.000
4 2725.0 83.867 72.000
4 2726.0 83.777 72.000
4 2727.0 83.686 72.000
4 2728.0 83.596 72.000
4 2729.0 83.506 72.000
4 2730.0 83.416 72.000
4 2731.0 83.326 72.000
4 2732.0 83.236 72.000
4 2733.0 83.146 72.000
4 2734.0 83.055 72.000
4 2735.0 82.965 72.000
4 2736.0 82.875 72.000
4 2737.0 82.785 72.000
4 2738.0 82.695 72.000
4 2739.0 82.605 72.000
4 2740.0 82.515 72.000
4 2741.0 82.425 72.000
4 2742.0 82.334 72.000
4 2743.0 82.244 72.000
4 2744.0 82.154 72.000
4 2745.0 82.064 72.000
4 2746.0 81.974 72.000
4 2747.0 81.884 72.000
4 2748.0 81.794 72.000
4 2749.0 81.703 72.000
4 2750.0 81.613 72.000
4 2751.0 81.523 72.000
4 2752.0 81.433 72.000
4 2753.0 81.343 72.000
4 2754.0 81.253 72.000
4 2755.0 81.163 72.000
4 2756.0 81.073 72.000
4 2757.0 80.982 72.000
4 2758.0 80.892 72.000
4 2759.0 80.802 72.000
4 2760.0 80.712 72.000
4 2761.0 80.622 72.000
4 2762.0 80.532 72.000
4 2763.0 80.442 72.000
4 2764.0 80.351 72.000
4 2765.0 80.261 72.000
4 2766.0 80.171 72.000
4 2767.0 80.081 72.000
4 2768.0 79.991 72.000
4 2769.0 79.901 72.000
4 2770.0 79.811 72.000
4 2771.0 79.721 72.000
4 2772.0 79.630 72.000
4 2773.0 79.540 72.000
4 2774.0 79.450 72.000
4 2775.0 79.360 72.000
4 2776.0 79.270 72.000
4 2777.0 79.180 72.000
4 2778.0 79.090 72.000
4 2779.0 78.999 72.000
4 2780.0 78.909 72.000
4 2781.0 78.819 72.000
4 2782.0 78.729 72.000
4 2783.0 78.639 72.000
4 2784.0 78.549 72.000
4 2785.0 78.459 72.000
4 2786.0 78.369 72.000
4 2787.0 78.278 72.000
4 2788.0 78.188 72.000
4 2789.0 78.098 72.000
4 2790.0 78.008 72.000
4 2791.0 77.918 72.000
4 2792.0 77.828 72.000
4 2793.0 77.738 72.000
4 2794.0 77.647 72.000
4 2795.0 77.557 72.000
4 2796.0 77.467 72.000
4 2797.0 77.377 72.000
4 2798.0 77.287 72.000
4 2799.0 77.197 72.000
4 2800.0 77.107 72.000
4 2801.0 77.017 72.000
4 2802.0 76.926 72.000
4 2803.0 76.836 72.000
4 2804.0 76.746 72.000
4 2805.0 76.656 72.000
4 2806.0 76.566 72.000
4 2807.0 76.476 72.000
4 2808.0 76.386 72.000
4 2809.0 76.295 72.000
4 2810.0 76.205 72.000
4 2811.0 76.115 72.000
4 2812.0 76.025 72.000
4 2813.0 75.935 72.000
4 2814.0 75.845 72.000
4 2815.0 75.755 72.000
4 2816.0 75.665 72.000
4 2817.0 75.574 72.000
4 2818.0 75.484 72.000
4 2819.0 75.394 72.000
4 2820.0 75.304 72.000
4 2821.0 75.214 72.000
4 2822.0 75.124 72.000
4 2823.0 75.034 72.000
4 2824.0 74.943 72.000
4 2825.0 74.853 72.000
4 2826.0 74.763 72.000
4 2827.0 74.673 72.000
4 2828.0 74.583 72.000
4 2829.0 74.493 72.000
4 2830.0 74.403 72.000
4 2831.0 74.313 72.000
4 2832.0 74.222 72.000
4 2833.0 74.132 72.000
4 2834.0 74.042 72.000
4 2835.0 73.952 72.000
4 2836.0 73.862 72.000
4 2837.0 73.772 72.000
4 2838.0 73.682 72.000
4 2839.0 73.591 72.000
4 2840.0 73.501 72.000
4 2841.0 73.411 72.000
4 2842.0 73.321 72.000
4 2843.0 73.231 72.000
4 2844.0 73.141 72.000
4 2845.0 73.051 72.000
4 2846.0 72.961 72.000
4 2847.0 72.870 72.000
4 2848.0 72.780 72.000
4 2849.0 72.690 72.000
4 2850.0 72.600 72.000
4 2851.0 72.510 72.000
4 2852.0 72.420 72.000
4 2853.0 72.330 72.000
4 2854.0 72.239 72.000
4 2855.0 72.149 72.000
4 2856.0 72.059 72.000
4 2857.0 71.969 72.000
4 2858.0 71.879 72.000
4 2859.0 71.789 72.000
4 2860.0 71.699 72.000
4 2861.0 71.609 72.000
4 2862.0 71.518 72.000
4 2863.0 71.428 72.000
4 2864.0 71.338 72.000
4 2865.0 71.248 72.000
4 2866.0 71.158 72.000
4 2867.0 71.068 72.000
4 2868.0 70.978 72.000
4 2869.0 70.887 72.000
4 2870.0 70.797 72.000
4 2871.0 70.707 72.000
4 2872.0 70.617 72.000
4 2873.0 70.527 72.000
4 2874.0 70.437 72.000
4 2875.0 70.347 72.000
4 2876.0 70.257 72.000
4 2877.0 70.166 72.000
4 2878.0 70.076 72.000
4 2879.0 69.986 72.000
4 2880.0 69.896 72.000
4 2881.0 69.806 72.000
4 2882.0 69.716 72.000
4 2883.0 69.626 72.000
4 2884.0 69.535 72.000
4 2885.0 69.445 72.000
4 2886.0 69.355 72.000
4 2887.0 69.265 72.000
4 2888.0 69.175 72.000
4 2889.0 69.085 72.000
4 2890.0 68.995 72.000
4 2891.0 68.905 72.000
4 2892.0 68.814 72.000
4 2893.0 68.724 72.000
4 2894.0 68.634 72.000
4 2895.0 68.544 72.000
4 2896.0 68.454 72.000
4 2897.0 68.364 72.000
4 2898.0 68.274 72.000
4 2899.0 68.183 72.000
4 2900.0 68.093 72.000
4 2901.0 68.003 72.000
4 2902.0 67.913 72.000
4 2903.0 67.823 72.000
4 2904.0 67.733 72.000
4 2905.0 67.643 72.000
4 2906.0 67.553 72.000
4 2907.0 67.462 72.000
4 2908.0 67.372 72.000
4 2909.0 67.282 72.000
4 2910.0 67.192 72.000
4 2911.0 67.102 72.000
4 2912.0 67.012 72.000
4 2913.0 66.922 72.000
4 2914.0 66.831 72.000
4 2915.0 66.741 72.000
4 2916.0 66.651 72.000
4 2917.0 66.561 72.000
4 2918.0 66.471 72.000
4 2919.0 66.381 72.000
4 2920.0 66.291 72.000
4 2921.0 66.201 72.000
4 2922.0 66.110 72.000
4 2923.0 66.020 72.000
4 2924.0 65.930 72.000
4 2925.0 65.840 72.000
4 2926.0 65.750 72.000
4 2927.0 65.660 72.000
4 2928.0 65.570 72.000
4 2929.0 65.479 72.000
4 2930.0 65.389 72.000
4 2931.0 65.299 72.000
4 2932.0 65.209 72.000
4 2933.0 65.119 72.000
4 2934.0 65.029 72.000
4 2935.0 64.939 72.000
4 2936.0 64.849 72.000
4 2937.0 64.758 72.000
4 2938.0 64.668 72.000
4 2939.0 64.578 72.000
4 2940.0 64.488 72.000
4 2941.0 64.398 72.000
4 2942.0 64.308 72.000
4 2943.0 64.218 72.000
4 2944.0 64.127 72.000
4 2945.0 64.037 72.000
4 2946.0 63.947 72.000
4 2947.0 63.857 72.000
4 2948.0 63.767 72.000
4 2949.0 63.677 72.000
4 2950.0 63.587 72.000
4 2951.0 63.497 72.000
4 2952.0 63.406 72.000
4 2953.0 63.316 72.000
4 2954.0 63.226 72.000
4 2955.0 63.136 72.000
4 2956.0 63.046 72.000
4 2957.0 62.956 72.000
4 2958.0 62.866 72.000
4 2959.0 62.775 72.000
4 2960.0 62.685 72.000
4 2961.0 62.595 72.000
4 2962.0 62.505 72.000
4 2963.0 62.415 72.000
4 2964.0 62.325 72.000
4 2965.0 62.235 72.000
4 2966.0 62.145 72.000
4 2967.0 62.054 72.000
4 2968.0 61.964 72.000
4 2969.0 61.874 72.000
4 2970.0 61.784 72.000
4 2971.0 61.694 72.000
4 2972.0 61.604 72.000
4 2973.0 61.514 72.000
4 2974.0 61.423 72.000
4 2975.0 61.333 72.000
4 2976.0 61.243 72.000
4 2977.0 61.153 72.000
4 2978.0 61.063 72.000
4 2979.0 60.973 72.000
4 2980.0 60.883 72.000
4 2981.0 60.793 72.000
4 2982.0 60.702 72.000
4 2983.0 60.612 72.000
4 2984.0 60.522 72.000
4 2985.0 60.432 72.000
4 2986.0 60.342 72.000
4 2987.0 60.252 72.000
4 2988.0 60.162 72.000
4 2989.0 60.071 72.000
4 2990.0 59.981 72.000
4 2991.0 59.891 72.000
4 2992.0 59.801 72.000
4 2993.0 59.711 72.000
4 2994.0 59.621 72.000
4 2995.0 59.531 72.000
4 2996.0 59.441 72.000
4 2997.0 59.350 72.000
4 2998.0 59.260 72.000
4 2999.0 59.170 72.000
4 3000.0 59.080 72.000
4 3001.0 58.990 72.000
4 3002.0 58.900 72.000
4 3003.0 58.810 72.000
4 3004.0 58.719 72.000
4 3005.0 58.629 72.000
4 3006.0 58.539 72.000
4 3007.0 58.449 72.000
4 3008.0 58.359 72.000
4 3009.0 58.269 72.000
4 3010.0 58.179 72.000
4 3011.0 58.089 72.000
4 3012.0 57.998 72.000
4 3013.0 57.908 72.000
4 3014.0 57.818 72.000
4 3015.0 57.728 72.000
4 3016.0 57.638 72.000
4 3017.0 57.548 72.000
4 3018.0 57.458 72.000
4 3019.0 57.367 72.000
4 3020.0 57.277 72.000
4 3021.0 57.187 72.000
4 3022.0 57.097 72.000
4 3023.0 57.007 72.000
4 3024.0 56.917 72.000
4 3025.0 56.827 72.000
4 3026.0 56.737 72.000
4 3027.0 56.646 72.000
4 3028.0 56.556 72.000
4 3029.0 56.466 72.000
4 3030.0 56.376 72.000
4 3031.0 56.286 72.000
4 3032.0 56.196 72.000
4 3033.0 56.106 72.000
4 3034.0 56.015 72.000
4 3035.0 55.925 72.000
4 3036.0 55.835 72.000
4 3037.0 55.745 72.000
4 3038.0 55.655 72.000
4 3039.0 55.565 72.000
4 3040.0 55.475 72.000
4 3041.0 55.385 72.000
4 3042.0 55.294 72.000
4 3043.0 55.204 72.000
4 3044.0 55.114 72.000
4 3045.0 55.024 72.000
4 3046.0 54.934 72.000
4 3047.0 54.844 72.000
4 3048.0 54.754 72.000
4 3049.0 54.663 72.000
4 3050.0 54.573 72.000
4 3051.0 54.483 72.000
4 3052.0 54.393 72.000
4 3053.0 54.303 72.000
4 3054.0 54.213 72.000
4 3055.0 54.123 72.000
4 3056.0 54.033 72.000
4 3057.0 53.942 72.000
4 3058.0 53.852 72.000
4 3059.0 53.762 72.000
4 3060.0 53.672 72.000
4 3061.0 53.582 72.000
4 3062.0 53.492 72.000
4 3063.0 53.402 72.000
4 3064.0 53.311 72.000
4 3065.0 53.221 72.000
4 3066.0 53.131 72.000
4 3067.0 53.041 72.000
4 3068.0 52.951 72.000
4 3069.0 52.861 72.000
4 3070.0 52.771 72.000
4 3071.0 52.681 72.000
4 3072.0 52.590 72.000
4 3073.0 52.500 72.000
4 3074.0 52.410 72.000
4 3075.0 52.320 72.000
4 3076.0 52.230 72.000
4 3077.0 52.140 72.000
4 3078.0 52.050 72.000
4 3079.0 51.959 72.000
4 3080.0 51.869 72.000
4 3081.0 51.779 72.000
4 3082.0 51.689 72.000
4 3083.0 51.599 72.000
4 3084.0 51.509 72.000
4 3085.0 51.419 72.000
4 3086.0 51.329 72.000
4 3087.0 51.238 72.000
4 3088.0 51.148 72.000
4 3089.0 51.058 72.000
4 3090.0 50.968 72.000
4 3091.0 50.878 72.000
4 3092.0 50.788 72.000
4 3093.0 50.698 72.000
4 3094.0 50.607 72.000
4 3095.0 50.517 72.000
4 3096.0 50.427 72.000
4 3097.0 50.337 72.000
4 3098.0 50.247 72.000
4 3099.0 50.157 72.000
4 3100.0 50.067 72.000
4 3101.0 49.977 72.000
4 3102.0 49.886 72.000
4 3103.0 49.796 72.000
4 3104.0 49.706 72.000
4 3105.0 49.616 72.000
4 3106.0 49.526 72.000
4 3107.0 49.436 72.000
4 3108.0 49.346 72.000
4 3109.0 49.255 72.000
4 3110.0 49.165 72.000
4 3111.0 49.075 72.000
4 3112.0 48.985 72.000
4 3113.0 48.895 72.000
4 3114.0 48.805 72.000
4 3115.0 48.715 72.000
4 3116.0 48.625 72.000
4 3117.0 48.534 72.000
4 3118.0 48.444 72.000
4 3119.0 48.354 72.000
4 3120.0 48.264 72.000
4 3121.0 48.174 72.000
4 3122.0 48.084 72.000
4 3123.0 47.994 72.000
4 3124.0 47.903 72.000
4 3125.0 47.813 72.000
4 3126.0 47.723 72.000
4 3127.0 47.633 72.000
4 3128.0 47.543 72.000
4 3129.0 47.453 72.000
4 3130.0 47.363 72.000
4 3131.0 47.273 72.000
4 3132.0 47.182 72.000
4 3133.0 47.092 72.000
4 3134.0 47.002 72.000
4 3135.0 46.912 72.000
4 3136.0 46.822 72.000
4 3137.0 46.732 72.000
4 3138.0 46.642 72.000
4 3139.0 46.551 72.000
4 3140.0 46.461 72.000
4 3141.0 46.371 72.000
4 3142.0 46.281 72.000
4 3143.0 46.191 72.000
4 3144.0 46.101 72.000
4 3145.0 46.011 72.000
4 3146.0 45.921 72.000
4 3147.0 45.830 72.000
4 3148.0 45.740 72.000
4 3149.0 45.650 72.000
4 3150.0 45.560 72.000
4 3151.0 45.470 72.000
4 3152.0 45.380 72.000
4 3153.0 45.290 72.000
4 3154.0 45.199 72.000
4 3155.0 45.109 72.000
4 3156.0 45.019 72.000
4 3157.0 44.929 72.000
4 3158.0 44.839 72.000
4 3159.0 44.749 72.000
4 3160.0 44.659 72.000
4 3161.0 44.569 72.000
4 3162.0 44.478 72.000
4 3163.0 44.388 72.000
4 3164.0 44.298 72.000
4 3165.0 44.208 72.000
4 3166.0 44.118 72.000
4 3167.0 44.028 72.000
4 3168.0 43.938 72.000
4 3169.0 43.847 72.000
4 3170.0 43.757 72.000
4 3171.0 43.667 72.000
4 3172.0 43.577 72.000
4 3173.0 43.487 72.000
4 3174.0 43.397 72.000
4 3175.0 43.307 72.000
4 3176.0 43.217 72.000
4 3177.0 43.126 72.000
4 3178.0 43.036 72.000
4 3179.0 42.946 72.000
4 3180.0 42.856 72.000
4 3181.0 42.766 72.000
4 3182.0 42.676 72.000
4 3183.0 42.586 72.000
4 3184.0 42.495 72.000
4 3185.0 42.405 72.000
4 3186.0 42.315 72.000
4 3187.0 42.225 72.000
4 3188.0 42.135 72.000
4 3189.0 42.045 72.000
4 3190.0 41.955 72.000
4 3191.0 41.865 72.000
4 3192.0 41.774 72.000
4 3193.0 41.684 72.000
4 3194.0 41.594 72.000
4 3195.0 41.504 72.000
4 3196.0 41.414 72.000
4 3197.0 41.324 72.000
4 3198.0 41.234 72.000
4 3199.0 41.143 72.000
4 3200.0 41.053 72.000
4 3201.0 40.963 72.000
4 3202.0 40.873 72.000
4 3203.0 40.783 72.000
4 3204.0 40.693 72.000
4 3205.0 40.603 72.000
4 3206.0 40.513 72.000
4 3207.0 40.422 72.000
4 3208.0 40.332 72.000
4 3209.0 40.242 72.000
4 3210.0 40.152 72.000
4 3211.0 40.062 72.000
4 3212.0 39.972 72.000
4 3213.0 39.882 72.000
4 3214.0 39.791 72.000
4 3215.0 39.701 72.000
4 3216.0 39.611 72.000
4 3217.0 39.521 72.000
4 3218.0 39.431 72.000
4 3219.0 39.341 72.000
4 3220.0 39.251 72.000
4 3221.0 39.161 72.000
4 3222.0 39.070 72.000
4 3223.0 38.980 72.000
4 3224.0 38.890 72.000
4 3225.0 38.800 72.000
4 3226.0 38.710 72.000
4 3227.0 38.620 72.000
4 3228.0 38.530 72.000
4 3229.0 38.439 72.000
4 3230.0 38.349 72.000
4 3231.0 38.259 72.000
4 3232.0 38.169 72.000
4 3233.0 38.079 72.000
4 3234.0 37.989 72.000
4 3235.0 37.899 72.000
4 3236.0 37.809 72.000
4 3237.0 37.718 72.000
4 3238.0 37.628 72.000
4 3239.0 37.538 72.000
4 3240.0 37.448 72.000
4 3241.0 37.358 72.000
4 3242.0 37.268 72.000
4 3243.0 37.178 72.000
4 3244.0 37.087 72.000
4 3245.0 36.997 72.000
4 3246.0 36.907 72.000
4 3247.0 36.817 72.000
4 3248.0 36.727 72.000
4 3249.0 36.637 72.000
4 3250.0 36.547 72.000
4 3251.0 36.457 72.000
4 3252.0 36.366 72.000
4 3253.0 36.276 72.000
4 3254.0 36.186 72.000
4 3255.0 36.096 72.000
4 3256.0 36.006 72.000
4 3257.0 35.916 72.000
4 3258.0 35.826 72.000
4 3259.0 35.735 72.000
4 3260.0 35.645 72.000
4 3261.0 35.555 72.000
4 3262.0 35.465 72.000
4 3263.0 35.375 72.000
4 3264.0 35.285 72.000
4 3265.0 35.195 72.000
4 3266.0 35.105 72.000
4 3267.0 35.014 72.000
4 3268.0 34.924 72.000
4 3269.0 34.834 72.000
4 3270.0 34.744 72.000
4 3271.0 34.654 72.000
4 3272.0 34.564 72.000
4 3273.0 34.474 72.000
4 3274.0 34.383 72.000
4 3275.0 34.293 72.000
4 3276.0 34.203 72.000
4 3277.0 34.113 72.000
4 3278.0 34.023 72.000
4 3279.0 33.933 72.000
4 3280.0 33.843 72.000
4 3281.0 33.753 72.000
4 3282.0 33.662 72.000
4 3283.0 33.572 72.000
4 3284.0 33.482 72.000
4 3285.0 33.392 72.000
4 3286.0 33.302 72.000
4 3287.0 33.212 72.000
4 3288.0 33.122 72.000
4 3289.0 33.031 72.000
4 3290.0 32.941 72.000
4 3291.0 32.851 72.000
4 3292.0 32.761 72.000
4 3293.0 32.671 72.000
4 3294.0 32.581 72.000
4 3295.0 32.491 72.000
4 3296.0 32.401 72.000
4 3297.0 32.310 72.000
4 3298.0 32.220 72.000
4 3299.0 32.130 72.000
4 3300.0 32.040 72.000
4 3301.0 31.950 72.000
4 3302.0 31.860 72.000
4 3303.0 31.770 72.000
4 3304.0 31.679 72.000
4 3305.0 31.589 72.000
4 3306.0 31.499 72.000
4 3307.0 31.409 72.000
4 3308.0 31.319 72.000
4 3309.0 31.229 72.000
4 3310.0 31.139 72.000
4 3311.0 31.049 72.000
4 3312.0 30.958 72.000
4 3313.0 30.868 72.000
4 3314.0 30.778 72.000
4 3315.0 30.688 72.000
4 3316.0 30.598 72.000
4 3317.0 30.508 72.000
4 3318.0 30.418 72.000
4 3319.0 30.327 72.000
4 3320.0 30.237 72.000
4 3321.0 30.147 72.000
4 3322.0 30.057 72.000
4 3323.0 29.967 72.000
4 3324.0 29.877 72.000
4 3325.0 29.787 72.000
4 3326.0 29.697 72.000
4 3327.0 29.606 72.000
4 3328.0 29.516 72.000
4 3329.0 29.426 72.000
4 3330.0 29.336 72.000
4 3331.0 29.246 72.000
4 3332.0 29.156 72.000
4 3333.0 29.066 72.000
4 3334.0 28.975 72.000
4 3335.0 28.885 72.000
4 3336.0 28.795 72.000
4 3337.0 28.705 72.000
4 3338.0 28.615 72.000
4 3339.0 28.525 72.000
4 3340.0 28.435 72.000
4 3341.0 28.345 72.000
4 3342.0 28.254 72.000
4 3343.0 28.164 72.000
4 3344.0 28.074 72.000
4 3345.0 27.984 72.000
4 3346.0 27.894 72.000
4 3347.0 27.804 72.000
4 3348.0 27.714 72.000
4 3349.0 27.623 72.000
4 3350.0 27.533 72.000
4 3351.0 27.443 72.000
4 3352.0 27.353 72.000
4 3353.0 27.263 72.000
4 3354.0 27.173 72.000
4 3355.0 27.083 72.000
4 3356.0 26.993 72.000
4 3357.0 26.902 72.000
4 3358.0 26.812 72.000
4 3359.0 26.722 72.000
4 3360.0 26.632 72.000
4 3361.0 26.542 72.000
4 3362.0 26.452 72.000
4 3363.0 26.362 72.000
4 3364.0 26.271 72.000
4 3365.0 26.181 72.000
4 3366.0 26.091 72.000
4 3367.0 26.001 72.000
4 3368.0 25.911 72.000
4 3369.0 25.821 72.000
4 3370.0 25.731 72.000
4 3371.0 25.641 72.000
4 3372.0 25.550 72.000
4 3373.0 25.460 72.000
4 3374.0 25.370 72.000
4 3375.0 25.280 72.000
4 3376.0 25.190 72.000
4 3377.0 25.100 72.000
4 3378.0 25.010 72.000
4 3379.0 24.919 72.000
4 3380.0 24.829 72.000
4 3381.0 24.739 72.000
4 3382.0 24.649 72.000
4 3383.0 24.559 72.000
4 3384.0 24.469 72.000
4 3385.0 24.379 72.000
4 3386.0 24.289 72.000
4 3387.0 24.198 72.000
4 3388.0 24.108 72.000
4 3389.0 24.018 72.000
4 3390.0 23.928 72.000
4 3391.0 23.838 72.000
4 3392.0 23.748 72.000
4 3393.0 23.658 72.000
4 3394.0 23.567 72.000
4 3395.0 23.477 72.000
4 3396.0 23.387 72.000
4 3397.0 23.297 72.000
4 3398.0 23.207 72.000
4 3399.0 23.117 72.000
4 3400.0 23.027 72.000
4 3401.0 22.937 72.000
4 3402.0 22.846 72.000
4 3403.0 22.756 72.000
4 3404.0 22.666 72.000
4 3405.0 22.576 72.000
4 3406.0 22.486 72.000
4 3407.0 22.396 72.000
4 3408.0 22.306 72.000
4 3409.0 22.215 72.000
4 3410.0 22.125 72.000
4 3411.0 22.035 72.000
4 3412.0 21.945 72.000
4 3413.0 21.855 72.000
4 3414.0 21.765 72.000
4 3415.0 21.675 72.000
4 3416.0 21.585 72.000
4 3417.0 21.494 72.000
4 3418.0 21.404 72.000
4 3419.0 21.314 72.000
4 3420.0 21.224 72.000
4 3421.0 21.134 72.000
4 3422.0 21.044 72.000
4 3423.0 20.954 72.000
4 3424.0 20.863 72.000
4 3425.0 20.773 72.000
4 3426.0 20.683 72.000
4 3427.0 20.593 72.000
4 3428.0 20.503 72.000
4 3429.0 20.413 72.000
4 3430.0 20.323 72.000
4 3431.0 20.233 72.000
4 3432.0 20.142 72.000
4 3433.0 20.052 72.000
4 3434.0 19.962 72.000
4 3435.0 19.872 72.000
4 3436.0 19.782 72.000
4 3437.0 19.692 72.000
4 3438.0 19.602 72.000
4 3439.0 19.511 72.000
4 3440.0 19.421 72.000
4 3441.0 19.331 72.000
4 3442.0 19.241 72.000
4 3443.0 19.151 72.000
4 3444.0 19.061 72.000
4 3445.0 18.971 72.000
4 3446.0 18.881 72.000
4 3447.0 18.790 72.000
4 3448.0 18.700 72.000
4 3449.0 18.610 72.000
4 3450.0 18.520 72.000
4 3451.0 18.430 72.000
4 3452.0 18.340 72.000
4 3453.0 18.250 72.000
4 3454.0 18.159 72.000
4 3455.0 18.069 72.000
4 3456.0 17.979 72.000
4 3457.0 17.889 72.000
4 3458.0 17.799 72.000
4 3459.0 17.709 72.000
4 3460.0 17.619 72.000
4 3461.0 17.529 72.000
4 3462.0 17.438 72.000
4 3463.0 17.348 72.000
4 3464.0 17.258 72.000
4 3465.0 17.168 72.000
4 3466.0 17.078 72.000
4 3467.0 16.988 72.000
4 3468.0 16.898 72.000
4 3469.0 16.807 72.000
4 3470.0 16.717 72.000
4 3471.0 16.627 72.000
4 3472.0 16.537 72.000
4 3473.0 16.447 72.000
4 3474.0 16.357 72.000
4 3475.0 16.267 72.000
4 3476.0 16.177 72.000
4 3477.0 16.086 72.000
4 3478.0 15.996 72.000
4 3479.0 15.906 72.000
4 3480.0 15.816 72.000
4 3481.0 15.726 72.000
4 3482.0 15.636 72.000
4 3483.0 15.546 72.000
4 3484.0 15.455 72.000
4 3485.0 15.365 72.000
4 3486.0 15.275 72.000
4 3487.0 15.185 72.000
4 3488.0 15.095 72.000
4 3489.0 15.005 72.000
4 3490.0 14.915 72.000
4 3491.0 14.825 72.000
4 3492.0 14.734 72.000
4 3493.0 14.644 72.000
4 3494.0 14.554 72.000
4 3495.0 14.464 72.000
4 3496.0 14.374 72.000
4 3497.0 14.284 72.000
4 3498.0 14.194 72.000
4 3499.0 14.103 72.000
4 3500.0 14.013 72.000
4 3501.0 13.923 72.000
4 3502.0 13.833 72.000
4 3503.0 13.743 72.000
4 3504.0 13.653 72.000
4 3505.0 13.563 72.000
4 3506.0 13.473 72.000
4 3507.0 13.382 72.000
4 3508.0 13.292 72.000
4 3509.0 13.202 72.000
4 3510.0 13.112 72.000
4 3511.0 13.022 72.000
4 3512.0 12.932 72.000
4 3513.0 12.842 72.000
4 3514.0 12.751 72.000
4 3515.0 12.661 72.000
4 3516.0 12.571 72.000
4 3517.0 12.481 72.000
4 3518.0 12.391 72.000
4 3519.0 12.301 72.000
4 3520.0 12.211 72.000
4 3521.0 12.121 72.000
4 3522.0 12.030 72.000
4 3523.0 11.940 72.000
4 3524.0 11.850 72.000
4 3525.0 11.760 72.000
4 3526.0 11.670 72.000
4 3527.0 11.580 72.000
4 3528.0 11.490 72.000
4 3529.0 11.399 72.000
4 3530.0 11.309 72.000
4 3531.0 11.219 72.000
4 3532.0 11.129 72.000
4 3533.0 11.039 72.000
4 3534.0 10.949 72.000
4 3535.0 10.859 72.000
4 3536.0 10.769 72.000
4 3537.0 10.678 72.000
4 3538.0 10.588 72.000
4 3539.0 10.498 72.000
4 3540.0 10.408 72.000
4 3541.0 10.318 72.000
4 3542.0 10.228 72.000
4 3543.0 10.138 72.000
4 3544.0 10.047 72.000
4 3545.0 9.957 72.000
4 3546.0 9.867 72.000
4 3547.0 9.777 72.000
4 3548.0 9.687 72.000
4 3549.0 9.597 72.000
4 3550.0 9.507 72.000
4 3551.0 9.417 72.000
4 3552.0 9.326 72.000
4 3553.0 9.236 72.000
4 3554.0 9.146 72.000
4 3555.0 9.056 72.000
4 3556.0 8.966 72.000
4 3557.0 8.876 72.000
4 3558.0 8.786 72.000
4 3559.0 8.695 72.000
4 3560.0 8.605 72.000
4 3561.0 8.515 72.000
4 3562.0 8.425 72.000
4 3563.0 8.335 72.000
4 3564.0 8.245 72.000
4 3565.0 8.155 72.000
4 3566.0 8.065 72.000
4 3567.0 7.974 72.000
4 3568.0 7.884 72.000
4 3569.0 7.794 72.000
4 3570.0 7.704 72.000
4 3571.0 7.614 72.000
4 3572.0 7.524 72.000
4 3573.0 7.434 72.000
4 3574.0 7.343 72.000
4 3575.0 7.253 72.000
4 3576.0 7.163 72.000
4 3577.0 7.073 72.000
4 3578.0 6.983 72.000
4 3579.0 6.893 72.000
4 3580.0 6.803 72.000
4 3581.0 6.713 72.000
4 3582.0 6.622 72.000
4 3583.0 6.532 72.000
4 3584.0 6.442 72.000
4 3585.0 6.352 72.000
4 3586.0 6.262 72.000
4 3587.0 6.172 72.000
4 3588.0 6.082 72.000
4 3589.0 5.991 72.000
4 3590.0 5.901 72.000
4 3591.0 5.811 72.000
4 3592.0 5.721 72.000
4 3593.0 5.631 72.000
4 3594.0 5.541 72.000
4 3595.0 5.451 72.000
4 3596.0 5.361 72.000
4 3597.0 5.270 72.000
4 3598.0 5.180 72.000
4 3599.0 5.090 72.000
4 3600.0 5.000 72.000
