# Cooja mobility data: grid30node LOW coverage
# Mobile sink: mote 6 in Cooja (id 5 = 0-indexed for mobility plugin)
# Start position: (0.0, 120.0)
# Path length: 360.00 m
# Total simulation time: 3600 s (1 hour)
# No static phase; mobile sink starts moving at t=0
# Speed: 0.1000 m/s (trajectory completes in exactly 1 hour)
# Format: <node_id> <time_s> <x_m> <y_m>
5 0.0 0.000 120.000
5 1.0 0.100 120.000
5 2.0 0.200 120.000
5 3.0 0.300 120.000
5 4.0 0.400 120.000
5 5.0 0.500 120.000
5 6.0 0.600 120.000
5 7.0 0.700 120.000
5 8.0 0.800 120.000
5 9.0 0.900 120.000
5 10.0 1.000 120.000
5 11.0 1.100 120.000
5 12.0 1.200 120.000
5 13.0 1.300 120.000
5 14.0 1.400 120.000
5 15.0 1.500 120.000
5 16.0 1.600 120.000
5 17.0 1.700 120.000
5 18.0 1.800 120.000
5 19.0 1.900 120.000
5 20.0 2.000 120.000
5 21.0 2.100 120.000
5 22.0 2.200 120.000
5 23.0 2.300 120.000
5 24.0 2.400 120.000
5 25.0 2.500 120.000
5 26.0 2.600 120.000
5 27.0 2.700 120.000
5 28.0 2.800 120.000
5 29.0 2.900 120.000
5 30.0 3.000 120.000
5 31.0 3.100 120.000
5 32.0 3.200 120.000
5 33.0 3.300 120.000
5 34.0 3.400 120.000
5 35.0 3.500 120.000
5 36.0 3.600 120.000
5 37.0 3.700 120.000
5 38.0 3.800 120.000
5 39.0 3.900 120.000
5 40.0 4.000 120.000
5 41.0 4.100 120.000
5 42.0 4.200 120.000
5 43.0 4.300 120.000
5 44.0 4.400 120.000
5 45.0 4.500 120.000
5 46.0 4.600 120.000
5 47.0 4.700 120.000
5 48.0 4.800 120.000
5 49.0 4.900 120.000
5 50.0 5.000 120.000
5 51.0 5.100 120.000
5 52.0 5.200 120.000
5 53.0 5.300 120.000
5 54.0 5.400 120.000
5 55.0 5.500 120.000
5 56.0 5.600 120.000
5 57.0 5.700 120.000
5 58.0 5.800 120.000
5 59.0 5.900 120.000
5 60.0 6.000 120.000
5 61.0 6.100 120.000
5 62.0 6.200 120.000
5 63.0 6.300 120.000
5 64.0 6.400 120.000
5 65.0 6.500 120.000
5 66.0 6.600 120.000
5 67.0 6.700 120.000
5 68.0 6.800 120.000
5 69.0 6.900 120.000
5 70.0 7.000 120.000
5 71.0 7.100 120.000
5 72.0 7.200 120.000
5 73.0 7.300 120.000
5 74.0 7.400 120.000
5 75.0 7.500 120.000
5 76.0 7.600 120.000
5 77.0 7.700 120.000
5 78.0 7.800 120.000
5 79.0 7.900 120.000
5 80.0 8.000 120.000
5 81.0 8.100 120.000
5 82.0 8.200 120.000
5 83.0 8.300 120.000
5 84.0 8.400 120.000
5 85.0 8.500 120.000
5 86.0 8.600 120.000
5 87.0 8.700 120.000
5 88.0 8.800 120.000
5 89.0 8.900 120.000
5 90.0 9.000 120.000
5 91.0 9.100 120.000
5 92.0 9.200 120.000
5 93.0 9.300 120.000
5 94.0 9.400 120.000
5 95.0 9.500 120.000
5 96.0 9.600 120.000
5 97.0 9.700 120.000
5 98.0 9.800 120.000
5 99.0 9.900 120.000
5 100.0 10.000 120.000
5 101.0 10.100 120.000
5 102.0 10.200 120.000
5 103.0 10.300 120.000
5 104.0 10.400 120.000
5 105.0 10.500 120.000
5 106.0 10.600 120.000
5 107.0 10.700 120.000
5 108.0 10.800 120.000
5 109.0 10.900 120.000
5 110.0 11.000 120.000
5 111.0 11.100 120.000
5 112.0 11.200 120.000
5 113.0 11.300 120.000
5 114.0 11.400 120.000
5 115.0 11.500 120.000
5 116.0 11.600 120.000
5 117.0 11.700 120.000
5 118.0 11.800 120.000
5 119.0 11.900 120.000
5 120.0 12.000 120.000
5 121.0 12.100 120.000
5 122.0 12.200 120.000
5 123.0 12.300 120.000
5 124.0 12.400 120.000
5 125.0 12.500 120.000
5 126.0 12.600 120.000
5 127.0 12.700 120.000
5 128.0 12.800 120.000
5 129.0 12.900 120.000
5 130.0 13.000 120.000
5 131.0 13.100 120.000
5 132.0 13.200 120.000
5 133.0 13.300 120.000
5 134.0 13.400 120.000
5 135.0 13.500 120.000
5 136.0 13.600 120.000
5 137.0 13.700 120.000
5 138.0 13.800 120.000
5 139.0 13.900 120.000
5 140.0 14.000 120.000
5 141.0 14.100 120.000
5 142.0 14.200 120.000
5 143.0 14.300 120.000
5 144.0 14.400 120.000
5 145.0 14.500 120.000
5 146.0 14.600 120.000
5 147.0 14.700 120.000
5 148.0 14.800 120.000
5 149.0 14.900 120.000
5 150.0 15.000 120.000
5 151.0 15.100 120.000
5 152.0 15.200 120.000
5 153.0 15.300 120.000
5 154.0 15.400 120.000
5 155.0 15.500 120.000
5 156.0 15.600 120.000
5 157.0 15.700 120.000
5 158.0 15.800 120.000
5 159.0 15.900 120.000
5 160.0 16.000 120.000
5 161.0 16.100 120.000
5 162.0 16.200 120.000
5 163.0 16.300 120.000
5 164.0 16.400 120.000
5 165.0 16.500 120.000
5 166.0 16.600 120.000
5 167.0 16.700 120.000
5 168.0 16.800 120.000
5 169.0 16.900 120.000
5 170.0 17.000 120.000
5 171.0 17.100 120.000
5 172.0 17.200 120.000
5 173.0 17.300 120.000
5 174.0 17.400 120.000
5 175.0 17.500 120.000
5 176.0 17.600 120.000
5 177.0 17.700 120.000
5 178.0 17.800 120.000
5 179.0 17.900 120.000
5 180.0 18.000 120.000
5 181.0 18.100 120.000
5 182.0 18.200 120.000
5 183.0 18.300 120.000
5 184.0 18.400 120.000
5 185.0 18.500 120.000
5 186.0 18.600 120.000
5 187.0 18.700 120.000
5 188.0 18.800 120.000
5 189.0 18.900 120.000
5 190.0 19.000 120.000
5 191.0 19.100 120.000
5 192.0 19.200 120.000
5 193.0 19.300 120.000
5 194.0 19.400 120.000
5 195.0 19.500 120.000
5 196.0 19.600 120.000
5 197.0 19.700 120.000
5 198.0 19.800 120.000
5 199.0 19.900 120.000
5 200.0 20.000 120.000
5 201.0 20.100 120.000
5 202.0 20.200 120.000
5 203.0 20.300 120.000
5 204.0 20.400 120.000
5 205.0 20.500 120.000
5 206.0 20.600 120.000
5 207.0 20.700 120.000
5 208.0 20.800 120.000
5 209.0 20.900 120.000
5 210.0 21.000 120.000
5 211.0 21.100 120.000
5 212.0 21.200 120.000
5 213.0 21.300 120.000
5 214.0 21.400 120.000
5 215.0 21.500 120.000
5 216.0 21.600 120.000
5 217.0 21.700 120.000
5 218.0 21.800 120.000
5 219.0 21.900 120.000
5 220.0 22.000 120.000
5 221.0 22.100 120.000
5 222.0 22.200 120.000
5 223.0 22.300 120.000
5 224.0 22.400 120.000
5 225.0 22.500 120.000
5 226.0 22.600 120.000
5 227.0 22.700 120.000
5 228.0 22.800 120.000
5 229.0 22.900 120.000
5 230.0 23.000 120.000
5 231.0 23.100 120.000
5 232.0 23.200 120.000
5 233.0 23.300 120.000
5 234.0 23.400 120.000
5 235.0 23.500 120.000
5 236.0 23.600 120.000
5 237.0 23.700 120.000
5 238.0 23.800 120.000
5 239.0 23.900 120.000
5 240.0 24.000 120.000
5 241.0 24.100 120.000
5 242.0 24.200 120.000
5 243.0 24.300 120.000
5 244.0 24.400 120.000
5 245.0 24.500 120.000
5 246.0 24.600 120.000
5 247.0 24.700 120.000
5 248.0 24.800 120.000
5 249.0 24.900 120.000
5 250.0 25.000 120.000
5 251.0 25.100 120.000
5 252.0 25.200 120.000
5 253.0 25.300 120.000
5 254.0 25.400 120.000
5 255.0 25.500 120.000
5 256.0 25.600 120.000
5 257.0 25.700 120.000
5 258.0 25.800 120.000
5 259.0 25.900 120.000
5 260.0 26.000 120.000
5 261.0 26.100 120.000
5 262.0 26.200 120.000
5 263.0 26.300 120.000
5 264.0 26.400 120.000
5 265.0 26.500 120.000
5 266.0 26.600 120.000
5 267.0 26.700 120.000
5 268.0 26.800 120.000
5 269.0 26.900 120.000
5 270.0 27.000 120.000
5 271.0 27.100 120.000
5 272.0 27.200 120.000
5 273.0 27.300 120.000
5 274.0 27.400 120.000
5 275.0 27.500 120.000
5 276.0 27.600 120.000
5 277.0 27.700 120.000
5 278.0 27.800 120.000
5 279.0 27.900 120.000
5 280.0 28.000 120.000
5 281.0 28.100 120.000
5 282.0 28.200 120.000
5 283.0 28.300 120.000
5 284.0 28.400 120.000
5 285.0 28.500 120.000
5 286.0 28.600 120.000
5 287.0 28.700 120.000
5 288.0 28.800 120.000
5 289.0 28.900 120.000
5 290.0 29.000 120.000
5 291.0 29.100 120.000
5 292.0 29.200 120.000
5 293.0 29.300 120.000
5 294.0 29.400 120.000
5 295.0 29.500 120.000
5 296.0 29.600 120.000
5 297.0 29.700 120.000
5 298.0 29.800 120.000
5 299.0 29.900 120.000
5 300.0 30.000 120.000
5 301.0 30.100 120.000
5 302.0 30.200 120.000
5 303.0 30.300 120.000
5 304.0 30.400 120.000
5 305.0 30.500 120.000
5 306.0 30.600 120.000
5 307.0 30.700 120.000
5 308.0 30.800 120.000
5 309.0 30.900 120.000
5 310.0 31.000 120.000
5 311.0 31.100 120.000
5 312.0 31.200 120.000
5 313.0 31.300 120.000
5 314.0 31.400 120.000
5 315.0 31.500 120.000
5 316.0 31.600 120.000
5 317.0 31.700 120.000
5 318.0 31.800 120.000
5 319.0 31.900 120.000
5 320.0 32.000 120.000
5 321.0 32.100 120.000
5 322.0 32.200 120.000
5 323.0 32.300 120.000
5 324.0 32.400 120.000
5 325.0 32.500 120.000
5 326.0 32.600 120.000
5 327.0 32.700 120.000
5 328.0 32.800 120.000
5 329.0 32.900 120.000
5 330.0 33.000 120.000
5 331.0 33.100 120.000
5 332.0 33.200 120.000
5 333.0 33.300 120.000
5 334.0 33.400 120.000
5 335.0 33.500 120.000
5 336.0 33.600 120.000
5 337.0 33.700 120.000
5 338.0 33.800 120.000
5 339.0 33.900 120.000
5 340.0 34.000 120.000
5 341.0 34.100 120.000
5 342.0 34.200 120.000
5 343.0 34.300 120.000
5 344.0 34.400 120.000
5 345.0 34.500 120.000
5 346.0 34.600 120.000
5 347.0 34.700 120.000
5 348.0 34.800 120.000
5 349.0 34.900 120.000
5 350.0 35.000 120.000
5 351.0 35.100 120.000
5 352.0 35.200 120.000
5 353.0 35.300 120.000
5 354.0 35.400 120.000
5 355.0 35.500 120.000
5 356.0 35.600 120.000
5 357.0 35.700 120.000
5 358.0 35.800 120.000
5 359.0 35.900 120.000
5 360.0 36.000 120.000
5 361.0 36.100 120.000
5 362.0 36.200 120.000
5 363.0 36.300 120.000
5 364.0 36.400 120.000
5 365.0 36.500 120.000
5 366.0 36.600 120.000
5 367.0 36.700 120.000
5 368.0 36.800 120.000
5 369.0 36.900 120.000
5 370.0 37.000 120.000
5 371.0 37.100 120.000
5 372.0 37.200 120.000
5 373.0 37.300 120.000
5 374.0 37.400 120.000
5 375.0 37.500 120.000
5 376.0 37.600 120.000
5 377.0 37.700 120.000
5 378.0 37.800 120.000
5 379.0 37.900 120.000
5 380.0 38.000 120.000
5 381.0 38.100 120.000
5 382.0 38.200 120.000
5 383.0 38.300 120.000
5 384.0 38.400 120.000
5 385.0 38.500 120.000
5 386.0 38.600 120.000
5 387.0 38.700 120.000
5 388.0 38.800 120.000
5 389.0 38.900 120.000
5 390.0 39.000 120.000
5 391.0 39.100 120.000
5 392.0 39.200 120.000
5 393.0 39.300 120.000
5 394.0 39.400 120.000
5 395.0 39.500 120.000
5 396.0 39.600 120.000
5 397.0 39.700 120.000
5 398.0 39.800 120.000
5 399.0 39.900 120.000
5 400.0 40.000 120.000
5 401.0 40.100 120.000
5 402.0 40.200 120.000
5 403.0 40.300 120.000
5 404.0 40.400 120.000
5 405.0 40.500 120.000
5 406.0 40.600 120.000
5 407.0 40.700 120.000
5 408.0 40.800 120.000
5 409.0 40.900 120.000
5 410.0 41.000 120.000
5 411.0 41.100 120.000
5 412.0 41.200 120.000
5 413.0 41.300 120.000
5 414.0 41.400 120.000
5 415.0 41.500 120.000
5 416.0 41.600 120.000
5 417.0 41.700 120.000
5 418.0 41.800 120.000
5 419.0 41.900 120.000
5 420.0 42.000 120.000
5 421.0 42.100 120.000
5 422.0 42.200 120.000
5 423.0 42.300 120.000
5 424.0 42.400 120.000
5 425.0 42.500 120.000
5 426.0 42.600 120.000
5 427.0 42.700 120.000
5 428.0 42.800 120.000
5 429.0 42.900 120.000
5 430.0 43.000 120.000
5 431.0 43.100 120.000
5 432.0 43.200 120.000
5 433.0 43.300 120.000
5 434.0 43.400 120.000
5 435.0 43.500 120.000
5 436.0 43.600 120.000
5 437.0 43.700 120.000
5 438.0 43.800 120.000
5 439.0 43.900 120.000
5 440.0 44.000 120.000
5 441.0 44.100 120.000
5 442.0 44.200 120.000
5 443.0 44.300 120.000
5 444.0 44.400 120.000
5 445.0 44.500 120.000
5 446.0 44.600 120.000
5 447.0 44.700 120.000
5 448.0 44.800 120.000
5 449.0 44.900 120.000
5 450.0 45.000 120.000
5 451.0 45.100 120.000
5 452.0 45.200 120.000
5 453.0 45.300 120.000
5 454.0 45.400 120.000
5 455.0 45.500 120.000
5 456.0 45.600 120.000
5 457.0 45.700 120.000
5 458.0 45.800 120.000
5 459.0 45.900 120.000
5 460.0 46.000 120.000
5 461.0 46.100 120.000
5 462.0 46.200 120.000
5 463.0 46.300 120.000
5 464.0 46.400 120.000
5 465.0 46.500 120.000
5 466.0 46.600 120.000
5 467.0 46.700 120.000
5 468.0 46.800 120.000
5 469.0 46.900 120.000
5 470.0 47.000 120.000
5 471.0 47.100 120.000
5 472.0 47.200 120.000
5 473.0 47.300 120.000
5 474.0 47.400 120.000
5 475.0 47.500 120.000
5 476.0 47.600 120.000
5 477.0 47.700 120.000
5 478.0 47.800 120.000
5 479.0 47.900 120.000
5 480.0 48.000 120.000
5 481.0 48.100 120.000
5 482.0 48.200 120.000
5 483.0 48.300 120.000
5 484.0 48.400 120.000
5 485.0 48.500 120.000
5 486.0 48.600 120.000
5 487.0 48.700 120.000
5 488.0 48.800 120.000
5 489.0 48.900 120.000
5 490.0 49.000 120.000
5 491.0 49.100 120.000
5 492.0 49.200 120.000
5 493.0 49.300 120.000
5 494.0 49.400 120.000
5 495.0 49.500 120.000
5 496.0 49.600 120.000
5 497.0 49.700 120.000
5 498.0 49.800 120.000
5 499.0 49.900 120.000
5 500.0 50.000 120.000
5 501.0 50.100 120.000
5 502.0 50.200 120.000
5 503.0 50.300 120.000
5 504.0 50.400 120.000
5 505.0 50.500 120.000
5 506.0 50.600 120.000
5 507.0 50.700 120.000
5 508.0 50.800 120.000
5 509.0 50.900 120.000
5 510.0 51.000 120.000
5 511.0 51.100 120.000
5 512.0 51.200 120.000
5 513.0 51.300 120.000
5 514.0 51.400 120.000
5 515.0 51.500 120.000
5 516.0 51.600 120.000
5 517.0 51.700 120.000
5 518.0 51.800 120.000
5 519.0 51.900 120.000
5 520.0 52.000 120.000
5 521.0 52.100 120.000
5 522.0 52.200 120.000
5 523.0 52.300 120.000
5 524.0 52.400 120.000
5 525.0 52.500 120.000
5 526.0 52.600 120.000
5 527.0 52.700 120.000
5 528.0 52.800 120.000
5 529.0 52.900 120.000
5 530.0 53.000 120.000
5 531.0 53.100 120.000
5 532.0 53.200 120.000
5 533.0 53.300 120.000
5 534.0 53.400 120.000
5 535.0 53.500 120.000
5 536.0 53.600 120.000
5 537.0 53.700 120.000
5 538.0 53.800 120.000
5 539.0 53.900 120.000
5 540.0 54.000 120.000
5 541.0 54.100 120.000
5 542.0 54.200 120.000
5 543.0 54.300 120.000
5 544.0 54.400 120.000
5 545.0 54.500 120.000
5 546.0 54.600 120.000
5 547.0 54.700 120.000
5 548.0 54.800 120.000
5 549.0 54.900 120.000
5 550.0 55.000 120.000
5 551.0 55.100 120.000
5 552.0 55.200 120.000
5 553.0 55.300 120.000
5 554.0 55.400 120.000
5 555.0 55.500 120.000
5 556.0 55.600 120.000
5 557.0 55.700 120.000
5 558.0 55.800 120.000
5 559.0 55.900 120.000
5 560.0 56.000 120.000
5 561.0 56.100 120.000
5 562.0 56.200 120.000
5 563.0 56.300 120.000
5 564.0 56.400 120.000
5 565.0 56.500 120.000
5 566.0 56.600 120.000
5 567.0 56.700 120.000
5 568.0 56.800 120.000
5 569.0 56.900 120.000
5 570.0 57.000 120.000
5 571.0 57.100 120.000
5 572.0 57.200 120.000
5 573.0 57.300 120.000
5 574.0 57.400 120.000
5 575.0 57.500 120.000
5 576.0 57.600 120.000
5 577.0 57.700 120.000
5 578.0 57.800 120.000
5 579.0 57.900 120.000
5 580.0 58.000 120.000
5 581.0 58.100 120.000
5 582.0 58.200 120.000
5 583.0 58.300 120.000
5 584.0 58.400 120.000
5 585.0 58.500 120.000
5 586.0 58.600 120.000
5 587.0 58.700 120.000
5 588.0 58.800 120.000
5 589.0 58.900 120.000
5 590.0 59.000 120.000
5 591.0 59.100 120.000
5 592.0 59.200 120.000
5 593.0 59.300 120.000
5 594.0 59.400 120.000
5 595.0 59.500 120.000
5 596.0 59.600 120.000
5 597.0 59.700 120.000
5 598.0 59.800 120.000
5 599.0 59.900 120.000
5 600.0 60.000 120.000
5 601.0 60.100 120.000
5 602.0 60.200 120.000
5 603.0 60.300 120.000
5 604.0 60.400 120.000
5 605.0 60.500 120.000
5 606.0 60.600 120.000
5 607.0 60.700 120.000
5 608.0 60.800 120.000
5 609.0 60.900 120.000
5 610.0 61.000 120.000
5 611.0 61.100 120.000
5 612.0 61.200 120.000
5 613.0 61.300 120.000
5 614.0 61.400 120.000
5 615.0 61.500 120.000
5 616.0 61.600 120.000
5 617.0 61.700 120.000
5 618.0 61.800 120.000
5 619.0 61.900 120.000
5 620.0 62.000 120.000
5 621.0 62.100 120.000
5 622.0 62.200 120.000
5 623.0 62.300 120.000
5 624.0 62.400 120.000
5 625.0 62.500 120.000
5 626.0 62.600 120.000
5 627.0 62.700 120.000
5 628.0 62.800 120.000
5 629.0 62.900 120.000
5 630.0 63.000 120.000
5 631.0 63.100 120.000
5 632.0 63.200 120.000
5 633.0 63.300 120.000
5 634.0 63.400 120.000
5 635.0 63.500 120.000
5 636.0 63.600 120.000
5 637.0 63.700 120.000
5 638.0 63.800 120.000
5 639.0 63.900 120.000
5 640.0 64.000 120.000
5 641.0 64.100 120.000
5 642.0 64.200 120.000
5 643.0 64.300 120.000
5 644.0 64.400 120.000
5 645.0 64.500 120.000
5 646.0 64.600 120.000
5 647.0 64.700 120.000
5 648.0 64.800 120.000
5 649.0 64.900 120.000
5 650.0 65.000 120.000
5 651.0 65.100 120.000
5 652.0 65.200 120.000
5 653.0 65.300 120.000
5 654.0 65.400 120.000
5 655.0 65.500 120.000
5 656.0 65.600 120.000
5 657.0 65.700 120.000
5 658.0 65.800 120.000
5 659.0 65.900 120.000
5 660.0 66.000 120.000
5 661.0 66.100 120.000
5 662.0 66.200 120.000
5 663.0 66.300 120.000
5 664.0 66.400 120.000
5 665.0 66.500 120.000
5 666.0 66.600 120.000
5 667.0 66.700 120.000
5 668.0 66.800 120.000
5 669.0 66.900 120.000
5 670.0 67.000 120.000
5 671.0 67.100 120.000
5 672.0 67.200 120.000
5 673.0 67.300 120.000
5 674.0 67.400 120.000
5 675.0 67.500 120.000
5 676.0 67.600 120.000
5 677.0 67.700 120.000
5 678.0 67.800 120.000
5 679.0 67.900 120.000
5 680.0 68.000 120.000
5 681.0 68.100 120.000
5 682.0 68.200 120.000
5 683.0 68.300 120.000
5 684.0 68.400 120.000
5 685.0 68.500 120.000
5 686.0 68.600 120.000
5 687.0 68.700 120.000
5 688.0 68.800 120.000
5 689.0 68.900 120.000
5 690.0 69.000 120.000
5 691.0 69.100 120.000
5 692.0 69.200 120.000
5 693.0 69.300 120.000
5 694.0 69.400 120.000
5 695.0 69.500 120.000
5 696.0 69.600 120.000
5 697.0 69.700 120.000
5 698.0 69.800 120.000
5 699.0 69.900 120.000
5 700.0 70.000 120.000
5 701.0 70.100 120.000
5 702.0 70.200 120.000
5 703.0 70.300 120.000
5 704.0 70.400 120.000
5 705.0 70.500 120.000
5 706.0 70.600 120.000
5 707.0 70.700 120.000
5 708.0 70.800 120.000
5 709.0 70.900 120.000
5 710.0 71.000 120.000
5 711.0 71.100 120.000
5 712.0 71.200 120.000
5 713.0 71.300 120.000
5 714.0 71.400 120.000
5 715.0 71.500 120.000
5 716.0 71.600 120.000
5 717.0 71.700 120.000
5 718.0 71.800 120.000
5 719.0 71.900 120.000
5 720.0 72.000 120.000
5 721.0 72.100 120.000
5 722.0 72.200 120.000
5 723.0 72.300 120.000
5 724.0 72.400 120.000
5 725.0 72.500 120.000
5 726.0 72.600 120.000
5 727.0 72.700 120.000
5 728.0 72.800 120.000
5 729.0 72.900 120.000
5 730.0 73.000 120.000
5 731.0 73.100 120.000
5 732.0 73.200 120.000
5 733.0 73.300 120.000
5 734.0 73.400 120.000
5 735.0 73.500 120.000
5 736.0 73.600 120.000
5 737.0 73.700 120.000
5 738.0 73.800 120.000
5 739.0 73.900 120.000
5 740.0 74.000 120.000
5 741.0 74.100 120.000
5 742.0 74.200 120.000
5 743.0 74.300 120.000
5 744.0 74.400 120.000
5 745.0 74.500 120.000
5 746.0 74.600 120.000
5 747.0 74.700 120.000
5 748.0 74.800 120.000
5 749.0 74.900 120.000
5 750.0 75.000 120.000
5 751.0 75.100 120.000
5 752.0 75.200 120.000
5 753.0 75.300 120.000
5 754.0 75.400 120.000
5 755.0 75.500 120.000
5 756.0 75.600 120.000
5 757.0 75.700 120.000
5 758.0 75.800 120.000
5 759.0 75.900 120.000
5 760.0 76.000 120.000
5 761.0 76.100 120.000
5 762.0 76.200 120.000
5 763.0 76.300 120.000
5 764.0 76.400 120.000
5 765.0 76.500 120.000
5 766.0 76.600 120.000
5 767.0 76.700 120.000
5 768.0 76.800 120.000
5 769.0 76.900 120.000
5 770.0 77.000 120.000
5 771.0 77.100 120.000
5 772.0 77.200 120.000
5 773.0 77.300 120.000
5 774.0 77.400 120.000
5 775.0 77.500 120.000
5 776.0 77.600 120.000
5 777.0 77.700 120.000
5 778.0 77.800 120.000
5 779.0 77.900 120.000
5 780.0 78.000 120.000
5 781.0 78.100 120.000
5 782.0 78.200 120.000
5 783.0 78.300 120.000
5 784.0 78.400 120.000
5 785.0 78.500 120.000
5 786.0 78.600 120.000
5 787.0 78.700 120.000
5 788.0 78.800 120.000
5 789.0 78.900 120.000
5 790.0 79.000 120.000
5 791.0 79.100 120.000
5 792.0 79.200 120.000
5 793.0 79.300 120.000
5 794.0 79.400 120.000
5 795.0 79.500 120.000
5 796.0 79.600 120.000
5 797.0 79.700 120.000
5 798.0 79.800 120.000
5 799.0 79.900 120.000
5 800.0 80.000 120.000
5 801.0 80.100 120.000
5 802.0 80.200 120.000
5 803.0 80.300 120.000
5 804.0 80.400 120.000
5 805.0 80.500 120.000
5 806.0 80.600 120.000
5 807.0 80.700 120.000
5 808.0 80.800 120.000
5 809.0 80.900 120.000
5 810.0 81.000 120.000
5 811.0 81.100 120.000
5 812.0 81.200 120.000
5 813.0 81.300 120.000
5 814.0 81.400 120.000
5 815.0 81.500 120.000
5 816.0 81.600 120.000
5 817.0 81.700 120.000
5 818.0 81.800 120.000
5 819.0 81.900 120.000
5 820.0 82.000 120.000
5 821.0 82.100 120.000
5 822.0 82.200 120.000
5 823.0 82.300 120.000
5 824.0 82.400 120.000
5 825.0 82.500 120.000
5 826.0 82.600 120.000
5 827.0 82.700 120.000
5 828.0 82.800 120.000
5 829.0 82.900 120.000
5 830.0 83.000 120.000
5 831.0 83.100 120.000
5 832.0 83.200 120.000
5 833.0 83.300 120.000
5 834.0 83.400 120.000
5 835.0 83.500 120.000
5 836.0 83.600 120.000
5 837.0 83.700 120.000
5 838.0 83.800 120.000
5 839.0 83.900 120.000
5 840.0 84.000 120.000
5 841.0 84.100 120.000
5 842.0 84.200 120.000
5 843.0 84.300 120.000
5 844.0 84.400 120.000
5 845.0 84.500 120.000
5 846.0 84.600 120.000
5 847.0 84.700 120.000
5 848.0 84.800 120.000
5 849.0 84.900 120.000
5 850.0 85.000 120.000
5 851.0 85.100 120.000
5 852.0 85.200 120.000
5 853.0 85.300 120.000
5 854.0 85.400 120.000
5 855.0 85.500 120.000
5 856.0 85.600 120.000
5 857.0 85.700 120.000
5 858.0 85.800 120.000
5 859.0 85.900 120.000
5 860.0 86.000 120.000
5 861.0 86.100 120.000
5 862.0 86.200 120.000
5 863.0 86.300 120.000
5 864.0 86.400 120.000
5 865.0 86.500 120.000
5 866.0 86.600 120.000
5 867.0 86.700 120.000
5 868.0 86.800 120.000
5 869.0 86.900 120.000
5 870.0 87.000 120.000
5 871.0 87.100 120.000
5 872.0 87.200 120.000
5 873.0 87.300 120.000
5 874.0 87.400 120.000
5 875.0 87.500 120.000
5 876.0 87.600 120.000
5 877.0 87.700 120.000
5 878.0 87.800 120.000
5 879.0 87.900 120.000
5 880.0 88.000 120.000
5 881.0 88.100 120.000
5 882.0 88.200 120.000
5 883.0 88.300 120.000
5 884.0 88.400 120.000
5 885.0 88.500 120.000
5 886.0 88.600 120.000
5 887.0 88.700 120.000
5 888.0 88.800 120.000
5 889.0 88.900 120.000
5 890.0 89.000 120.000
5 891.0 89.100 120.000
5 892.0 89.200 120.000
5 893.0 89.300 120.000
5 894.0 89.400 120.000
5 895.0 89.500 120.000
5 896.0 89.600 120.000
5 897.0 89.700 120.000
5 898.0 89.800 120.000
5 899.0 89.900 120.000
5 900.0 90.000 120.000
5 901.0 90.100 120.000
5 902.0 90.200 120.000
5 903.0 90.300 120.000
5 904.0 90.400 120.000
5 905.0 90.500 120.000
5 906.0 90.600 120.000
5 907.0 90.700 120.000
5 908.0 90.800 120.000
5 909.0 90.900 120.000
5 910.0 91.000 120.000
5 911.0 91.100 120.000
5 912.0 91.200 120.000
5 913.0 91.300 120.000
5 914.0 91.400 120.000
5 915.0 91.500 120.000
5 916.0 91.600 120.000
5 917.0 91.700 120.000
5 918.0 91.800 120.000
5 919.0 91.900 120.000
5 920.0 92.000 120.000
5 921.0 92.100 120.000
5 922.0 92.200 120.000
5 923.0 92.300 120.000
5 924.0 92.400 120.000
5 925.0 92.500 120.000
5 926.0 92.600 120.000
5 927.0 92.700 120.000
5 928.0 92.800 120.000
5 929.0 92.900 120.000
5 930.0 93.000 120.000
5 931.0 93.100 120.000
5 932.0 93.200 120.000
5 933.0 93.300 120.000
5 934.0 93.400 120.000
5 935.0 93.500 120.000
5 936.0 93.600 120.000
5 937.0 93.700 120.000
5 938.0 93.800 120.000
5 939.0 93.900 120.000
5 940.0 94.000 120.000
5 941.0 94.100 120.000
5 942.0 94.200 120.000
5 943.0 94.300 120.000
5 944.0 94.400 120.000
5 945.0 94.500 120.000
5 946.0 94.600 120.000
5 947.0 94.700 120.000
5 948.0 94.800 120.000
5 949.0 94.900 120.000
5 950.0 95.000 120.000
5 951.0 95.100 120.000
5 952.0 95.200 120.000
5 953.0 95.300 120.000
5 954.0 95.400 120.000
5 955.0 95.500 120.000
5 956.0 95.600 120.000
5 957.0 95.700 120.000
5 958.0 95.800 120.000
5 959.0 95.900 120.000
5 960.0 96.000 120.000
5 961.0 96.100 120.000
5 962.0 96.200 120.000
5 963.0 96.300 120.000
5 964.0 96.400 120.000
5 965.0 96.500 120.000
5 966.0 96.600 120.000
5 967.0 96.700 120.000
5 968.0 96.800 120.000
5 969.0 96.900 120.000
5 970.0 97.000 120.000
5 971.0 97.100 120.000
5 972.0 97.200 120.000
5 973.0 97.300 120.000
5 974.0 97.400 120.000
5 975.0 97.500 120.000
5 976.0 97.600 120.000
5 977.0 97.700 120.000
5 978.0 97.800 120.000
5 979.0 97.900 120.000
5 980.0 98.000 120.000
5 981.0 98.100 120.000
5 982.0 98.200 120.000
5 983.0 98.300 120.000
5 984.0 98.400 120.000
5 985.0 98.500 120.000
5 986.0 98.600 120.000
5 987.0 98.700 120.000
5 988.0 98.800 120.000
5 989.0 98.900 120.000
5 990.0 99.000 120.000
5 991.0 99.100 120.000
5 992.0 99.200 120.000
5 993.0 99.300 120.000
5 994.0 99.400 120.000
5 995.0 99.500 120.000
5 996.0 99.600 120.000
5 997.0 99.700 120.000
5 998.0 99.800 120.000
5 999.0 99.900 120.000
5 1000.0 100.000 120.000
5 1001.0 100.100 120.000
5 1002.0 100.200 120.000
5 1003.0 100.300 120.000
5 1004.0 100.400 120.000
5 1005.0 100.500 120.000
5 1006.0 100.600 120.000
5 1007.0 100.700 120.000
5 1008.0 100.800 120.000
5 1009.0 100.900 120.000
5 1010.0 101.000 120.000
5 1011.0 101.100 120.000
5 1012.0 101.200 120.000
5 1013.0 101.300 120.000
5 1014.0 101.400 120.000
5 1015.0 101.500 120.000
5 1016.0 101.600 120.000
5 1017.0 101.700 120.000
5 1018.0 101.800 120.000
5 1019.0 101.900 120.000
5 1020.0 102.000 120.000
5 1021.0 102.100 120.000
5 1022.0 102.200 120.000
5 1023.0 102.300 120.000
5 1024.0 102.400 120.000
5 1025.0 102.500 120.000
5 1026.0 102.600 120.000
5 1027.0 102.700 120.000
5 1028.0 102.800 120.000
5 1029.0 102.900 120.000
5 1030.0 103.000 120.000
5 1031.0 103.100 120.000
5 1032.0 103.200 120.000
5 1033.0 103.300 120.000
5 1034.0 103.400 120.000
5 1035.0 103.500 120.000
5 1036.0 103.600 120.000
5 1037.0 103.700 120.000
5 1038.0 103.800 120.000
5 1039.0 103.900 120.000
5 1040.0 104.000 120.000
5 1041.0 104.100 120.000
5 1042.0 104.200 120.000
5 1043.0 104.300 120.000
5 1044.0 104.400 120.000
5 1045.0 104.500 120.000
5 1046.0 104.600 120.000
5 1047.0 104.700 120.000
5 1048.0 104.800 120.000
5 1049.0 104.900 120.000
5 1050.0 105.000 120.000
5 1051.0 105.100 120.000
5 1052.0 105.200 120.000
5 1053.0 105.300 120.000
5 1054.0 105.400 120.000
5 1055.0 105.500 120.000
5 1056.0 105.600 120.000
5 1057.0 105.700 120.000
5 1058.0 105.800 120.000
5 1059.0 105.900 120.000
5 1060.0 106.000 120.000
5 1061.0 106.100 120.000
5 1062.0 106.200 120.000
5 1063.0 106.300 120.000
5 1064.0 106.400 120.000
5 1065.0 106.500 120.000
5 1066.0 106.600 120.000
5 1067.0 106.700 120.000
5 1068.0 106.800 120.000
5 1069.0 106.900 120.000
5 1070.0 107.000 120.000
5 1071.0 107.100 120.000
5 1072.0 107.200 120.000
5 1073.0 107.300 120.000
5 1074.0 107.400 120.000
5 1075.0 107.500 120.000
5 1076.0 107.600 120.000
5 1077.0 107.700 120.000
5 1078.0 107.800 120.000
5 1079.0 107.900 120.000
5 1080.0 108.000 120.000
5 1081.0 108.100 120.000
5 1082.0 108.200 120.000
5 1083.0 108.300 120.000
5 1084.0 108.400 120.000
5 1085.0 108.500 120.000
5 1086.0 108.600 120.000
5 1087.0 108.700 120.000
5 1088.0 108.800 120.000
5 1089.0 108.900 120.000
5 1090.0 109.000 120.000
5 1091.0 109.100 120.000
5 1092.0 109.200 120.000
5 1093.0 109.300 120.000
5 1094.0 109.400 120.000
5 1095.0 109.500 120.000
5 1096.0 109.600 120.000
5 1097.0 109.700 120.000
5 1098.0 109.800 120.000
5 1099.0 109.900 120.000
5 1100.0 110.000 120.000
5 1101.0 110.100 120.000
5 1102.0 110.200 120.000
5 1103.0 110.300 120.000
5 1104.0 110.400 120.000
5 1105.0 110.500 120.000
5 1106.0 110.600 120.000
5 1107.0 110.700 120.000
5 1108.0 110.800 120.000
5 1109.0 110.900 120.000
5 1110.0 111.000 120.000
5 1111.0 111.100 120.000
5 1112.0 111.200 120.000
5 1113.0 111.300 120.000
5 1114.0 111.400 120.000
5 1115.0 111.500 120.000
5 1116.0 111.600 120.000
5 1117.0 111.700 120.000
5 1118.0 111.800 120.000
5 1119.0 111.900 120.000
5 1120.0 112.000 120.000
5 1121.0 112.100 120.000
5 1122.0 112.200 120.000
5 1123.0 112.300 120.000
5 1124.0 112.400 120.000
5 1125.0 112.500 120.000
5 1126.0 112.600 120.000
5 1127.0 112.700 120.000
5 1128.0 112.800 120.000
5 1129.0 112.900 120.000
5 1130.0 113.000 120.000
5 1131.0 113.100 120.000
5 1132.0 113.200 120.000
5 1133.0 113.300 120.000
5 1134.0 113.400 120.000
5 1135.0 113.500 120.000
5 1136.0 113.600 120.000
5 1137.0 113.700 120.000
5 1138.0 113.800 120.000
5 1139.0 113.900 120.000
5 1140.0 114.000 120.000
5 1141.0 114.100 120.000
5 1142.0 114.200 120.000
5 1143.0 114.300 120.000
5 1144.0 114.400 120.000
5 1145.0 114.500 120.000
5 1146.0 114.600 120.000
5 1147.0 114.700 120.000
5 1148.0 114.800 120.000
5 1149.0 114.900 120.000
5 1150.0 115.000 120.000
5 1151.0 115.100 120.000
5 1152.0 115.200 120.000
5 1153.0 115.300 120.000
5 1154.0 115.400 120.000
5 1155.0 115.500 120.000
5 1156.0 115.600 120.000
5 1157.0 115.700 120.000
5 1158.0 115.800 120.000
5 1159.0 115.900 120.000
5 1160.0 116.000 120.000
5 1161.0 116.100 120.000
5 1162.0 116.200 120.000
5 1163.0 116.300 120.000
5 1164.0 116.400 120.000
5 1165.0 116.500 120.000
5 1166.0 116.600 120.000
5 1167.0 116.700 120.000
5 1168.0 116.800 120.000
5 1169.0 116.900 120.000
5 1170.0 117.000 120.000
5 1171.0 117.100 120.000
5 1172.0 117.200 120.000
5 1173.0 117.300 120.000
5 1174.0 117.400 120.000
5 1175.0 117.500 120.000
5 1176.0 117.600 120.000
5 1177.0 117.700 120.000
5 1178.0 117.800 120.000
5 1179.0 117.900 120.000
5 1180.0 118.000 120.000
5 1181.0 118.100 120.000
5 1182.0 118.200 120.000
5 1183.0 118.300 120.000
5 1184.0 118.400 120.000
5 1185.0 118.500 120.000
5 1186.0 118.600 120.000
5 1187.0 118.700 120.000
5 1188.0 118.800 120.000
5 1189.0 118.900 120.000
5 1190.0 119.000 120.000
5 1191.0 119.100 120.000
5 1192.0 119.200 120.000
5 1193.0 119.300 120.000
5 1194.0 119.400 120.000
5 1195.0 119.500 120.000
5 1196.0 119.600 120.000
5 1197.0 119.700 120.000
5 1198.0 119.800 120.000
5 1199.0 119.900 120.000
5 1200.0 120.000 120.000
5 1201.0 120.100 120.000
5 1202.0 120.200 120.000
5 1203.0 120.300 120.000
5 1204.0 120.400 120.000
5 1205.0 120.500 120.000
5 1206.0 120.600 120.000
5 1207.0 120.700 120.000
5 1208.0 120.800 120.000
5 1209.0 120.900 120.000
5 1210.0 121.000 120.000
5 1211.0 121.100 120.000
5 1212.0 121.200 120.000
5 1213.0 121.300 120.000
5 1214.0 121.400 120.000
5 1215.0 121.500 120.000
5 1216.0 121.600 120.000
5 1217.0 121.700 120.000
5 1218.0 121.800 120.000
5 1219.0 121.900 120.000
5 1220.0 122.000 120.000
5 1221.0 122.100 120.000
5 1222.0 122.200 120.000
5 1223.0 122.300 120.000
5 1224.0 122.400 120.000
5 1225.0 122.500 120.000
5 1226.0 122.600 120.000
5 1227.0 122.700 120.000
5 1228.0 122.800 120.000
5 1229.0 122.900 120.000
5 1230.0 123.000 120.000
5 1231.0 123.100 120.000
5 1232.0 123.200 120.000
5 1233.0 123.300 120.000
5 1234.0 123.400 120.000
5 1235.0 123.500 120.000
5 1236.0 123.600 120.000
5 1237.0 123.700 120.000
5 1238.0 123.800 120.000
5 1239.0 123.900 120.000
5 1240.0 124.000 120.000
5 1241.0 124.100 120.000
5 1242.0 124.200 120.000
5 1243.0 124.300 120.000
5 1244.0 124.400 120.000
5 1245.0 124.500 120.000
5 1246.0 124.600 120.000
5 1247.0 124.700 120.000
5 1248.0 124.800 120.000
5 1249.0 124.900 120.000
5 1250.0 125.000 120.000
5 1251.0 125.100 120.000
5 1252.0 125.200 120.000
5 1253.0 125.300 120.000
5 1254.0 125.400 120.000
5 1255.0 125.500 120.000
5 1256.0 125.600 120.000
5 1257.0 125.700 120.000
5 1258.0 125.800 120.000
5 1259.0 125.900 120.000
5 1260.0 126.000 120.000
5 1261.0 126.100 120.000
5 1262.0 126.200 120.000
5 1263.0 126.300 120.000
5 1264.0 126.400 120.000
5 1265.0 126.500 120.000
5 1266.0 126.600 120.000
5 1267.0 126.700 120.000
5 1268.0 126.800 120.000
5 1269.0 126.900 120.000
5 1270.0 127.000 120.000
5 1271.0 127.100 120.000
5 1272.0 127.200 120.000
5 1273.0 127.300 120.000
5 1274.0 127.400 120.000
5 1275.0 127.500 120.000
5 1276.0 127.600 120.000
5 1277.0 127.700 120.000
5 1278.0 127.800 120.000
5 1279.0 127.900 120.000
5 1280.0 128.000 120.000
5 1281.0 128.100 120.000
5 1282.0 128.200 120.000
5 1283.0 128.300 120.000
5 1284.0 128.400 120.000
5 1285.0 128.500 120.000
5 1286.0 128.600 120.000
5 1287.0 128.700 120.000
5 1288.0 128.800 120.000
5 1289.0 128.900 120.000
5 1290.0 129.000 120.000
5 1291.0 129.100 120.000
5 1292.0 129.200 120.000
5 1293.0 129.300 120.000
5 1294.0 129.400 120.000
5 1295.0 129.500 120.000
5 1296.0 129.600 120.000
5 1297.0 129.700 120.000
5 1298.0 129.800 120.000
5 1299.0 129.900 120.000
5 1300.0 130.000 120.000
5 1301.0 130.100 120.000
5 1302.0 130.200 120.000
5 1303.0 130.300 120.000
5 1304.0 130.400 120.000
5 1305.0 130.500 120.000
5 1306.0 130.600 120.000
5 1307.0 130.700 120.000
5 1308.0 130.800 120.000
5 1309.0 130.900 120.000
5 1310.0 131.000 120.000
5 1311.0 131.100 120.000
5 1312.0 131.200 120.000
5 1313.0 131.300 120.000
5 1314.0 131.400 120.000
5 1315.0 131.500 120.000
5 1316.0 131.600 120.000
5 1317.0 131.700 120.000
5 1318.0 131.800 120.000
5 1319.0 131.900 120.000
5 1320.0 132.000 120.000
5 1321.0 132.100 120.000
5 1322.0 132.200 120.000
5 1323.0 132.300 120.000
5 1324.0 132.400 120.000
5 1325.0 132.500 120.000
5 1326.0 132.600 120.000
5 1327.0 132.700 120.000
5 1328.0 132.800 120.000
5 1329.0 132.900 120.000
5 1330.0 133.000 120.000
5 1331.0 133.100 120.000
5 1332.0 133.200 120.000
5 1333.0 133.300 120.000
5 1334.0 133.400 120.000
5 1335.0 133.500 120.000
5 1336.0 133.600 120.000
5 1337.0 133.700 120.000
5 1338.0 133.800 120.000
5 1339.0 133.900 120.000
5 1340.0 134.000 120.000
5 1341.0 134.100 120.000
5 1342.0 134.200 120.000
5 1343.0 134.300 120.000
5 1344.0 134.400 120.000
5 1345.0 134.500 120.000
5 1346.0 134.600 120.000
5 1347.0 134.700 120.000
5 1348.0 134.800 120.000
5 1349.0 134.900 120.000
5 1350.0 135.000 120.000
5 1351.0 135.100 120.000
5 1352.0 135.200 120.000
5 1353.0 135.300 120.000
5 1354.0 135.400 120.000
5 1355.0 135.500 120.000
5 1356.0 135.600 120.000
5 1357.0 135.700 120.000
5 1358.0 135.800 120.000
5 1359.0 135.900 120.000
5 1360.0 136.000 120.000
5 1361.0 136.100 120.000
5 1362.0 136.200 120.000
5 1363.0 136.300 120.000
5 1364.0 136.400 120.000
5 1365.0 136.500 120.000
5 1366.0 136.600 120.000
5 1367.0 136.700 120.000
5 1368.0 136.800 120.000
5 1369.0 136.900 120.000
5 1370.0 137.000 120.000
5 1371.0 137.100 120.000
5 1372.0 137.200 120.000
5 1373.0 137.300 120.000
5 1374.0 137.400 120.000
5 1375.0 137.500 120.000
5 1376.0 137.600 120.000
5 1377.0 137.700 120.000
5 1378.0 137.800 120.000
5 1379.0 137.900 120.000
5 1380.0 138.000 120.000
5 1381.0 138.100 120.000
5 1382.0 138.200 120.000
5 1383.0 138.300 120.000
5 1384.0 138.400 120.000
5 1385.0 138.500 120.000
5 1386.0 138.600 120.000
5 1387.0 138.700 120.000
5 1388.0 138.800 120.000
5 1389.0 138.900 120.000
5 1390.0 139.000 120.000
5 1391.0 139.100 120.000
5 1392.0 139.200 120.000
5 1393.0 139.300 120.000
5 1394.0 139.400 120.000
5 1395.0 139.500 120.000
5 1396.0 139.600 120.000
5 1397.0 139.700 120.000
5 1398.0 139.800 120.000
5 1399.0 139.900 120.000
5 1400.0 140.000 120.000
5 1401.0 140.100 120.000
5 1402.0 140.200 120.000
5 1403.0 140.300 120.000
5 1404.0 140.400 120.000
5 1405.0 140.500 120.000
5 1406.0 140.600 120.000
5 1407.0 140.700 120.000
5 1408.0 140.800 120.000
5 1409.0 140.900 120.000
5 1410.0 141.000 120.000
5 1411.0 141.100 120.000
5 1412.0 141.200 120.000
5 1413.0 141.300 120.000
5 1414.0 141.400 120.000
5 1415.0 141.500 120.000
5 1416.0 141.600 120.000
5 1417.0 141.700 120.000
5 1418.0 141.800 120.000
5 1419.0 141.900 120.000
5 1420.0 142.000 120.000
5 1421.0 142.100 120.000
5 1422.0 142.200 120.000
5 1423.0 142.300 120.000
5 1424.0 142.400 120.000
5 1425.0 142.500 120.000
5 1426.0 142.600 120.000
5 1427.0 142.700 120.000
5 1428.0 142.800 120.000
5 1429.0 142.900 120.000
5 1430.0 143.000 120.000
5 1431.0 143.100 120.000
5 1432.0 143.200 120.000
5 1433.0 143.300 120.000
5 1434.0 143.400 120.000
5 1435.0 143.500 120.000
5 1436.0 143.600 120.000
5 1437.0 143.700 120.000
5 1438.0 143.800 120.000
5 1439.0 143.900 120.000
5 1440.0 144.000 120.000
5 1441.0 144.100 120.000
5 1442.0 144.200 120.000
5 1443.0 144.300 120.000
5 1444.0 144.400 120.000
5 1445.0 144.500 120.000
5 1446.0 144.600 120.000
5 1447.0 144.700 120.000
5 1448.0 144.800 120.000
5 1449.0 144.900 120.000
5 1450.0 145.000 120.000
5 1451.0 145.100 120.000
5 1452.0 145.200 120.000
5 1453.0 145.300 120.000
5 1454.0 145.400 120.000
5 1455.0 145.500 120.000
5 1456.0 145.600 120.000
5 1457.0 145.700 120.000
5 1458.0 145.800 120.000
5 1459.0 145.900 120.000
5 1460.0 146.000 120.000
5 1461.0 146.100 120.000
5 1462.0 146.200 120.000
5 1463.0 146.300 120.000
5 1464.0 146.400 120.000
5 1465.0 146.500 120.000
5 1466.0 146.600 120.000
5 1467.0 146.700 120.000
5 1468.0 146.800 120.000
5 1469.0 146.900 120.000
5 1470.0 147.000 120.000
5 1471.0 147.100 120.000
5 1472.0 147.200 120.000
5 1473.0 147.300 120.000
5 1474.0 147.400 120.000
5 1475.0 147.500 120.000
5 1476.0 147.600 120.000
5 1477.0 147.700 120.000
5 1478.0 147.800 120.000
5 1479.0 147.900 120.000
5 1480.0 148.000 120.000
5 1481.0 148.100 120.000
5 1482.0 148.200 120.000
5 1483.0 148.300 120.000
5 1484.0 148.400 120.000
5 1485.0 148.500 120.000
5 1486.0 148.600 120.000
5 1487.0 148.700 120.000
5 1488.0 148.800 120.000
5 1489.0 148.900 120.000
5 1490.0 149.000 120.000
5 1491.0 149.100 120.000
5 1492.0 149.200 120.000
5 1493.0 149.300 120.000
5 1494.0 149.400 120.000
5 1495.0 149.500 120.000
5 1496.0 149.600 120.000
5 1497.0 149.700 120.000
5 1498.0 149.800 120.000
5 1499.0 149.900 120.000
5 1500.0 150.000 120.000
5 1501.0 150.000 119.900
5 1502.0 150.000 119.800
5 1503.0 150.000 119.700
5 1504.0 150.000 119.600
5 1505.0 150.000 119.500
5 1506.0 150.000 119.400
5 1507.0 150.000 119.300
5 1508.0 150.000 119.200
5 1509.0 150.000 119.100
5 1510.0 150.000 119.000
5 1511.0 150.000 118.900
5 1512.0 150.000 118.800
5 1513.0 150.000 118.700
5 1514.0 150.000 118.600
5 1515.0 150.000 118.500
5 1516.0 150.000 118.400
5 1517.0 150.000 118.300
5 1518.0 150.000 118.200
5 1519.0 150.000 118.100
5 1520.0 150.000 118.000
5 1521.0 150.000 117.900
5 1522.0 150.000 117.800
5 1523.0 150.000 117.700
5 1524.0 150.000 117.600
5 1525.0 150.000 117.500
5 1526.0 150.000 117.400
5 1527.0 150.000 117.300
5 1528.0 150.000 117.200
5 1529.0 150.000 117.100
5 1530.0 150.000 117.000
5 1531.0 150.000 116.900
5 1532.0 150.000 116.800
5 1533.0 150.000 116.700
5 1534.0 150.000 116.600
5 1535.0 150.000 116.500
5 1536.0 150.000 116.400
5 1537.0 150.000 116.300
5 1538.0 150.000 116.200
5 1539.0 150.000 116.100
5 1540.0 150.000 116.000
5 1541.0 150.000 115.900
5 1542.0 150.000 115.800
5 1543.0 150.000 115.700
5 1544.0 150.000 115.600
5 1545.0 150.000 115.500
5 1546.0 150.000 115.400
5 1547.0 150.000 115.300
5 1548.0 150.000 115.200
5 1549.0 150.000 115.100
5 1550.0 150.000 115.000
5 1551.0 150.000 114.900
5 1552.0 150.000 114.800
5 1553.0 150.000 114.700
5 1554.0 150.000 114.600
5 1555.0 150.000 114.500
5 1556.0 150.000 114.400
5 1557.0 150.000 114.300
5 1558.0 150.000 114.200
5 1559.0 150.000 114.100
5 1560.0 150.000 114.000
5 1561.0 150.000 113.900
5 1562.0 150.000 113.800
5 1563.0 150.000 113.700
5 1564.0 150.000 113.600
5 1565.0 150.000 113.500
5 1566.0 150.000 113.400
5 1567.0 150.000 113.300
5 1568.0 150.000 113.200
5 1569.0 150.000 113.100
5 1570.0 150.000 113.000
5 1571.0 150.000 112.900
5 1572.0 150.000 112.800
5 1573.0 150.000 112.700
5 1574.0 150.000 112.600
5 1575.0 150.000 112.500
5 1576.0 150.000 112.400
5 1577.0 150.000 112.300
5 1578.0 150.000 112.200
5 1579.0 150.000 112.100
5 1580.0 150.000 112.000
5 1581.0 150.000 111.900
5 1582.0 150.000 111.800
5 1583.0 150.000 111.700
5 1584.0 150.000 111.600
5 1585.0 150.000 111.500
5 1586.0 150.000 111.400
5 1587.0 150.000 111.300
5 1588.0 150.000 111.200
5 1589.0 150.000 111.100
5 1590.0 150.000 111.000
5 1591.0 150.000 110.900
5 1592.0 150.000 110.800
5 1593.0 150.000 110.700
5 1594.0 150.000 110.600
5 1595.0 150.000 110.500
5 1596.0 150.000 110.400
5 1597.0 150.000 110.300
5 1598.0 150.000 110.200
5 1599.0 150.000 110.100
5 1600.0 150.000 110.000
5 1601.0 150.000 109.900
5 1602.0 150.000 109.800
5 1603.0 150.000 109.700
5 1604.0 150.000 109.600
5 1605.0 150.000 109.500
5 1606.0 150.000 109.400
5 1607.0 150.000 109.300
5 1608.0 150.000 109.200
5 1609.0 150.000 109.100
5 1610.0 150.000 109.000
5 1611.0 150.000 108.900
5 1612.0 150.000 108.800
5 1613.0 150.000 108.700
5 1614.0 150.000 108.600
5 1615.0 150.000 108.500
5 1616.0 150.000 108.400
5 1617.0 150.000 108.300
5 1618.0 150.000 108.200
5 1619.0 150.000 108.100
5 1620.0 150.000 108.000
5 1621.0 150.000 107.900
5 1622.0 150.000 107.800
5 1623.0 150.000 107.700
5 1624.0 150.000 107.600
5 1625.0 150.000 107.500
5 1626.0 150.000 107.400
5 1627.0 150.000 107.300
5 1628.0 150.000 107.200
5 1629.0 150.000 107.100
5 1630.0 150.000 107.000
5 1631.0 150.000 106.900
5 1632.0 150.000 106.800
5 1633.0 150.000 106.700
5 1634.0 150.000 106.600
5 1635.0 150.000 106.500
5 1636.0 150.000 106.400
5 1637.0 150.000 106.300
5 1638.0 150.000 106.200
5 1639.0 150.000 106.100
5 1640.0 150.000 106.000
5 1641.0 150.000 105.900
5 1642.0 150.000 105.800
5 1643.0 150.000 105.700
5 1644.0 150.000 105.600
5 1645.0 150.000 105.500
5 1646.0 150.000 105.400
5 1647.0 150.000 105.300
5 1648.0 150.000 105.200
5 1649.0 150.000 105.100
5 1650.0 150.000 105.000
5 1651.0 150.000 104.900
5 1652.0 150.000 104.800
5 1653.0 150.000 104.700
5 1654.0 150.000 104.600
5 1655.0 150.000 104.500
5 1656.0 150.000 104.400
5 1657.0 150.000 104.300
5 1658.0 150.000 104.200
5 1659.0 150.000 104.100
5 1660.0 150.000 104.000
5 1661.0 150.000 103.900
5 1662.0 150.000 103.800
5 1663.0 150.000 103.700
5 1664.0 150.000 103.600
5 1665.0 150.000 103.500
5 1666.0 150.000 103.400
5 1667.0 150.000 103.300
5 1668.0 150.000 103.200
5 1669.0 150.000 103.100
5 1670.0 150.000 103.000
5 1671.0 150.000 102.900
5 1672.0 150.000 102.800
5 1673.0 150.000 102.700
5 1674.0 150.000 102.600
5 1675.0 150.000 102.500
5 1676.0 150.000 102.400
5 1677.0 150.000 102.300
5 1678.0 150.000 102.200
5 1679.0 150.000 102.100
5 1680.0 150.000 102.000
5 1681.0 150.000 101.900
5 1682.0 150.000 101.800
5 1683.0 150.000 101.700
5 1684.0 150.000 101.600
5 1685.0 150.000 101.500
5 1686.0 150.000 101.400
5 1687.0 150.000 101.300
5 1688.0 150.000 101.200
5 1689.0 150.000 101.100
5 1690.0 150.000 101.000
5 1691.0 150.000 100.900
5 1692.0 150.000 100.800
5 1693.0 150.000 100.700
5 1694.0 150.000 100.600
5 1695.0 150.000 100.500
5 1696.0 150.000 100.400
5 1697.0 150.000 100.300
5 1698.0 150.000 100.200
5 1699.0 150.000 100.100
5 1700.0 150.000 100.000
5 1701.0 150.000 99.900
5 1702.0 150.000 99.800
5 1703.0 150.000 99.700
5 1704.0 150.000 99.600
5 1705.0 150.000 99.500
5 1706.0 150.000 99.400
5 1707.0 150.000 99.300
5 1708.0 150.000 99.200
5 1709.0 150.000 99.100
5 1710.0 150.000 99.000
5 1711.0 150.000 98.900
5 1712.0 150.000 98.800
5 1713.0 150.000 98.700
5 1714.0 150.000 98.600
5 1715.0 150.000 98.500
5 1716.0 150.000 98.400
5 1717.0 150.000 98.300
5 1718.0 150.000 98.200
5 1719.0 150.000 98.100
5 1720.0 150.000 98.000
5 1721.0 150.000 97.900
5 1722.0 150.000 97.800
5 1723.0 150.000 97.700
5 1724.0 150.000 97.600
5 1725.0 150.000 97.500
5 1726.0 150.000 97.400
5 1727.0 150.000 97.300
5 1728.0 150.000 97.200
5 1729.0 150.000 97.100
5 1730.0 150.000 97.000
5 1731.0 150.000 96.900
5 1732.0 150.000 96.800
5 1733.0 150.000 96.700
5 1734.0 150.000 96.600
5 1735.0 150.000 96.500
5 1736.0 150.000 96.400
5 1737.0 150.000 96.300
5 1738.0 150.000 96.200
5 1739.0 150.000 96.100
5 1740.0 150.000 96.000
5 1741.0 150.000 95.900
5 1742.0 150.000 95.800
5 1743.0 150.000 95.700
5 1744.0 150.000 95.600
5 1745.0 150.000 95.500
5 1746.0 150.000 95.400
5 1747.0 150.000 95.300
5 1748.0 150.000 95.200
5 1749.0 150.000 95.100
5 1750.0 150.000 95.000
5 1751.0 150.000 94.900
5 1752.0 150.000 94.800
5 1753.0 150.000 94.700
5 1754.0 150.000 94.600
5 1755.0 150.000 94.500
5 1756.0 150.000 94.400
5 1757.0 150.000 94.300
5 1758.0 150.000 94.200
5 1759.0 150.000 94.100
5 1760.0 150.000 94.000
5 1761.0 150.000 93.900
5 1762.0 150.000 93.800
5 1763.0 150.000 93.700
5 1764.0 150.000 93.600
5 1765.0 150.000 93.500
5 1766.0 150.000 93.400
5 1767.0 150.000 93.300
5 1768.0 150.000 93.200
5 1769.0 150.000 93.100
5 1770.0 150.000 93.000
5 1771.0 150.000 92.900
5 1772.0 150.000 92.800
5 1773.0 150.000 92.700
5 1774.0 150.000 92.600
5 1775.0 150.000 92.500
5 1776.0 150.000 92.400
5 1777.0 150.000 92.300
5 1778.0 150.000 92.200
5 1779.0 150.000 92.100
5 1780.0 150.000 92.000
5 1781.0 150.000 91.900
5 1782.0 150.000 91.800
5 1783.0 150.000 91.700
5 1784.0 150.000 91.600
5 1785.0 150.000 91.500
5 1786.0 150.000 91.400
5 1787.0 150.000 91.300
5 1788.0 150.000 91.200
5 1789.0 150.000 91.100
5 1790.0 150.000 91.000
5 1791.0 150.000 90.900
5 1792.0 150.000 90.800
5 1793.0 150.000 90.700
5 1794.0 150.000 90.600
5 1795.0 150.000 90.500
5 1796.0 150.000 90.400
5 1797.0 150.000 90.300
5 1798.0 150.000 90.200
5 1799.0 150.000 90.100
5 1800.0 150.000 90.000
5 1801.0 150.000 89.900
5 1802.0 150.000 89.800
5 1803.0 150.000 89.700
5 1804.0 150.000 89.600
5 1805.0 150.000 89.500
5 1806.0 150.000 89.400
5 1807.0 150.000 89.300
5 1808.0 150.000 89.200
5 1809.0 150.000 89.100
5 1810.0 150.000 89.000
5 1811.0 150.000 88.900
5 1812.0 150.000 88.800
5 1813.0 150.000 88.700
5 1814.0 150.000 88.600
5 1815.0 150.000 88.500
5 1816.0 150.000 88.400
5 1817.0 150.000 88.300
5 1818.0 150.000 88.200
5 1819.0 150.000 88.100
5 1820.0 150.000 88.000
5 1821.0 150.000 87.900
5 1822.0 150.000 87.800
5 1823.0 150.000 87.700
5 1824.0 150.000 87.600
5 1825.0 150.000 87.500
5 1826.0 150.000 87.400
5 1827.0 150.000 87.300
5 1828.0 150.000 87.200
5 1829.0 150.000 87.100
5 1830.0 150.000 87.000
5 1831.0 150.000 86.900
5 1832.0 150.000 86.800
5 1833.0 150.000 86.700
5 1834.0 150.000 86.600
5 1835.0 150.000 86.500
5 1836.0 150.000 86.400
5 1837.0 150.000 86.300
5 1838.0 150.000 86.200
5 1839.0 150.000 86.100
5 1840.0 150.000 86.000
5 1841.0 150.000 85.900
5 1842.0 150.000 85.800
5 1843.0 150.000 85.700
5 1844.0 150.000 85.600
5 1845.0 150.000 85.500
5 1846.0 150.000 85.400
5 1847.0 150.000 85.300
5 1848.0 150.000 85.200
5 1849.0 150.000 85.100
5 1850.0 150.000 85.000
5 1851.0 150.000 84.900
5 1852.0 150.000 84.800
5 1853.0 150.000 84.700
5 1854.0 150.000 84.600
5 1855.0 150.000 84.500
5 1856.0 150.000 84.400
5 1857.0 150.000 84.300
5 1858.0 150.000 84.200
5 1859.0 150.000 84.100
5 1860.0 150.000 84.000
5 1861.0 150.000 83.900
5 1862.0 150.000 83.800
5 1863.0 150.000 83.700
5 1864.0 150.000 83.600
5 1865.0 150.000 83.500
5 1866.0 150.000 83.400
5 1867.0 150.000 83.300
5 1868.0 150.000 83.200
5 1869.0 150.000 83.100
5 1870.0 150.000 83.000
5 1871.0 150.000 82.900
5 1872.0 150.000 82.800
5 1873.0 150.000 82.700
5 1874.0 150.000 82.600
5 1875.0 150.000 82.500
5 1876.0 150.000 82.400
5 1877.0 150.000 82.300
5 1878.0 150.000 82.200
5 1879.0 150.000 82.100
5 1880.0 150.000 82.000
5 1881.0 150.000 81.900
5 1882.0 150.000 81.800
5 1883.0 150.000 81.700
5 1884.0 150.000 81.600
5 1885.0 150.000 81.500
5 1886.0 150.000 81.400
5 1887.0 150.000 81.300
5 1888.0 150.000 81.200
5 1889.0 150.000 81.100
5 1890.0 150.000 81.000
5 1891.0 150.000 80.900
5 1892.0 150.000 80.800
5 1893.0 150.000 80.700
5 1894.0 150.000 80.600
5 1895.0 150.000 80.500
5 1896.0 150.000 80.400
5 1897.0 150.000 80.300
5 1898.0 150.000 80.200
5 1899.0 150.000 80.100
5 1900.0 150.000 80.000
5 1901.0 150.000 79.900
5 1902.0 150.000 79.800
5 1903.0 150.000 79.700
5 1904.0 150.000 79.600
5 1905.0 150.000 79.500
5 1906.0 150.000 79.400
5 1907.0 150.000 79.300
5 1908.0 150.000 79.200
5 1909.0 150.000 79.100
5 1910.0 150.000 79.000
5 1911.0 150.000 78.900
5 1912.0 150.000 78.800
5 1913.0 150.000 78.700
5 1914.0 150.000 78.600
5 1915.0 150.000 78.500
5 1916.0 150.000 78.400
5 1917.0 150.000 78.300
5 1918.0 150.000 78.200
5 1919.0 150.000 78.100
5 1920.0 150.000 78.000
5 1921.0 150.000 77.900
5 1922.0 150.000 77.800
5 1923.0 150.000 77.700
5 1924.0 150.000 77.600
5 1925.0 150.000 77.500
5 1926.0 150.000 77.400
5 1927.0 150.000 77.300
5 1928.0 150.000 77.200
5 1929.0 150.000 77.100
5 1930.0 150.000 77.000
5 1931.0 150.000 76.900
5 1932.0 150.000 76.800
5 1933.0 150.000 76.700
5 1934.0 150.000 76.600
5 1935.0 150.000 76.500
5 1936.0 150.000 76.400
5 1937.0 150.000 76.300
5 1938.0 150.000 76.200
5 1939.0 150.000 76.100
5 1940.0 150.000 76.000
5 1941.0 150.000 75.900
5 1942.0 150.000 75.800
5 1943.0 150.000 75.700
5 1944.0 150.000 75.600
5 1945.0 150.000 75.500
5 1946.0 150.000 75.400
5 1947.0 150.000 75.300
5 1948.0 150.000 75.200
5 1949.0 150.000 75.100
5 1950.0 150.000 75.000
5 1951.0 150.000 74.900
5 1952.0 150.000 74.800
5 1953.0 150.000 74.700
5 1954.0 150.000 74.600
5 1955.0 150.000 74.500
5 1956.0 150.000 74.400
5 1957.0 150.000 74.300
5 1958.0 150.000 74.200
5 1959.0 150.000 74.100
5 1960.0 150.000 74.000
5 1961.0 150.000 73.900
5 1962.0 150.000 73.800
5 1963.0 150.000 73.700
5 1964.0 150.000 73.600
5 1965.0 150.000 73.500
5 1966.0 150.000 73.400
5 1967.0 150.000 73.300
5 1968.0 150.000 73.200
5 1969.0 150.000 73.100
5 1970.0 150.000 73.000
5 1971.0 150.000 72.900
5 1972.0 150.000 72.800
5 1973.0 150.000 72.700
5 1974.0 150.000 72.600
5 1975.0 150.000 72.500
5 1976.0 150.000 72.400
5 1977.0 150.000 72.300
5 1978.0 150.000 72.200
5 1979.0 150.000 72.100
5 1980.0 150.000 72.000
5 1981.0 150.000 71.900
5 1982.0 150.000 71.800
5 1983.0 150.000 71.700
5 1984.0 150.000 71.600
5 1985.0 150.000 71.500
5 1986.0 150.000 71.400
5 1987.0 150.000 71.300
5 1988.0 150.000 71.200
5 1989.0 150.000 71.100
5 1990.0 150.000 71.000
5 1991.0 150.000 70.900
5 1992.0 150.000 70.800
5 1993.0 150.000 70.700
5 1994.0 150.000 70.600
5 1995.0 150.000 70.500
5 1996.0 150.000 70.400
5 1997.0 150.000 70.300
5 1998.0 150.000 70.200
5 1999.0 150.000 70.100
5 2000.0 150.000 70.000
5 2001.0 150.000 69.900
5 2002.0 150.000 69.800
5 2003.0 150.000 69.700
5 2004.0 150.000 69.600
5 2005.0 150.000 69.500
5 2006.0 150.000 69.400
5 2007.0 150.000 69.300
5 2008.0 150.000 69.200
5 2009.0 150.000 69.100
5 2010.0 150.000 69.000
5 2011.0 150.000 68.900
5 2012.0 150.000 68.800
5 2013.0 150.000 68.700
5 2014.0 150.000 68.600
5 2015.0 150.000 68.500
5 2016.0 150.000 68.400
5 2017.0 150.000 68.300
5 2018.0 150.000 68.200
5 2019.0 150.000 68.100
5 2020.0 150.000 68.000
5 2021.0 150.000 67.900
5 2022.0 150.000 67.800
5 2023.0 150.000 67.700
5 2024.0 150.000 67.600
5 2025.0 150.000 67.500
5 2026.0 150.000 67.400
5 2027.0 150.000 67.300
5 2028.0 150.000 67.200
5 2029.0 150.000 67.100
5 2030.0 150.000 67.000
5 2031.0 150.000 66.900
5 2032.0 150.000 66.800
5 2033.0 150.000 66.700
5 2034.0 150.000 66.600
5 2035.0 150.000 66.500
5 2036.0 150.000 66.400
5 2037.0 150.000 66.300
5 2038.0 150.000 66.200
5 2039.0 150.000 66.100
5 2040.0 150.000 66.000
5 2041.0 150.000 65.900
5 2042.0 150.000 65.800
5 2043.0 150.000 65.700
5 2044.0 150.000 65.600
5 2045.0 150.000 65.500
5 2046.0 150.000 65.400
5 2047.0 150.000 65.300
5 2048.0 150.000 65.200
5 2049.0 150.000 65.100
5 2050.0 150.000 65.000
5 2051.0 150.000 64.900
5 2052.0 150.000 64.800
5 2053.0 150.000 64.700
5 2054.0 150.000 64.600
5 2055.0 150.000 64.500
5 2056.0 150.000 64.400
5 2057.0 150.000 64.300
5 2058.0 150.000 64.200
5 2059.0 150.000 64.100
5 2060.0 150.000 64.000
5 2061.0 150.000 63.900
5 2062.0 150.000 63.800
5 2063.0 150.000 63.700
5 2064.0 150.000 63.600
5 2065.0 150.000 63.500
5 2066.0 150.000 63.400
5 2067.0 150.000 63.300
5 2068.0 150.000 63.200
5 2069.0 150.000 63.100
5 2070.0 150.000 63.000
5 2071.0 150.000 62.900
5 2072.0 150.000 62.800
5 2073.0 150.000 62.700
5 2074.0 150.000 62.600
5 2075.0 150.000 62.500
5 2076.0 150.000 62.400
5 2077.0 150.000 62.300
5 2078.0 150.000 62.200
5 2079.0 150.000 62.100
5 2080.0 150.000 62.000
5 2081.0 150.000 61.900
5 2082.0 150.000 61.800
5 2083.0 150.000 61.700
5 2084.0 150.000 61.600
5 2085.0 150.000 61.500
5 2086.0 150.000 61.400
5 2087.0 150.000 61.300
5 2088.0 150.000 61.200
5 2089.0 150.000 61.100
5 2090.0 150.000 61.000
5 2091.0 150.000 60.900
5 2092.0 150.000 60.800
5 2093.0 150.000 60.700
5 2094.0 150.000 60.600
5 2095.0 150.000 60.500
5 2096.0 150.000 60.400
5 2097.0 150.000 60.300
5 2098.0 150.000 60.200
5 2099.0 150.000 60.100
5 2100.0 150.000 60.000
5 2101.0 149.900 60.000
5 2102.0 149.800 60.000
5 2103.0 149.700 60.000
5 2104.0 149.600 60.000
5 2105.0 149.500 60.000
5 2106.0 149.400 60.000
5 2107.0 149.300 60.000
5 2108.0 149.200 60.000
5 2109.0 149.100 60.000
5 2110.0 149.000 60.000
5 2111.0 148.900 60.000
5 2112.0 148.800 60.000
5 2113.0 148.700 60.000
5 2114.0 148.600 60.000
5 2115.0 148.500 60.000
5 2116.0 148.400 60.000
5 2117.0 148.300 60.000
5 2118.0 148.200 60.000
5 2119.0 148.100 60.000
5 2120.0 148.000 60.000
5 2121.0 147.900 60.000
5 2122.0 147.800 60.000
5 2123.0 147.700 60.000
5 2124.0 147.600 60.000
5 2125.0 147.500 60.000
5 2126.0 147.400 60.000
5 2127.0 147.300 60.000
5 2128.0 147.200 60.000
5 2129.0 147.100 60.000
5 2130.0 147.000 60.000
5 2131.0 146.900 60.000
5 2132.0 146.800 60.000
5 2133.0 146.700 60.000
5 2134.0 146.600 60.000
5 2135.0 146.500 60.000
5 2136.0 146.400 60.000
5 2137.0 146.300 60.000
5 2138.0 146.200 60.000
5 2139.0 146.100 60.000
5 2140.0 146.000 60.000
5 2141.0 145.900 60.000
5 2142.0 145.800 60.000
5 2143.0 145.700 60.000
5 2144.0 145.600 60.000
5 2145.0 145.500 60.000
5 2146.0 145.400 60.000
5 2147.0 145.300 60.000
5 2148.0 145.200 60.000
5 2149.0 145.100 60.000
5 2150.0 145.000 60.000
5 2151.0 144.900 60.000
5 2152.0 144.800 60.000
5 2153.0 144.700 60.000
5 2154.0 144.600 60.000
5 2155.0 144.500 60.000
5 2156.0 144.400 60.000
5 2157.0 144.300 60.000
5 2158.0 144.200 60.000
5 2159.0 144.100 60.000
5 2160.0 144.000 60.000
5 2161.0 143.900 60.000
5 2162.0 143.800 60.000
5 2163.0 143.700 60.000
5 2164.0 143.600 60.000
5 2165.0 143.500 60.000
5 2166.0 143.400 60.000
5 2167.0 143.300 60.000
5 2168.0 143.200 60.000
5 2169.0 143.100 60.000
5 2170.0 143.000 60.000
5 2171.0 142.900 60.000
5 2172.0 142.800 60.000
5 2173.0 142.700 60.000
5 2174.0 142.600 60.000
5 2175.0 142.500 60.000
5 2176.0 142.400 60.000
5 2177.0 142.300 60.000
5 2178.0 142.200 60.000
5 2179.0 142.100 60.000
5 2180.0 142.000 60.000
5 2181.0 141.900 60.000
5 2182.0 141.800 60.000
5 2183.0 141.700 60.000
5 2184.0 141.600 60.000
5 2185.0 141.500 60.000
5 2186.0 141.400 60.000
5 2187.0 141.300 60.000
5 2188.0 141.200 60.000
5 2189.0 141.100 60.000
5 2190.0 141.000 60.000
5 2191.0 140.900 60.000
5 2192.0 140.800 60.000
5 2193.0 140.700 60.000
5 2194.0 140.600 60.000
5 2195.0 140.500 60.000
5 2196.0 140.400 60.000
5 2197.0 140.300 60.000
5 2198.0 140.200 60.000
5 2199.0 140.100 60.000
5 2200.0 140.000 60.000
5 2201.0 139.900 60.000
5 2202.0 139.800 60.000
5 2203.0 139.700 60.000
5 2204.0 139.600 60.000
5 2205.0 139.500 60.000
5 2206.0 139.400 60.000
5 2207.0 139.300 60.000
5 2208.0 139.200 60.000
5 2209.0 139.100 60.000
5 2210.0 139.000 60.000
5 2211.0 138.900 60.000
5 2212.0 138.800 60.000
5 2213.0 138.700 60.000
5 2214.0 138.600 60.000
5 2215.0 138.500 60.000
5 2216.0 138.400 60.000
5 2217.0 138.300 60.000
5 2218.0 138.200 60.000
5 2219.0 138.100 60.000
5 2220.0 138.000 60.000
5 2221.0 137.900 60.000
5 2222.0 137.800 60.000
5 2223.0 137.700 60.000
5 2224.0 137.600 60.000
5 2225.0 137.500 60.000
5 2226.0 137.400 60.000
5 2227.0 137.300 60.000
5 2228.0 137.200 60.000
5 2229.0 137.100 60.000
5 2230.0 137.000 60.000
5 2231.0 136.900 60.000
5 2232.0 136.800 60.000
5 2233.0 136.700 60.000
5 2234.0 136.600 60.000
5 2235.0 136.500 60.000
5 2236.0 136.400 60.000
5 2237.0 136.300 60.000
5 2238.0 136.200 60.000
5 2239.0 136.100 60.000
5 2240.0 136.000 60.000
5 2241.0 135.900 60.000
5 2242.0 135.800 60.000
5 2243.0 135.700 60.000
5 2244.0 135.600 60.000
5 2245.0 135.500 60.000
5 2246.0 135.400 60.000
5 2247.0 135.300 60.000
5 2248.0 135.200 60.000
5 2249.0 135.100 60.000
5 2250.0 135.000 60.000
5 2251.0 134.900 60.000
5 2252.0 134.800 60.000
5 2253.0 134.700 60.000
5 2254.0 134.600 60.000
5 2255.0 134.500 60.000
5 2256.0 134.400 60.000
5 2257.0 134.300 60.000
5 2258.0 134.200 60.000
5 2259.0 134.100 60.000
5 2260.0 134.000 60.000
5 2261.0 133.900 60.000
5 2262.0 133.800 60.000
5 2263.0 133.700 60.000
5 2264.0 133.600 60.000
5 2265.0 133.500 60.000
5 2266.0 133.400 60.000
5 2267.0 133.300 60.000
5 2268.0 133.200 60.000
5 2269.0 133.100 60.000
5 2270.0 133.000 60.000
5 2271.0 132.900 60.000
5 2272.0 132.800 60.000
5 2273.0 132.700 60.000
5 2274.0 132.600 60.000
5 2275.0 132.500 60.000
5 2276.0 132.400 60.000
5 2277.0 132.300 60.000
5 2278.0 132.200 60.000
5 2279.0 132.100 60.000
5 2280.0 132.000 60.000
5 2281.0 131.900 60.000
5 2282.0 131.800 60.000
5 2283.0 131.700 60.000
5 2284.0 131.600 60.000
5 2285.0 131.500 60.000
5 2286.0 131.400 60.000
5 2287.0 131.300 60.000
5 2288.0 131.200 60.000
5 2289.0 131.100 60.000
5 2290.0 131.000 60.000
5 2291.0 130.900 60.000
5 2292.0 130.800 60.000
5 2293.0 130.700 60.000
5 2294.0 130.600 60.000
5 2295.0 130.500 60.000
5 2296.0 130.400 60.000
5 2297.0 130.300 60.000
5 2298.0 130.200 60.000
5 2299.0 130.100 60.000
5 2300.0 130.000 60.000
5 2301.0 129.900 60.000
5 2302.0 129.800 60.000
5 2303.0 129.700 60.000
5 2304.0 129.600 60.000
5 2305.0 129.500 60.000
5 2306.0 129.400 60.000
5 2307.0 129.300 60.000
5 2308.0 129.200 60.000
5 2309.0 129.100 60.000
5 2310.0 129.000 60.000
5 2311.0 128.900 60.000
5 2312.0 128.800 60.000
5 2313.0 128.700 60.000
5 2314.0 128.600 60.000
5 2315.0 128.500 60.000
5 2316.0 128.400 60.000
5 2317.0 128.300 60.000
5 2318.0 128.200 60.000
5 2319.0 128.100 60.000
5 2320.0 128.000 60.000
5 2321.0 127.900 60.000
5 2322.0 127.800 60.000
5 2323.0 127.700 60.000
5 2324.0 127.600 60.000
5 2325.0 127.500 60.000
5 2326.0 127.400 60.000
5 2327.0 127.300 60.000
5 2328.0 127.200 60.000
5 2329.0 127.100 60.000
5 2330.0 127.000 60.000
5 2331.0 126.900 60.000
5 2332.0 126.800 60.000
5 2333.0 126.700 60.000
5 2334.0 126.600 60.000
5 2335.0 126.500 60.000
5 2336.0 126.400 60.000
5 2337.0 126.300 60.000
5 2338.0 126.200 60.000
5 2339.0 126.100 60.000
5 2340.0 126.000 60.000
5 2341.0 125.900 60.000
5 2342.0 125.800 60.000
5 2343.0 125.700 60.000
5 2344.0 125.600 60.000
5 2345.0 125.500 60.000
5 2346.0 125.400 60.000
5 2347.0 125.300 60.000
5 2348.0 125.200 60.000
5 2349.0 125.100 60.000
5 2350.0 125.000 60.000
5 2351.0 124.900 60.000
5 2352.0 124.800 60.000
5 2353.0 124.700 60.000
5 2354.0 124.600 60.000
5 2355.0 124.500 60.000
5 2356.0 124.400 60.000
5 2357.0 124.300 60.000
5 2358.0 124.200 60.000
5 2359.0 124.100 60.000
5 2360.0 124.000 60.000
5 2361.0 123.900 60.000
5 2362.0 123.800 60.000
5 2363.0 123.700 60.000
5 2364.0 123.600 60.000
5 2365.0 123.500 60.000
5 2366.0 123.400 60.000
5 2367.0 123.300 60.000
5 2368.0 123.200 60.000
5 2369.0 123.100 60.000
5 2370.0 123.000 60.000
5 2371.0 122.900 60.000
5 2372.0 122.800 60.000
5 2373.0 122.700 60.000
5 2374.0 122.600 60.000
5 2375.0 122.500 60.000
5 2376.0 122.400 60.000
5 2377.0 122.300 60.000
5 2378.0 122.200 60.000
5 2379.0 122.100 60.000
5 2380.0 122.000 60.000
5 2381.0 121.900 60.000
5 2382.0 121.800 60.000
5 2383.0 121.700 60.000
5 2384.0 121.600 60.000
5 2385.0 121.500 60.000
5 2386.0 121.400 60.000
5 2387.0 121.300 60.000
5 2388.0 121.200 60.000
5 2389.0 121.100 60.000
5 2390.0 121.000 60.000
5 2391.0 120.900 60.000
5 2392.0 120.800 60.000
5 2393.0 120.700 60.000
5 2394.0 120.600 60.000
5 2395.0 120.500 60.000
5 2396.0 120.400 60.000
5 2397.0 120.300 60.000
5 2398.0 120.200 60.000
5 2399.0 120.100 60.000
5 2400.0 120.000 60.000
5 2401.0 119.900 60.000
5 2402.0 119.800 60.000
5 2403.0 119.700 60.000
5 2404.0 119.600 60.000
5 2405.0 119.500 60.000
5 2406.0 119.400 60.000
5 2407.0 119.300 60.000
5 2408.0 119.200 60.000
5 2409.0 119.100 60.000
5 2410.0 119.000 60.000
5 2411.0 118.900 60.000
5 2412.0 118.800 60.000
5 2413.0 118.700 60.000
5 2414.0 118.600 60.000
5 2415.0 118.500 60.000
5 2416.0 118.400 60.000
5 2417.0 118.300 60.000
5 2418.0 118.200 60.000
5 2419.0 118.100 60.000
5 2420.0 118.000 60.000
5 2421.0 117.900 60.000
5 2422.0 117.800 60.000
5 2423.0 117.700 60.000
5 2424.0 117.600 60.000
5 2425.0 117.500 60.000
5 2426.0 117.400 60.000
5 2427.0 117.300 60.000
5 2428.0 117.200 60.000
5 2429.0 117.100 60.000
5 2430.0 117.000 60.000
5 2431.0 116.900 60.000
5 2432.0 116.800 60.000
5 2433.0 116.700 60.000
5 2434.0 116.600 60.000
5 2435.0 116.500 60.000
5 2436.0 116.400 60.000
5 2437.0 116.300 60.000
5 2438.0 116.200 60.000
5 2439.0 116.100 60.000
5 2440.0 116.000 60.000
5 2441.0 115.900 60.000
5 2442.0 115.800 60.000
5 2443.0 115.700 60.000
5 2444.0 115.600 60.000
5 2445.0 115.500 60.000
5 2446.0 115.400 60.000
5 2447.0 115.300 60.000
5 2448.0 115.200 60.000
5 2449.0 115.100 60.000
5 2450.0 115.000 60.000
5 2451.0 114.900 60.000
5 2452.0 114.800 60.000
5 2453.0 114.700 60.000
5 2454.0 114.600 60.000
5 2455.0 114.500 60.000
5 2456.0 114.400 60.000
5 2457.0 114.300 60.000
5 2458.0 114.200 60.000
5 2459.0 114.100 60.000
5 2460.0 114.000 60.000
5 2461.0 113.900 60.000
5 2462.0 113.800 60.000
5 2463.0 113.700 60.000
5 2464.0 113.600 60.000
5 2465.0 113.500 60.000
5 2466.0 113.400 60.000
5 2467.0 113.300 60.000
5 2468.0 113.200 60.000
5 2469.0 113.100 60.000
5 2470.0 113.000 60.000
5 2471.0 112.900 60.000
5 2472.0 112.800 60.000
5 2473.0 112.700 60.000
5 2474.0 112.600 60.000
5 2475.0 112.500 60.000
5 2476.0 112.400 60.000
5 2477.0 112.300 60.000
5 2478.0 112.200 60.000
5 2479.0 112.100 60.000
5 2480.0 112.000 60.000
5 2481.0 111.900 60.000
5 2482.0 111.800 60.000
5 2483.0 111.700 60.000
5 2484.0 111.600 60.000
5 2485.0 111.500 60.000
5 2486.0 111.400 60.000
5 2487.0 111.300 60.000
5 2488.0 111.200 60.000
5 2489.0 111.100 60.000
5 2490.0 111.000 60.000
5 2491.0 110.900 60.000
5 2492.0 110.800 60.000
5 2493.0 110.700 60.000
5 2494.0 110.600 60.000
5 2495.0 110.500 60.000
5 2496.0 110.400 60.000
5 2497.0 110.300 60.000
5 2498.0 110.200 60.000
5 2499.0 110.100 60.000
5 2500.0 110.000 60.000
5 2501.0 109.900 60.000
5 2502.0 109.800 60.000
5 2503.0 109.700 60.000
5 2504.0 109.600 60.000
5 2505.0 109.500 60.000
5 2506.0 109.400 60.000
5 2507.0 109.300 60.000
5 2508.0 109.200 60.000
5 2509.0 109.100 60.000
5 2510.0 109.000 60.000
5 2511.0 108.900 60.000
5 2512.0 108.800 60.000
5 2513.0 108.700 60.000
5 2514.0 108.600 60.000
5 2515.0 108.500 60.000
5 2516.0 108.400 60.000
5 2517.0 108.300 60.000
5 2518.0 108.200 60.000
5 2519.0 108.100 60.000
5 2520.0 108.000 60.000
5 2521.0 107.900 60.000
5 2522.0 107.800 60.000
5 2523.0 107.700 60.000
5 2524.0 107.600 60.000
5 2525.0 107.500 60.000
5 2526.0 107.400 60.000
5 2527.0 107.300 60.000
5 2528.0 107.200 60.000
5 2529.0 107.100 60.000
5 2530.0 107.000 60.000
5 2531.0 106.900 60.000
5 2532.0 106.800 60.000
5 2533.0 106.700 60.000
5 2534.0 106.600 60.000
5 2535.0 106.500 60.000
5 2536.0 106.400 60.000
5 2537.0 106.300 60.000
5 2538.0 106.200 60.000
5 2539.0 106.100 60.000
5 2540.0 106.000 60.000
5 2541.0 105.900 60.000
5 2542.0 105.800 60.000
5 2543.0 105.700 60.000
5 2544.0 105.600 60.000
5 2545.0 105.500 60.000
5 2546.0 105.400 60.000
5 2547.0 105.300 60.000
5 2548.0 105.200 60.000
5 2549.0 105.100 60.000
5 2550.0 105.000 60.000
5 2551.0 104.900 60.000
5 2552.0 104.800 60.000
5 2553.0 104.700 60.000
5 2554.0 104.600 60.000
5 2555.0 104.500 60.000
5 2556.0 104.400 60.000
5 2557.0 104.300 60.000
5 2558.0 104.200 60.000
5 2559.0 104.100 60.000
5 2560.0 104.000 60.000
5 2561.0 103.900 60.000
5 2562.0 103.800 60.000
5 2563.0 103.700 60.000
5 2564.0 103.600 60.000
5 2565.0 103.500 60.000
5 2566.0 103.400 60.000
5 2567.0 103.300 60.000
5 2568.0 103.200 60.000
5 2569.0 103.100 60.000
5 2570.0 103.000 60.000
5 2571.0 102.900 60.000
5 2572.0 102.800 60.000
5 2573.0 102.700 60.000
5 2574.0 102.600 60.000
5 2575.0 102.500 60.000
5 2576.0 102.400 60.000
5 2577.0 102.300 60.000
5 2578.0 102.200 60.000
5 2579.0 102.100 60.000
5 2580.0 102.000 60.000
5 2581.0 101.900 60.000
5 2582.0 101.800 60.000
5 2583.0 101.700 60.000
5 2584.0 101.600 60.000
5 2585.0 101.500 60.000
5 2586.0 101.400 60.000
5 2587.0 101.300 60.000
5 2588.0 101.200 60.000
5 2589.0 101.100 60.000
5 2590.0 101.000 60.000
5 2591.0 100.900 60.000
5 2592.0 100.800 60.000
5 2593.0 100.700 60.000
5 2594.0 100.600 60.000
5 2595.0 100.500 60.000
5 2596.0 100.400 60.000
5 2597.0 100.300 60.000
5 2598.0 100.200 60.000
5 2599.0 100.100 60.000
5 2600.0 100.000 60.000
5 2601.0 99.900 60.000
5 2602.0 99.800 60.000
5 2603.0 99.700 60.000
5 2604.0 99.600 60.000
5 2605.0 99.500 60.000
5 2606.0 99.400 60.000
5 2607.0 99.300 60.000
5 2608.0 99.200 60.000
5 2609.0 99.100 60.000
5 2610.0 99.000 60.000
5 2611.0 98.900 60.000
5 2612.0 98.800 60.000
5 2613.0 98.700 60.000
5 2614.0 98.600 60.000
5 2615.0 98.500 60.000
5 2616.0 98.400 60.000
5 2617.0 98.300 60.000
5 2618.0 98.200 60.000
5 2619.0 98.100 60.000
5 2620.0 98.000 60.000
5 2621.0 97.900 60.000
5 2622.0 97.800 60.000
5 2623.0 97.700 60.000
5 2624.0 97.600 60.000
5 2625.0 97.500 60.000
5 2626.0 97.400 60.000
5 2627.0 97.300 60.000
5 2628.0 97.200 60.000
5 2629.0 97.100 60.000
5 2630.0 97.000 60.000
5 2631.0 96.900 60.000
5 2632.0 96.800 60.000
5 2633.0 96.700 60.000
5 2634.0 96.600 60.000
5 2635.0 96.500 60.000
5 2636.0 96.400 60.000
5 2637.0 96.300 60.000
5 2638.0 96.200 60.000
5 2639.0 96.100 60.000
5 2640.0 96.000 60.000
5 2641.0 95.900 60.000
5 2642.0 95.800 60.000
5 2643.0 95.700 60.000
5 2644.0 95.600 60.000
5 2645.0 95.500 60.000
5 2646.0 95.400 60.000
5 2647.0 95.300 60.000
5 2648.0 95.200 60.000
5 2649.0 95.100 60.000
5 2650.0 95.000 60.000
5 2651.0 94.900 60.000
5 2652.0 94.800 60.000
5 2653.0 94.700 60.000
5 2654.0 94.600 60.000
5 2655.0 94.500 60.000
5 2656.0 94.400 60.000
5 2657.0 94.300 60.000
5 2658.0 94.200 60.000
5 2659.0 94.100 60.000
5 2660.0 94.000 60.000
5 2661.0 93.900 60.000
5 2662.0 93.800 60.000
5 2663.0 93.700 60.000
5 2664.0 93.600 60.000
5 2665.0 93.500 60.000
5 2666.0 93.400 60.000
5 2667.0 93.300 60.000
5 2668.0 93.200 60.000
5 2669.0 93.100 60.000
5 2670.0 93.000 60.000
5 2671.0 92.900 60.000
5 2672.0 92.800 60.000
5 2673.0 92.700 60.000
5 2674.0 92.600 60.000
5 2675.0 92.500 60.000
5 2676.0 92.400 60.000
5 2677.0 92.300 60.000
5 2678.0 92.200 60.000
5 2679.0 92.100 60.000
5 2680.0 92.000 60.000
5 2681.0 91.900 60.000
5 2682.0 91.800 60.000
5 2683.0 91.700 60.000
5 2684.0 91.600 60.000
5 2685.0 91.500 60.000
5 2686.0 91.400 60.000
5 2687.0 91.300 60.000
5 2688.0 91.200 60.000
5 2689.0 91.100 60.000
5 2690.0 91.000 60.000
5 2691.0 90.900 60.000
5 2692.0 90.800 60.000
5 2693.0 90.700 60.000
5 2694.0 90.600 60.000
5 2695.0 90.500 60.000
5 2696.0 90.400 60.000
5 2697.0 90.300 60.000
5 2698.0 90.200 60.000
5 2699.0 90.100 60.000
5 2700.0 90.000 60.000
5 2701.0 89.900 60.000
5 2702.0 89.800 60.000
5 2703.0 89.700 60.000
5 2704.0 89.600 60.000
5 2705.0 89.500 60.000
5 2706.0 89.400 60.000
5 2707.0 89.300 60.000
5 2708.0 89.200 60.000
5 2709.0 89.100 60.000
5 2710.0 89.000 60.000
5 2711.0 88.900 60.000
5 2712.0 88.800 60.000
5 2713.0 88.700 60.000
5 2714.0 88.600 60.000
5 2715.0 88.500 60.000
5 2716.0 88.400 60.000
5 2717.0 88.300 60.000
5 2718.0 88.200 60.000
5 2719.0 88.100 60.000
5 2720.0 88.000 60.000
5 2721.0 87.900 60.000
5 2722.0 87.800 60.000
5 2723.0 87.700 60.000
5 2724.0 87.600 60.000
5 2725.0 87.500 60.000
5 2726.0 87.400 60.000
5 2727.0 87.300 60.000
5 2728.0 87.200 60.000
5 2729.0 87.100 60.000
5 2730.0 87.000 60.000
5 2731.0 86.900 60.000
5 2732.0 86.800 60.000
5 2733.0 86.700 60.000
5 2734.0 86.600 60.000
5 2735.0 86.500 60.000
5 2736.0 86.400 60.000
5 2737.0 86.300 60.000
5 2738.0 86.200 60.000
5 2739.0 86.100 60.000
5 2740.0 86.000 60.000
5 2741.0 85.900 60.000
5 2742.0 85.800 60.000
5 2743.0 85.700 60.000
5 2744.0 85.600 60.000
5 2745.0 85.500 60.000
5 2746.0 85.400 60.000
5 2747.0 85.300 60.000
5 2748.0 85.200 60.000
5 2749.0 85.100 60.000
5 2750.0 85.000 60.000
5 2751.0 84.900 60.000
5 2752.0 84.800 60.000
5 2753.0 84.700 60.000
5 2754.0 84.600 60.000
5 2755.0 84.500 60.000
5 2756.0 84.400 60.000
5 2757.0 84.300 60.000
5 2758.0 84.200 60.000
5 2759.0 84.100 60.000
5 2760.0 84.000 60.000
5 2761.0 83.900 60.000
5 2762.0 83.800 60.000
5 2763.0 83.700 60.000
5 2764.0 83.600 60.000
5 2765.0 83.500 60.000
5 2766.0 83.400 60.000
5 2767.0 83.300 60.000
5 2768.0 83.200 60.000
5 2769.0 83.100 60.000
5 2770.0 83.000 60.000
5 2771.0 82.900 60.000
5 2772.0 82.800 60.000
5 2773.0 82.700 60.000
5 2774.0 82.600 60.000
5 2775.0 82.500 60.000
5 2776.0 82.400 60.000
5 2777.0 82.300 60.000
5 2778.0 82.200 60.000
5 2779.0 82.100 60.000
5 2780.0 82.000 60.000
5 2781.0 81.900 60.000
5 2782.0 81.800 60.000
5 2783.0 81.700 60.000
5 2784.0 81.600 60.000
5 2785.0 81.500 60.000
5 2786.0 81.400 60.000
5 2787.0 81.300 60.000
5 2788.0 81.200 60.000
5 2789.0 81.100 60.000
5 2790.0 81.000 60.000
5 2791.0 80.900 60.000
5 2792.0 80.800 60.000
5 2793.0 80.700 60.000
5 2794.0 80.600 60.000
5 2795.0 80.500 60.000
5 2796.0 80.400 60.000
5 2797.0 80.300 60.000
5 2798.0 80.200 60.000
5 2799.0 80.100 60.000
5 2800.0 80.000 60.000
5 2801.0 79.900 60.000
5 2802.0 79.800 60.000
5 2803.0 79.700 60.000
5 2804.0 79.600 60.000
5 2805.0 79.500 60.000
5 2806.0 79.400 60.000
5 2807.0 79.300 60.000
5 2808.0 79.200 60.000
5 2809.0 79.100 60.000
5 2810.0 79.000 60.000
5 2811.0 78.900 60.000
5 2812.0 78.800 60.000
5 2813.0 78.700 60.000
5 2814.0 78.600 60.000
5 2815.0 78.500 60.000
5 2816.0 78.400 60.000
5 2817.0 78.300 60.000
5 2818.0 78.200 60.000
5 2819.0 78.100 60.000
5 2820.0 78.000 60.000
5 2821.0 77.900 60.000
5 2822.0 77.800 60.000
5 2823.0 77.700 60.000
5 2824.0 77.600 60.000
5 2825.0 77.500 60.000
5 2826.0 77.400 60.000
5 2827.0 77.300 60.000
5 2828.0 77.200 60.000
5 2829.0 77.100 60.000
5 2830.0 77.000 60.000
5 2831.0 76.900 60.000
5 2832.0 76.800 60.000
5 2833.0 76.700 60.000
5 2834.0 76.600 60.000
5 2835.0 76.500 60.000
5 2836.0 76.400 60.000
5 2837.0 76.300 60.000
5 2838.0 76.200 60.000
5 2839.0 76.100 60.000
5 2840.0 76.000 60.000
5 2841.0 75.900 60.000
5 2842.0 75.800 60.000
5 2843.0 75.700 60.000
5 2844.0 75.600 60.000
5 2845.0 75.500 60.000
5 2846.0 75.400 60.000
5 2847.0 75.300 60.000
5 2848.0 75.200 60.000
5 2849.0 75.100 60.000
5 2850.0 75.000 60.000
5 2851.0 74.900 60.000
5 2852.0 74.800 60.000
5 2853.0 74.700 60.000
5 2854.0 74.600 60.000
5 2855.0 74.500 60.000
5 2856.0 74.400 60.000
5 2857.0 74.300 60.000
5 2858.0 74.200 60.000
5 2859.0 74.100 60.000
5 2860.0 74.000 60.000
5 2861.0 73.900 60.000
5 2862.0 73.800 60.000
5 2863.0 73.700 60.000
5 2864.0 73.600 60.000
5 2865.0 73.500 60.000
5 2866.0 73.400 60.000
5 2867.0 73.300 60.000
5 2868.0 73.200 60.000
5 2869.0 73.100 60.000
5 2870.0 73.000 60.000
5 2871.0 72.900 60.000
5 2872.0 72.800 60.000
5 2873.0 72.700 60.000
5 2874.0 72.600 60.000
5 2875.0 72.500 60.000
5 2876.0 72.400 60.000
5 2877.0 72.300 60.000
5 2878.0 72.200 60.000
5 2879.0 72.100 60.000
5 2880.0 72.000 60.000
5 2881.0 71.900 60.000
5 2882.0 71.800 60.000
5 2883.0 71.700 60.000
5 2884.0 71.600 60.000
5 2885.0 71.500 60.000
5 2886.0 71.400 60.000
5 2887.0 71.300 60.000
5 2888.0 71.200 60.000
5 2889.0 71.100 60.000
5 2890.0 71.000 60.000
5 2891.0 70.900 60.000
5 2892.0 70.800 60.000
5 2893.0 70.700 60.000
5 2894.0 70.600 60.000
5 2895.0 70.500 60.000
5 2896.0 70.400 60.000
5 2897.0 70.300 60.000
5 2898.0 70.200 60.000
5 2899.0 70.100 60.000
5 2900.0 70.000 60.000
5 2901.0 69.900 60.000
5 2902.0 69.800 60.000
5 2903.0 69.700 60.000
5 2904.0 69.600 60.000
5 2905.0 69.500 60.000
5 2906.0 69.400 60.000
5 2907.0 69.300 60.000
5 2908.0 69.200 60.000
5 2909.0 69.100 60.000
5 2910.0 69.000 60.000
5 2911.0 68.900 60.000
5 2912.0 68.800 60.000
5 2913.0 68.700 60.000
5 2914.0 68.600 60.000
5 2915.0 68.500 60.000
5 2916.0 68.400 60.000
5 2917.0 68.300 60.000
5 2918.0 68.200 60.000
5 2919.0 68.100 60.000
5 2920.0 68.000 60.000
5 2921.0 67.900 60.000
5 2922.0 67.800 60.000
5 2923.0 67.700 60.000
5 2924.0 67.600 60.000
5 2925.0 67.500 60.000
5 2926.0 67.400 60.000
5 2927.0 67.300 60.000
5 2928.0 67.200 60.000
5 2929.0 67.100 60.000
5 2930.0 67.000 60.000
5 2931.0 66.900 60.000
5 2932.0 66.800 60.000
5 2933.0 66.700 60.000
5 2934.0 66.600 60.000
5 2935.0 66.500 60.000
5 2936.0 66.400 60.000
5 2937.0 66.300 60.000
5 2938.0 66.200 60.000
5 2939.0 66.100 60.000
5 2940.0 66.000 60.000
5 2941.0 65.900 60.000
5 2942.0 65.800 60.000
5 2943.0 65.700 60.000
5 2944.0 65.600 60.000
5 2945.0 65.500 60.000
5 2946.0 65.400 60.000
5 2947.0 65.300 60.000
5 2948.0 65.200 60.000
5 2949.0 65.100 60.000
5 2950.0 65.000 60.000
5 2951.0 64.900 60.000
5 2952.0 64.800 60.000
5 2953.0 64.700 60.000
5 2954.0 64.600 60.000
5 2955.0 64.500 60.000
5 2956.0 64.400 60.000
5 2957.0 64.300 60.000
5 2958.0 64.200 60.000
5 2959.0 64.100 60.000
5 2960.0 64.000 60.000
5 2961.0 63.900 60.000
5 2962.0 63.800 60.000
5 2963.0 63.700 60.000
5 2964.0 63.600 60.000
5 2965.0 63.500 60.000
5 2966.0 63.400 60.000
5 2967.0 63.300 60.000
5 2968.0 63.200 60.000
5 2969.0 63.100 60.000
5 2970.0 63.000 60.000
5 2971.0 62.900 60.000
5 2972.0 62.800 60.000
5 2973.0 62.700 60.000
5 2974.0 62.600 60.000
5 2975.0 62.500 60.000
5 2976.0 62.400 60.000
5 2977.0 62.300 60.000
5 2978.0 62.200 60.000
5 2979.0 62.100 60.000
5 2980.0 62.000 60.000
5 2981.0 61.900 60.000
5 2982.0 61.800 60.000
5 2983.0 61.700 60.000
5 2984.0 61.600 60.000
5 2985.0 61.500 60.000
5 2986.0 61.400 60.000
5 2987.0 61.300 60.000
5 2988.0 61.200 60.000
5 2989.0 61.100 60.000
5 2990.0 61.000 60.000
5 2991.0 60.900 60.000
5 2992.0 60.800 60.000
5 2993.0 60.700 60.000
5 2994.0 60.600 60.000
5 2995.0 60.500 60.000
5 2996.0 60.400 60.000
5 2997.0 60.300 60.000
5 2998.0 60.200 60.000
5 2999.0 60.100 60.000
5 3000.0 60.000 60.000
5 3001.0 59.900 60.000
5 3002.0 59.800 60.000
5 3003.0 59.700 60.000
5 3004.0 59.600 60.000
5 3005.0 59.500 60.000
5 3006.0 59.400 60.000
5 3007.0 59.300 60.000
5 3008.0 59.200 60.000
5 3009.0 59.100 60.000
5 3010.0 59.000 60.000
5 3011.0 58.900 60.000
5 3012.0 58.800 60.000
5 3013.0 58.700 60.000
5 3014.0 58.600 60.000
5 3015.0 58.500 60.000
5 3016.0 58.400 60.000
5 3017.0 58.300 60.000
5 3018.0 58.200 60.000
5 3019.0 58.100 60.000
5 3020.0 58.000 60.000
5 3021.0 57.900 60.000
5 3022.0 57.800 60.000
5 3023.0 57.700 60.000
5 3024.0 57.600 60.000
5 3025.0 57.500 60.000
5 3026.0 57.400 60.000
5 3027.0 57.300 60.000
5 3028.0 57.200 60.000
5 3029.0 57.100 60.000
5 3030.0 57.000 60.000
5 3031.0 56.900 60.000
5 3032.0 56.800 60.000
5 3033.0 56.700 60.000
5 3034.0 56.600 60.000
5 3035.0 56.500 60.000
5 3036.0 56.400 60.000
5 3037.0 56.300 60.000
5 3038.0 56.200 60.000
5 3039.0 56.100 60.000
5 3040.0 56.000 60.000
5 3041.0 55.900 60.000
5 3042.0 55.800 60.000
5 3043.0 55.700 60.000
5 3044.0 55.600 60.000
5 3045.0 55.500 60.000
5 3046.0 55.400 60.000
5 3047.0 55.300 60.000
5 3048.0 55.200 60.000
5 3049.0 55.100 60.000
5 3050.0 55.000 60.000
5 3051.0 54.900 60.000
5 3052.0 54.800 60.000
5 3053.0 54.700 60.000
5 3054.0 54.600 60.000
5 3055.0 54.500 60.000
5 3056.0 54.400 60.000
5 3057.0 54.300 60.000
5 3058.0 54.200 60.000
5 3059.0 54.100 60.000
5 3060.0 54.000 60.000
5 3061.0 53.900 60.000
5 3062.0 53.800 60.000
5 3063.0 53.700 60.000
5 3064.0 53.600 60.000
5 3065.0 53.500 60.000
5 3066.0 53.400 60.000
5 3067.0 53.300 60.000
5 3068.0 53.200 60.000
5 3069.0 53.100 60.000
5 3070.0 53.000 60.000
5 3071.0 52.900 60.000
5 3072.0 52.800 60.000
5 3073.0 52.700 60.000
5 3074.0 52.600 60.000
5 3075.0 52.500 60.000
5 3076.0 52.400 60.000
5 3077.0 52.300 60.000
5 3078.0 52.200 60.000
5 3079.0 52.100 60.000
5 3080.0 52.000 60.000
5 3081.0 51.900 60.000
5 3082.0 51.800 60.000
5 3083.0 51.700 60.000
5 3084.0 51.600 60.000
5 3085.0 51.500 60.000
5 3086.0 51.400 60.000
5 3087.0 51.300 60.000
5 3088.0 51.200 60.000
5 3089.0 51.100 60.000
5 3090.0 51.000 60.000
5 3091.0 50.900 60.000
5 3092.0 50.800 60.000
5 3093.0 50.700 60.000
5 3094.0 50.600 60.000
5 3095.0 50.500 60.000
5 3096.0 50.400 60.000
5 3097.0 50.300 60.000
5 3098.0 50.200 60.000
5 3099.0 50.100 60.000
5 3100.0 50.000 60.000
5 3101.0 49.900 60.000
5 3102.0 49.800 60.000
5 3103.0 49.700 60.000
5 3104.0 49.600 60.000
5 3105.0 49.500 60.000
5 3106.0 49.400 60.000
5 3107.0 49.300 60.000
5 3108.0 49.200 60.000
5 3109.0 49.100 60.000
5 3110.0 49.000 60.000
5 3111.0 48.900 60.000
5 3112.0 48.800 60.000
5 3113.0 48.700 60.000
5 3114.0 48.600 60.000
5 3115.0 48.500 60.000
5 3116.0 48.400 60.000
5 3117.0 48.300 60.000
5 3118.0 48.200 60.000
5 3119.0 48.100 60.000
5 3120.0 48.000 60.000
5 3121.0 47.900 60.000
5 3122.0 47.800 60.000
5 3123.0 47.700 60.000
5 3124.0 47.600 60.000
5 3125.0 47.500 60.000
5 3126.0 47.400 60.000
5 3127.0 47.300 60.000
5 3128.0 47.200 60.000
5 3129.0 47.100 60.000
5 3130.0 47.000 60.000
5 3131.0 46.900 60.000
5 3132.0 46.800 60.000
5 3133.0 46.700 60.000
5 3134.0 46.600 60.000
5 3135.0 46.500 60.000
5 3136.0 46.400 60.000
5 3137.0 46.300 60.000
5 3138.0 46.200 60.000
5 3139.0 46.100 60.000
5 3140.0 46.000 60.000
5 3141.0 45.900 60.000
5 3142.0 45.800 60.000
5 3143.0 45.700 60.000
5 3144.0 45.600 60.000
5 3145.0 45.500 60.000
5 3146.0 45.400 60.000
5 3147.0 45.300 60.000
5 3148.0 45.200 60.000
5 3149.0 45.100 60.000
5 3150.0 45.000 60.000
5 3151.0 44.900 60.000
5 3152.0 44.800 60.000
5 3153.0 44.700 60.000
5 3154.0 44.600 60.000
5 3155.0 44.500 60.000
5 3156.0 44.400 60.000
5 3157.0 44.300 60.000
5 3158.0 44.200 60.000
5 3159.0 44.100 60.000
5 3160.0 44.000 60.000
5 3161.0 43.900 60.000
5 3162.0 43.800 60.000
5 3163.0 43.700 60.000
5 3164.0 43.600 60.000
5 3165.0 43.500 60.000
5 3166.0 43.400 60.000
5 3167.0 43.300 60.000
5 3168.0 43.200 60.000
5 3169.0 43.100 60.000
5 3170.0 43.000 60.000
5 3171.0 42.900 60.000
5 3172.0 42.800 60.000
5 3173.0 42.700 60.000
5 3174.0 42.600 60.000
5 3175.0 42.500 60.000
5 3176.0 42.400 60.000
5 3177.0 42.300 60.000
5 3178.0 42.200 60.000
5 3179.0 42.100 60.000
5 3180.0 42.000 60.000
5 3181.0 41.900 60.000
5 3182.0 41.800 60.000
5 3183.0 41.700 60.000
5 3184.0 41.600 60.000
5 3185.0 41.500 60.000
5 3186.0 41.400 60.000
5 3187.0 41.300 60.000
5 3188.0 41.200 60.000
5 3189.0 41.100 60.000
5 3190.0 41.000 60.000
5 3191.0 40.900 60.000
5 3192.0 40.800 60.000
5 3193.0 40.700 60.000
5 3194.0 40.600 60.000
5 3195.0 40.500 60.000
5 3196.0 40.400 60.000
5 3197.0 40.300 60.000
5 3198.0 40.200 60.000
5 3199.0 40.100 60.000
5 3200.0 40.000 60.000
5 3201.0 39.900 60.000
5 3202.0 39.800 60.000
5 3203.0 39.700 60.000
5 3204.0 39.600 60.000
5 3205.0 39.500 60.000
5 3206.0 39.400 60.000
5 3207.0 39.300 60.000
5 3208.0 39.200 60.000
5 3209.0 39.100 60.000
5 3210.0 39.000 60.000
5 3211.0 38.900 60.000
5 3212.0 38.800 60.000
5 3213.0 38.700 60.000
5 3214.0 38.600 60.000
5 3215.0 38.500 60.000
5 3216.0 38.400 60.000
5 3217.0 38.300 60.000
5 3218.0 38.200 60.000
5 3219.0 38.100 60.000
5 3220.0 38.000 60.000
5 3221.0 37.900 60.000
5 3222.0 37.800 60.000
5 3223.0 37.700 60.000
5 3224.0 37.600 60.000
5 3225.0 37.500 60.000
5 3226.0 37.400 60.000
5 3227.0 37.300 60.000
5 3228.0 37.200 60.000
5 3229.0 37.100 60.000
5 3230.0 37.000 60.000
5 3231.0 36.900 60.000
5 3232.0 36.800 60.000
5 3233.0 36.700 60.000
5 3234.0 36.600 60.000
5 3235.0 36.500 60.000
5 3236.0 36.400 60.000
5 3237.0 36.300 60.000
5 3238.0 36.200 60.000
5 3239.0 36.100 60.000
5 3240.0 36.000 60.000
5 3241.0 35.900 60.000
5 3242.0 35.800 60.000
5 3243.0 35.700 60.000
5 3244.0 35.600 60.000
5 3245.0 35.500 60.000
5 3246.0 35.400 60.000
5 3247.0 35.300 60.000
5 3248.0 35.200 60.000
5 3249.0 35.100 60.000
5 3250.0 35.000 60.000
5 3251.0 34.900 60.000
5 3252.0 34.800 60.000
5 3253.0 34.700 60.000
5 3254.0 34.600 60.000
5 3255.0 34.500 60.000
5 3256.0 34.400 60.000
5 3257.0 34.300 60.000
5 3258.0 34.200 60.000
5 3259.0 34.100 60.000
5 3260.0 34.000 60.000
5 3261.0 33.900 60.000
5 3262.0 33.800 60.000
5 3263.0 33.700 60.000
5 3264.0 33.600 60.000
5 3265.0 33.500 60.000
5 3266.0 33.400 60.000
5 3267.0 33.300 60.000
5 3268.0 33.200 60.000
5 3269.0 33.100 60.000
5 3270.0 33.000 60.000
5 3271.0 32.900 60.000
5 3272.0 32.800 60.000
5 3273.0 32.700 60.000
5 3274.0 32.600 60.000
5 3275.0 32.500 60.000
5 3276.0 32.400 60.000
5 3277.0 32.300 60.000
5 3278.0 32.200 60.000
5 3279.0 32.100 60.000
5 3280.0 32.000 60.000
5 3281.0 31.900 60.000
5 3282.0 31.800 60.000
5 3283.0 31.700 60.000
5 3284.0 31.600 60.000
5 3285.0 31.500 60.000
5 3286.0 31.400 60.000
5 3287.0 31.300 60.000
5 3288.0 31.200 60.000
5 3289.0 31.100 60.000
5 3290.0 31.000 60.000
5 3291.0 30.900 60.000
5 3292.0 30.800 60.000
5 3293.0 30.700 60.000
5 3294.0 30.600 60.000
5 3295.0 30.500 60.000
5 3296.0 30.400 60.000
5 3297.0 30.300 60.000
5 3298.0 30.200 60.000
5 3299.0 30.100 60.000
5 3300.0 30.000 60.000
5 3301.0 29.900 60.000
5 3302.0 29.800 60.000
5 3303.0 29.700 60.000
5 3304.0 29.600 60.000
5 3305.0 29.500 60.000
5 3306.0 29.400 60.000
5 3307.0 29.300 60.000
5 3308.0 29.200 60.000
5 3309.0 29.100 60.000
5 3310.0 29.000 60.000
5 3311.0 28.900 60.000
5 3312.0 28.800 60.000
5 3313.0 28.700 60.000
5 3314.0 28.600 60.000
5 3315.0 28.500 60.000
5 3316.0 28.400 60.000
5 3317.0 28.300 60.000
5 3318.0 28.200 60.000
5 3319.0 28.100 60.000
5 3320.0 28.000 60.000
5 3321.0 27.900 60.000
5 3322.0 27.800 60.000
5 3323.0 27.700 60.000
5 3324.0 27.600 60.000
5 3325.0 27.500 60.000
5 3326.0 27.400 60.000
5 3327.0 27.300 60.000
5 3328.0 27.200 60.000
5 3329.0 27.100 60.000
5 3330.0 27.000 60.000
5 3331.0 26.900 60.000
5 3332.0 26.800 60.000
5 3333.0 26.700 60.000
5 3334.0 26.600 60.000
5 3335.0 26.500 60.000
5 3336.0 26.400 60.000
5 3337.0 26.300 60.000
5 3338.0 26.200 60.000
5 3339.0 26.100 60.000
5 3340.0 26.000 60.000
5 3341.0 25.900 60.000
5 3342.0 25.800 60.000
5 3343.0 25.700 60.000
5 3344.0 25.600 60.000
5 3345.0 25.500 60.000
5 3346.0 25.400 60.000
5 3347.0 25.300 60.000
5 3348.0 25.200 60.000
5 3349.0 25.100 60.000
5 3350.0 25.000 60.000
5 3351.0 24.900 60.000
5 3352.0 24.800 60.000
5 3353.0 24.700 60.000
5 3354.0 24.600 60.000
5 3355.0 24.500 60.000
5 3356.0 24.400 60.000
5 3357.0 24.300 60.000
5 3358.0 24.200 60.000
5 3359.0 24.100 60.000
5 3360.0 24.000 60.000
5 3361.0 23.900 60.000
5 3362.0 23.800 60.000
5 3363.0 23.700 60.000
5 3364.0 23.600 60.000
5 3365.0 23.500 60.000
5 3366.0 23.400 60.000
5 3367.0 23.300 60.000
5 3368.0 23.200 60.000
5 3369.0 23.100 60.000
5 3370.0 23.000 60.000
5 3371.0 22.900 60.000
5 3372.0 22.800 60.000
5 3373.0 22.700 60.000
5 3374.0 22.600 60.000
5 3375.0 22.500 60.000
5 3376.0 22.400 60.000
5 3377.0 22.300 60.000
5 3378.0 22.200 60.000
5 3379.0 22.100 60.000
5 3380.0 22.000 60.000
5 3381.0 21.900 60.000
5 3382.0 21.800 60.000
5 3383.0 21.700 60.000
5 3384.0 21.600 60.000
5 3385.0 21.500 60.000
5 3386.0 21.400 60.000
5 3387.0 21.300 60.000
5 3388.0 21.200 60.000
5 3389.0 21.100 60.000
5 3390.0 21.000 60.000
5 3391.0 20.900 60.000
5 3392.0 20.800 60.000
5 3393.0 20.700 60.000
5 3394.0 20.600 60.000
5 3395.0 20.500 60.000
5 3396.0 20.400 60.000
5 3397.0 20.300 60.000
5 3398.0 20.200 60.000
5 3399.0 20.100 60.000
5 3400.0 20.000 60.000
5 3401.0 19.900 60.000
5 3402.0 19.800 60.000
5 3403.0 19.700 60.000
5 3404.0 19.600 60.000
5 3405.0 19.500 60.000
5 3406.0 19.400 60.000
5 3407.0 19.300 60.000
5 3408.0 19.200 60.000
5 3409.0 19.100 60.000
5 3410.0 19.000 60.000
5 3411.0 18.900 60.000
5 3412.0 18.800 60.000
5 3413.0 18.700 60.000
5 3414.0 18.600 60.000
5 3415.0 18.500 60.000
5 3416.0 18.400 60.000
5 3417.0 18.300 60.000
5 3418.0 18.200 60.000
5 3419.0 18.100 60.000
5 3420.0 18.000 60.000
5 3421.0 17.900 60.000
5 3422.0 17.800 60.000
5 3423.0 17.700 60.000
5 3424.0 17.600 60.000
5 3425.0 17.500 60.000
5 3426.0 17.400 60.000
5 3427.0 17.300 60.000
5 3428.0 17.200 60.000
5 3429.0 17.100 60.000
5 3430.0 17.000 60.000
5 3431.0 16.900 60.000
5 3432.0 16.800 60.000
5 3433.0 16.700 60.000
5 3434.0 16.600 60.000
5 3435.0 16.500 60.000
5 3436.0 16.400 60.000
5 3437.0 16.300 60.000
5 3438.0 16.200 60.000
5 3439.0 16.100 60.000
5 3440.0 16.000 60.000
5 3441.0 15.900 60.000
5 3442.0 15.800 60.000
5 3443.0 15.700 60.000
5 3444.0 15.600 60.000
5 3445.0 15.500 60.000
5 3446.0 15.400 60.000
5 3447.0 15.300 60.000
5 3448.0 15.200 60.000
5 3449.0 15.100 60.000
5 3450.0 15.000 60.000
5 3451.0 14.900 60.000
5 3452.0 14.800 60.000
5 3453.0 14.700 60.000
5 3454.0 14.600 60.000
5 3455.0 14.500 60.000
5 3456.0 14.400 60.000
5 3457.0 14.300 60.000
5 3458.0 14.200 60.000
5 3459.0 14.100 60.000
5 3460.0 14.000 60.000
5 3461.0 13.900 60.000
5 3462.0 13.800 60.000
5 3463.0 13.700 60.000
5 3464.0 13.600 60.000
5 3465.0 13.500 60.000
5 3466.0 13.400 60.000
5 3467.0 13.300 60.000
5 3468.0 13.200 60.000
5 3469.0 13.100 60.000
5 3470.0 13.000 60.000
5 3471.0 12.900 60.000
5 3472.0 12.800 60.000
5 3473.0 12.700 60.000
5 3474.0 12.600 60.000
5 3475.0 12.500 60.000
5 3476.0 12.400 60.000
5 3477.0 12.300 60.000
5 3478.0 12.200 60.000
5 3479.0 12.100 60.000
5 3480.0 12.000 60.000
5 3481.0 11.900 60.000
5 3482.0 11.800 60.000
5 3483.0 11.700 60.000
5 3484.0 11.600 60.000
5 3485.0 11.500 60.000
5 3486.0 11.400 60.000
5 3487.0 11.300 60.000
5 3488.0 11.200 60.000
5 3489.0 11.100 60.000
5 3490.0 11.000 60.000
5 3491.0 10.900 60.000
5 3492.0 10.800 60.000
5 3493.0 10.700 60.000
5 3494.0 10.600 60.000
5 3495.0 10.500 60.000
5 3496.0 10.400 60.000
5 3497.0 10.300 60.000
5 3498.0 10.200 60.000
5 3499.0 10.100 60.000
5 3500.0 10.000 60.000
5 3501.0 9.900 60.000
5 3502.0 9.800 60.000
5 3503.0 9.700 60.000
5 3504.0 9.600 60.000
5 3505.0 9.500 60.000
5 3506.0 9.400 60.000
5 3507.0 9.300 60.000
5 3508.0 9.200 60.000
5 3509.0 9.100 60.000
5 3510.0 9.000 60.000
5 3511.0 8.900 60.000
5 3512.0 8.800 60.000
5 3513.0 8.700 60.000
5 3514.0 8.600 60.000
5 3515.0 8.500 60.000
5 3516.0 8.400 60.000
5 3517.0 8.300 60.000
5 3518.0 8.200 60.000
5 3519.0 8.100 60.000
5 3520.0 8.000 60.000
5 3521.0 7.900 60.000
5 3522.0 7.800 60.000
5 3523.0 7.700 60.000
5 3524.0 7.600 60.000
5 3525.0 7.500 60.000
5 3526.0 7.400 60.000
5 3527.0 7.300 60.000
5 3528.0 7.200 60.000
5 3529.0 7.100 60.000
5 3530.0 7.000 60.000
5 3531.0 6.900 60.000
5 3532.0 6.800 60.000
5 3533.0 6.700 60.000
5 3534.0 6.600 60.000
5 3535.0 6.500 60.000
5 3536.0 6.400 60.000
5 3537.0 6.300 60.000
5 3538.0 6.200 60.000
5 3539.0 6.100 60.000
5 3540.0 6.000 60.000
5 3541.0 5.900 60.000
5 3542.0 5.800 60.000
5 3543.0 5.700 60.000
5 3544.0 5.600 60.000
5 3545.0 5.500 60.000
5 3546.0 5.400 60.000
5 3547.0 5.300 60.000
5 3548.0 5.200 60.000
5 3549.0 5.100 60.000
5 3550.0 5.000 60.000
5 3551.0 4.900 60.000
5 3552.0 4.800 60.000
5 3553.0 4.700 60.000
5 3554.0 4.600 60.000
5 3555.0 4.500 60.000
5 3556.0 4.400 60.000
5 3557.0 4.300 60.000
5 3558.0 4.200 60.000
5 3559.0 4.100 60.000
5 3560.0 4.000 60.000
5 3561.0 3.900 60.000
5 3562.0 3.800 60.000
5 3563.0 3.700 60.000
5 3564.0 3.600 60.000
5 3565.0 3.500 60.000
5 3566.0 3.400 60.000
5 3567.0 3.300 60.000
5 3568.0 3.200 60.000
5 3569.0 3.100 60.000
5 3570.0 3.000 60.000
5 3571.0 2.900 60.000
5 3572.0 2.800 60.000
5 3573.0 2.700 60.000
5 3574.0 2.600 60.000
5 3575.0 2.500 60.000
5 3576.0 2.400 60.000
5 3577.0 2.300 60.000
5 3578.0 2.200 60.000
5 3579.0 2.100 60.000
5 3580.0 2.000 60.000
5 3581.0 1.900 60.000
5 3582.0 1.800 60.000
5 3583.0 1.700 60.000
5 3584.0 1.600 60.000
5 3585.0 1.500 60.000
5 3586.0 1.400 60.000
5 3587.0 1.300 60.000
5 3588.0 1.200 60.000
5 3589.0 1.100 60.000
5 3590.0 1.000 60.000
5 3591.0 0.900 60.000
5 3592.0 0.800 60.000
5 3593.0 0.700 60.000
5 3594.0 0.600 60.000
5 3595.0 0.500 60.000
5 3596.0 0.400 60.000
5 3597.0 0.300 60.000
5 3598.0 0.200 60.000
5 3599.0 0.100 60.000
5 3600.0 0.000 60.000
