# Cooja mobility data: random40node_high updated trajectory
# Mobile sink: mote id 4
# Path length: 10487.48 m
# Total simulation time: 3600.0 s
# Static bootstrap phase: 1200.0 s (sink stationary at start)
# Travel velocity: 5.0 m/s
# Travel active duration: 2097.50 s (arrives at 3297.50 s)
# Post-travel static phase: 302.50 s (sink stationary at destination)
# Format: <node_id> <time_s> <x_m> <y_m>
4 0.0 284.000 2793.600
4 1.0 284.000 2793.600
4 2.0 284.000 2793.600
4 3.0 284.000 2793.600
4 4.0 284.000 2793.600
4 5.0 284.000 2793.600
4 6.0 284.000 2793.600
4 7.0 284.000 2793.600
4 8.0 284.000 2793.600
4 9.0 284.000 2793.600
4 10.0 284.000 2793.600
4 11.0 284.000 2793.600
4 12.0 284.000 2793.600
4 13.0 284.000 2793.600
4 14.0 284.000 2793.600
4 15.0 284.000 2793.600
4 16.0 284.000 2793.600
4 17.0 284.000 2793.600
4 18.0 284.000 2793.600
4 19.0 284.000 2793.600
4 20.0 284.000 2793.600
4 21.0 284.000 2793.600
4 22.0 284.000 2793.600
4 23.0 284.000 2793.600
4 24.0 284.000 2793.600
4 25.0 284.000 2793.600
4 26.0 284.000 2793.600
4 27.0 284.000 2793.600
4 28.0 284.000 2793.600
4 29.0 284.000 2793.600
4 30.0 284.000 2793.600
4 31.0 284.000 2793.600
4 32.0 284.000 2793.600
4 33.0 284.000 2793.600
4 34.0 284.000 2793.600
4 35.0 284.000 2793.600
4 36.0 284.000 2793.600
4 37.0 284.000 2793.600
4 38.0 284.000 2793.600
4 39.0 284.000 2793.600
4 40.0 284.000 2793.600
4 41.0 284.000 2793.600
4 42.0 284.000 2793.600
4 43.0 284.000 2793.600
4 44.0 284.000 2793.600
4 45.0 284.000 2793.600
4 46.0 284.000 2793.600
4 47.0 284.000 2793.600
4 48.0 284.000 2793.600
4 49.0 284.000 2793.600
4 50.0 284.000 2793.600
4 51.0 284.000 2793.600
4 52.0 284.000 2793.600
4 53.0 284.000 2793.600
4 54.0 284.000 2793.600
4 55.0 284.000 2793.600
4 56.0 284.000 2793.600
4 57.0 284.000 2793.600
4 58.0 284.000 2793.600
4 59.0 284.000 2793.600
4 60.0 284.000 2793.600
4 61.0 284.000 2793.600
4 62.0 284.000 2793.600
4 63.0 284.000 2793.600
4 64.0 284.000 2793.600
4 65.0 284.000 2793.600
4 66.0 284.000 2793.600
4 67.0 284.000 2793.600
4 68.0 284.000 2793.600
4 69.0 284.000 2793.600
4 70.0 284.000 2793.600
4 71.0 284.000 2793.600
4 72.0 284.000 2793.600
4 73.0 284.000 2793.600
4 74.0 284.000 2793.600
4 75.0 284.000 2793.600
4 76.0 284.000 2793.600
4 77.0 284.000 2793.600
4 78.0 284.000 2793.600
4 79.0 284.000 2793.600
4 80.0 284.000 2793.600
4 81.0 284.000 2793.600
4 82.0 284.000 2793.600
4 83.0 284.000 2793.600
4 84.0 284.000 2793.600
4 85.0 284.000 2793.600
4 86.0 284.000 2793.600
4 87.0 284.000 2793.600
4 88.0 284.000 2793.600
4 89.0 284.000 2793.600
4 90.0 284.000 2793.600
4 91.0 284.000 2793.600
4 92.0 284.000 2793.600
4 93.0 284.000 2793.600
4 94.0 284.000 2793.600
4 95.0 284.000 2793.600
4 96.0 284.000 2793.600
4 97.0 284.000 2793.600
4 98.0 284.000 2793.600
4 99.0 284.000 2793.600
4 100.0 284.000 2793.600
4 101.0 284.000 2793.600
4 102.0 284.000 2793.600
4 103.0 284.000 2793.600
4 104.0 284.000 2793.600
4 105.0 284.000 2793.600
4 106.0 284.000 2793.600
4 107.0 284.000 2793.600
4 108.0 284.000 2793.600
4 109.0 284.000 2793.600
4 110.0 284.000 2793.600
4 111.0 284.000 2793.600
4 112.0 284.000 2793.600
4 113.0 284.000 2793.600
4 114.0 284.000 2793.600
4 115.0 284.000 2793.600
4 116.0 284.000 2793.600
4 117.0 284.000 2793.600
4 118.0 284.000 2793.600
4 119.0 284.000 2793.600
4 120.0 284.000 2793.600
4 121.0 284.000 2793.600
4 122.0 284.000 2793.600
4 123.0 284.000 2793.600
4 124.0 284.000 2793.600
4 125.0 284.000 2793.600
4 126.0 284.000 2793.600
4 127.0 284.000 2793.600
4 128.0 284.000 2793.600
4 129.0 284.000 2793.600
4 130.0 284.000 2793.600
4 131.0 284.000 2793.600
4 132.0 284.000 2793.600
4 133.0 284.000 2793.600
4 134.0 284.000 2793.600
4 135.0 284.000 2793.600
4 136.0 284.000 2793.600
4 137.0 284.000 2793.600
4 138.0 284.000 2793.600
4 139.0 284.000 2793.600
4 140.0 284.000 2793.600
4 141.0 284.000 2793.600
4 142.0 284.000 2793.600
4 143.0 284.000 2793.600
4 144.0 284.000 2793.600
4 145.0 284.000 2793.600
4 146.0 284.000 2793.600
4 147.0 284.000 2793.600
4 148.0 284.000 2793.600
4 149.0 284.000 2793.600
4 150.0 284.000 2793.600
4 151.0 284.000 2793.600
4 152.0 284.000 2793.600
4 153.0 284.000 2793.600
4 154.0 284.000 2793.600
4 155.0 284.000 2793.600
4 156.0 284.000 2793.600
4 157.0 284.000 2793.600
4 158.0 284.000 2793.600
4 159.0 284.000 2793.600
4 160.0 284.000 2793.600
4 161.0 284.000 2793.600
4 162.0 284.000 2793.600
4 163.0 284.000 2793.600
4 164.0 284.000 2793.600
4 165.0 284.000 2793.600
4 166.0 284.000 2793.600
4 167.0 284.000 2793.600
4 168.0 284.000 2793.600
4 169.0 284.000 2793.600
4 170.0 284.000 2793.600
4 171.0 284.000 2793.600
4 172.0 284.000 2793.600
4 173.0 284.000 2793.600
4 174.0 284.000 2793.600
4 175.0 284.000 2793.600
4 176.0 284.000 2793.600
4 177.0 284.000 2793.600
4 178.0 284.000 2793.600
4 179.0 284.000 2793.600
4 180.0 284.000 2793.600
4 181.0 284.000 2793.600
4 182.0 284.000 2793.600
4 183.0 284.000 2793.600
4 184.0 284.000 2793.600
4 185.0 284.000 2793.600
4 186.0 284.000 2793.600
4 187.0 284.000 2793.600
4 188.0 284.000 2793.600
4 189.0 284.000 2793.600
4 190.0 284.000 2793.600
4 191.0 284.000 2793.600
4 192.0 284.000 2793.600
4 193.0 284.000 2793.600
4 194.0 284.000 2793.600
4 195.0 284.000 2793.600
4 196.0 284.000 2793.600
4 197.0 284.000 2793.600
4 198.0 284.000 2793.600
4 199.0 284.000 2793.600
4 200.0 284.000 2793.600
4 201.0 284.000 2793.600
4 202.0 284.000 2793.600
4 203.0 284.000 2793.600
4 204.0 284.000 2793.600
4 205.0 284.000 2793.600
4 206.0 284.000 2793.600
4 207.0 284.000 2793.600
4 208.0 284.000 2793.600
4 209.0 284.000 2793.600
4 210.0 284.000 2793.600
4 211.0 284.000 2793.600
4 212.0 284.000 2793.600
4 213.0 284.000 2793.600
4 214.0 284.000 2793.600
4 215.0 284.000 2793.600
4 216.0 284.000 2793.600
4 217.0 284.000 2793.600
4 218.0 284.000 2793.600
4 219.0 284.000 2793.600
4 220.0 284.000 2793.600
4 221.0 284.000 2793.600
4 222.0 284.000 2793.600
4 223.0 284.000 2793.600
4 224.0 284.000 2793.600
4 225.0 284.000 2793.600
4 226.0 284.000 2793.600
4 227.0 284.000 2793.600
4 228.0 284.000 2793.600
4 229.0 284.000 2793.600
4 230.0 284.000 2793.600
4 231.0 284.000 2793.600
4 232.0 284.000 2793.600
4 233.0 284.000 2793.600
4 234.0 284.000 2793.600
4 235.0 284.000 2793.600
4 236.0 284.000 2793.600
4 237.0 284.000 2793.600
4 238.0 284.000 2793.600
4 239.0 284.000 2793.600
4 240.0 284.000 2793.600
4 241.0 284.000 2793.600
4 242.0 284.000 2793.600
4 243.0 284.000 2793.600
4 244.0 284.000 2793.600
4 245.0 284.000 2793.600
4 246.0 284.000 2793.600
4 247.0 284.000 2793.600
4 248.0 284.000 2793.600
4 249.0 284.000 2793.600
4 250.0 284.000 2793.600
4 251.0 284.000 2793.600
4 252.0 284.000 2793.600
4 253.0 284.000 2793.600
4 254.0 284.000 2793.600
4 255.0 284.000 2793.600
4 256.0 284.000 2793.600
4 257.0 284.000 2793.600
4 258.0 284.000 2793.600
4 259.0 284.000 2793.600
4 260.0 284.000 2793.600
4 261.0 284.000 2793.600
4 262.0 284.000 2793.600
4 263.0 284.000 2793.600
4 264.0 284.000 2793.600
4 265.0 284.000 2793.600
4 266.0 284.000 2793.600
4 267.0 284.000 2793.600
4 268.0 284.000 2793.600
4 269.0 284.000 2793.600
4 270.0 284.000 2793.600
4 271.0 284.000 2793.600
4 272.0 284.000 2793.600
4 273.0 284.000 2793.600
4 274.0 284.000 2793.600
4 275.0 284.000 2793.600
4 276.0 284.000 2793.600
4 277.0 284.000 2793.600
4 278.0 284.000 2793.600
4 279.0 284.000 2793.600
4 280.0 284.000 2793.600
4 281.0 284.000 2793.600
4 282.0 284.000 2793.600
4 283.0 284.000 2793.600
4 284.0 284.000 2793.600
4 285.0 284.000 2793.600
4 286.0 284.000 2793.600
4 287.0 284.000 2793.600
4 288.0 284.000 2793.600
4 289.0 284.000 2793.600
4 290.0 284.000 2793.600
4 291.0 284.000 2793.600
4 292.0 284.000 2793.600
4 293.0 284.000 2793.600
4 294.0 284.000 2793.600
4 295.0 284.000 2793.600
4 296.0 284.000 2793.600
4 297.0 284.000 2793.600
4 298.0 284.000 2793.600
4 299.0 284.000 2793.600
4 300.0 284.000 2793.600
4 301.0 284.000 2793.600
4 302.0 284.000 2793.600
4 303.0 284.000 2793.600
4 304.0 284.000 2793.600
4 305.0 284.000 2793.600
4 306.0 284.000 2793.600
4 307.0 284.000 2793.600
4 308.0 284.000 2793.600
4 309.0 284.000 2793.600
4 310.0 284.000 2793.600
4 311.0 284.000 2793.600
4 312.0 284.000 2793.600
4 313.0 284.000 2793.600
4 314.0 284.000 2793.600
4 315.0 284.000 2793.600
4 316.0 284.000 2793.600
4 317.0 284.000 2793.600
4 318.0 284.000 2793.600
4 319.0 284.000 2793.600
4 320.0 284.000 2793.600
4 321.0 284.000 2793.600
4 322.0 284.000 2793.600
4 323.0 284.000 2793.600
4 324.0 284.000 2793.600
4 325.0 284.000 2793.600
4 326.0 284.000 2793.600
4 327.0 284.000 2793.600
4 328.0 284.000 2793.600
4 329.0 284.000 2793.600
4 330.0 284.000 2793.600
4 331.0 284.000 2793.600
4 332.0 284.000 2793.600
4 333.0 284.000 2793.600
4 334.0 284.000 2793.600
4 335.0 284.000 2793.600
4 336.0 284.000 2793.600
4 337.0 284.000 2793.600
4 338.0 284.000 2793.600
4 339.0 284.000 2793.600
4 340.0 284.000 2793.600
4 341.0 284.000 2793.600
4 342.0 284.000 2793.600
4 343.0 284.000 2793.600
4 344.0 284.000 2793.600
4 345.0 284.000 2793.600
4 346.0 284.000 2793.600
4 347.0 284.000 2793.600
4 348.0 284.000 2793.600
4 349.0 284.000 2793.600
4 350.0 284.000 2793.600
4 351.0 284.000 2793.600
4 352.0 284.000 2793.600
4 353.0 284.000 2793.600
4 354.0 284.000 2793.600
4 355.0 284.000 2793.600
4 356.0 284.000 2793.600
4 357.0 284.000 2793.600
4 358.0 284.000 2793.600
4 359.0 284.000 2793.600
4 360.0 284.000 2793.600
4 361.0 284.000 2793.600
4 362.0 284.000 2793.600
4 363.0 284.000 2793.600
4 364.0 284.000 2793.600
4 365.0 284.000 2793.600
4 366.0 284.000 2793.600
4 367.0 284.000 2793.600
4 368.0 284.000 2793.600
4 369.0 284.000 2793.600
4 370.0 284.000 2793.600
4 371.0 284.000 2793.600
4 372.0 284.000 2793.600
4 373.0 284.000 2793.600
4 374.0 284.000 2793.600
4 375.0 284.000 2793.600
4 376.0 284.000 2793.600
4 377.0 284.000 2793.600
4 378.0 284.000 2793.600
4 379.0 284.000 2793.600
4 380.0 284.000 2793.600
4 381.0 284.000 2793.600
4 382.0 284.000 2793.600
4 383.0 284.000 2793.600
4 384.0 284.000 2793.600
4 385.0 284.000 2793.600
4 386.0 284.000 2793.600
4 387.0 284.000 2793.600
4 388.0 284.000 2793.600
4 389.0 284.000 2793.600
4 390.0 284.000 2793.600
4 391.0 284.000 2793.600
4 392.0 284.000 2793.600
4 393.0 284.000 2793.600
4 394.0 284.000 2793.600
4 395.0 284.000 2793.600
4 396.0 284.000 2793.600
4 397.0 284.000 2793.600
4 398.0 284.000 2793.600
4 399.0 284.000 2793.600
4 400.0 284.000 2793.600
4 401.0 284.000 2793.600
4 402.0 284.000 2793.600
4 403.0 284.000 2793.600
4 404.0 284.000 2793.600
4 405.0 284.000 2793.600
4 406.0 284.000 2793.600
4 407.0 284.000 2793.600
4 408.0 284.000 2793.600
4 409.0 284.000 2793.600
4 410.0 284.000 2793.600
4 411.0 284.000 2793.600
4 412.0 284.000 2793.600
4 413.0 284.000 2793.600
4 414.0 284.000 2793.600
4 415.0 284.000 2793.600
4 416.0 284.000 2793.600
4 417.0 284.000 2793.600
4 418.0 284.000 2793.600
4 419.0 284.000 2793.600
4 420.0 284.000 2793.600
4 421.0 284.000 2793.600
4 422.0 284.000 2793.600
4 423.0 284.000 2793.600
4 424.0 284.000 2793.600
4 425.0 284.000 2793.600
4 426.0 284.000 2793.600
4 427.0 284.000 2793.600
4 428.0 284.000 2793.600
4 429.0 284.000 2793.600
4 430.0 284.000 2793.600
4 431.0 284.000 2793.600
4 432.0 284.000 2793.600
4 433.0 284.000 2793.600
4 434.0 284.000 2793.600
4 435.0 284.000 2793.600
4 436.0 284.000 2793.600
4 437.0 284.000 2793.600
4 438.0 284.000 2793.600
4 439.0 284.000 2793.600
4 440.0 284.000 2793.600
4 441.0 284.000 2793.600
4 442.0 284.000 2793.600
4 443.0 284.000 2793.600
4 444.0 284.000 2793.600
4 445.0 284.000 2793.600
4 446.0 284.000 2793.600
4 447.0 284.000 2793.600
4 448.0 284.000 2793.600
4 449.0 284.000 2793.600
4 450.0 284.000 2793.600
4 451.0 284.000 2793.600
4 452.0 284.000 2793.600
4 453.0 284.000 2793.600
4 454.0 284.000 2793.600
4 455.0 284.000 2793.600
4 456.0 284.000 2793.600
4 457.0 284.000 2793.600
4 458.0 284.000 2793.600
4 459.0 284.000 2793.600
4 460.0 284.000 2793.600
4 461.0 284.000 2793.600
4 462.0 284.000 2793.600
4 463.0 284.000 2793.600
4 464.0 284.000 2793.600
4 465.0 284.000 2793.600
4 466.0 284.000 2793.600
4 467.0 284.000 2793.600
4 468.0 284.000 2793.600
4 469.0 284.000 2793.600
4 470.0 284.000 2793.600
4 471.0 284.000 2793.600
4 472.0 284.000 2793.600
4 473.0 284.000 2793.600
4 474.0 284.000 2793.600
4 475.0 284.000 2793.600
4 476.0 284.000 2793.600
4 477.0 284.000 2793.600
4 478.0 284.000 2793.600
4 479.0 284.000 2793.600
4 480.0 284.000 2793.600
4 481.0 284.000 2793.600
4 482.0 284.000 2793.600
4 483.0 284.000 2793.600
4 484.0 284.000 2793.600
4 485.0 284.000 2793.600
4 486.0 284.000 2793.600
4 487.0 284.000 2793.600
4 488.0 284.000 2793.600
4 489.0 284.000 2793.600
4 490.0 284.000 2793.600
4 491.0 284.000 2793.600
4 492.0 284.000 2793.600
4 493.0 284.000 2793.600
4 494.0 284.000 2793.600
4 495.0 284.000 2793.600
4 496.0 284.000 2793.600
4 497.0 284.000 2793.600
4 498.0 284.000 2793.600
4 499.0 284.000 2793.600
4 500.0 284.000 2793.600
4 501.0 284.000 2793.600
4 502.0 284.000 2793.600
4 503.0 284.000 2793.600
4 504.0 284.000 2793.600
4 505.0 284.000 2793.600
4 506.0 284.000 2793.600
4 507.0 284.000 2793.600
4 508.0 284.000 2793.600
4 509.0 284.000 2793.600
4 510.0 284.000 2793.600
4 511.0 284.000 2793.600
4 512.0 284.000 2793.600
4 513.0 284.000 2793.600
4 514.0 284.000 2793.600
4 515.0 284.000 2793.600
4 516.0 284.000 2793.600
4 517.0 284.000 2793.600
4 518.0 284.000 2793.600
4 519.0 284.000 2793.600
4 520.0 284.000 2793.600
4 521.0 284.000 2793.600
4 522.0 284.000 2793.600
4 523.0 284.000 2793.600
4 524.0 284.000 2793.600
4 525.0 284.000 2793.600
4 526.0 284.000 2793.600
4 527.0 284.000 2793.600
4 528.0 284.000 2793.600
4 529.0 284.000 2793.600
4 530.0 284.000 2793.600
4 531.0 284.000 2793.600
4 532.0 284.000 2793.600
4 533.0 284.000 2793.600
4 534.0 284.000 2793.600
4 535.0 284.000 2793.600
4 536.0 284.000 2793.600
4 537.0 284.000 2793.600
4 538.0 284.000 2793.600
4 539.0 284.000 2793.600
4 540.0 284.000 2793.600
4 541.0 284.000 2793.600
4 542.0 284.000 2793.600
4 543.0 284.000 2793.600
4 544.0 284.000 2793.600
4 545.0 284.000 2793.600
4 546.0 284.000 2793.600
4 547.0 284.000 2793.600
4 548.0 284.000 2793.600
4 549.0 284.000 2793.600
4 550.0 284.000 2793.600
4 551.0 284.000 2793.600
4 552.0 284.000 2793.600
4 553.0 284.000 2793.600
4 554.0 284.000 2793.600
4 555.0 284.000 2793.600
4 556.0 284.000 2793.600
4 557.0 284.000 2793.600
4 558.0 284.000 2793.600
4 559.0 284.000 2793.600
4 560.0 284.000 2793.600
4 561.0 284.000 2793.600
4 562.0 284.000 2793.600
4 563.0 284.000 2793.600
4 564.0 284.000 2793.600
4 565.0 284.000 2793.600
4 566.0 284.000 2793.600
4 567.0 284.000 2793.600
4 568.0 284.000 2793.600
4 569.0 284.000 2793.600
4 570.0 284.000 2793.600
4 571.0 284.000 2793.600
4 572.0 284.000 2793.600
4 573.0 284.000 2793.600
4 574.0 284.000 2793.600
4 575.0 284.000 2793.600
4 576.0 284.000 2793.600
4 577.0 284.000 2793.600
4 578.0 284.000 2793.600
4 579.0 284.000 2793.600
4 580.0 284.000 2793.600
4 581.0 284.000 2793.600
4 582.0 284.000 2793.600
4 583.0 284.000 2793.600
4 584.0 284.000 2793.600
4 585.0 284.000 2793.600
4 586.0 284.000 2793.600
4 587.0 284.000 2793.600
4 588.0 284.000 2793.600
4 589.0 284.000 2793.600
4 590.0 284.000 2793.600
4 591.0 284.000 2793.600
4 592.0 284.000 2793.600
4 593.0 284.000 2793.600
4 594.0 284.000 2793.600
4 595.0 284.000 2793.600
4 596.0 284.000 2793.600
4 597.0 284.000 2793.600
4 598.0 284.000 2793.600
4 599.0 284.000 2793.600
4 600.0 284.000 2793.600
4 601.0 284.000 2793.600
4 602.0 284.000 2793.600
4 603.0 284.000 2793.600
4 604.0 284.000 2793.600
4 605.0 284.000 2793.600
4 606.0 284.000 2793.600
4 607.0 284.000 2793.600
4 608.0 284.000 2793.600
4 609.0 284.000 2793.600
4 610.0 284.000 2793.600
4 611.0 284.000 2793.600
4 612.0 284.000 2793.600
4 613.0 284.000 2793.600
4 614.0 284.000 2793.600
4 615.0 284.000 2793.600
4 616.0 284.000 2793.600
4 617.0 284.000 2793.600
4 618.0 284.000 2793.600
4 619.0 284.000 2793.600
4 620.0 284.000 2793.600
4 621.0 284.000 2793.600
4 622.0 284.000 2793.600
4 623.0 284.000 2793.600
4 624.0 284.000 2793.600
4 625.0 284.000 2793.600
4 626.0 284.000 2793.600
4 627.0 284.000 2793.600
4 628.0 284.000 2793.600
4 629.0 284.000 2793.600
4 630.0 284.000 2793.600
4 631.0 284.000 2793.600
4 632.0 284.000 2793.600
4 633.0 284.000 2793.600
4 634.0 284.000 2793.600
4 635.0 284.000 2793.600
4 636.0 284.000 2793.600
4 637.0 284.000 2793.600
4 638.0 284.000 2793.600
4 639.0 284.000 2793.600
4 640.0 284.000 2793.600
4 641.0 284.000 2793.600
4 642.0 284.000 2793.600
4 643.0 284.000 2793.600
4 644.0 284.000 2793.600
4 645.0 284.000 2793.600
4 646.0 284.000 2793.600
4 647.0 284.000 2793.600
4 648.0 284.000 2793.600
4 649.0 284.000 2793.600
4 650.0 284.000 2793.600
4 651.0 284.000 2793.600
4 652.0 284.000 2793.600
4 653.0 284.000 2793.600
4 654.0 284.000 2793.600
4 655.0 284.000 2793.600
4 656.0 284.000 2793.600
4 657.0 284.000 2793.600
4 658.0 284.000 2793.600
4 659.0 284.000 2793.600
4 660.0 284.000 2793.600
4 661.0 284.000 2793.600
4 662.0 284.000 2793.600
4 663.0 284.000 2793.600
4 664.0 284.000 2793.600
4 665.0 284.000 2793.600
4 666.0 284.000 2793.600
4 667.0 284.000 2793.600
4 668.0 284.000 2793.600
4 669.0 284.000 2793.600
4 670.0 284.000 2793.600
4 671.0 284.000 2793.600
4 672.0 284.000 2793.600
4 673.0 284.000 2793.600
4 674.0 284.000 2793.600
4 675.0 284.000 2793.600
4 676.0 284.000 2793.600
4 677.0 284.000 2793.600
4 678.0 284.000 2793.600
4 679.0 284.000 2793.600
4 680.0 284.000 2793.600
4 681.0 284.000 2793.600
4 682.0 284.000 2793.600
4 683.0 284.000 2793.600
4 684.0 284.000 2793.600
4 685.0 284.000 2793.600
4 686.0 284.000 2793.600
4 687.0 284.000 2793.600
4 688.0 284.000 2793.600
4 689.0 284.000 2793.600
4 690.0 284.000 2793.600
4 691.0 284.000 2793.600
4 692.0 284.000 2793.600
4 693.0 284.000 2793.600
4 694.0 284.000 2793.600
4 695.0 284.000 2793.600
4 696.0 284.000 2793.600
4 697.0 284.000 2793.600
4 698.0 284.000 2793.600
4 699.0 284.000 2793.600
4 700.0 284.000 2793.600
4 701.0 284.000 2793.600
4 702.0 284.000 2793.600
4 703.0 284.000 2793.600
4 704.0 284.000 2793.600
4 705.0 284.000 2793.600
4 706.0 284.000 2793.600
4 707.0 284.000 2793.600
4 708.0 284.000 2793.600
4 709.0 284.000 2793.600
4 710.0 284.000 2793.600
4 711.0 284.000 2793.600
4 712.0 284.000 2793.600
4 713.0 284.000 2793.600
4 714.0 284.000 2793.600
4 715.0 284.000 2793.600
4 716.0 284.000 2793.600
4 717.0 284.000 2793.600
4 718.0 284.000 2793.600
4 719.0 284.000 2793.600
4 720.0 284.000 2793.600
4 721.0 284.000 2793.600
4 722.0 284.000 2793.600
4 723.0 284.000 2793.600
4 724.0 284.000 2793.600
4 725.0 284.000 2793.600
4 726.0 284.000 2793.600
4 727.0 284.000 2793.600
4 728.0 284.000 2793.600
4 729.0 284.000 2793.600
4 730.0 284.000 2793.600
4 731.0 284.000 2793.600
4 732.0 284.000 2793.600
4 733.0 284.000 2793.600
4 734.0 284.000 2793.600
4 735.0 284.000 2793.600
4 736.0 284.000 2793.600
4 737.0 284.000 2793.600
4 738.0 284.000 2793.600
4 739.0 284.000 2793.600
4 740.0 284.000 2793.600
4 741.0 284.000 2793.600
4 742.0 284.000 2793.600
4 743.0 284.000 2793.600
4 744.0 284.000 2793.600
4 745.0 284.000 2793.600
4 746.0 284.000 2793.600
4 747.0 284.000 2793.600
4 748.0 284.000 2793.600
4 749.0 284.000 2793.600
4 750.0 284.000 2793.600
4 751.0 284.000 2793.600
4 752.0 284.000 2793.600
4 753.0 284.000 2793.600
4 754.0 284.000 2793.600
4 755.0 284.000 2793.600
4 756.0 284.000 2793.600
4 757.0 284.000 2793.600
4 758.0 284.000 2793.600
4 759.0 284.000 2793.600
4 760.0 284.000 2793.600
4 761.0 284.000 2793.600
4 762.0 284.000 2793.600
4 763.0 284.000 2793.600
4 764.0 284.000 2793.600
4 765.0 284.000 2793.600
4 766.0 284.000 2793.600
4 767.0 284.000 2793.600
4 768.0 284.000 2793.600
4 769.0 284.000 2793.600
4 770.0 284.000 2793.600
4 771.0 284.000 2793.600
4 772.0 284.000 2793.600
4 773.0 284.000 2793.600
4 774.0 284.000 2793.600
4 775.0 284.000 2793.600
4 776.0 284.000 2793.600
4 777.0 284.000 2793.600
4 778.0 284.000 2793.600
4 779.0 284.000 2793.600
4 780.0 284.000 2793.600
4 781.0 284.000 2793.600
4 782.0 284.000 2793.600
4 783.0 284.000 2793.600
4 784.0 284.000 2793.600
4 785.0 284.000 2793.600
4 786.0 284.000 2793.600
4 787.0 284.000 2793.600
4 788.0 284.000 2793.600
4 789.0 284.000 2793.600
4 790.0 284.000 2793.600
4 791.0 284.000 2793.600
4 792.0 284.000 2793.600
4 793.0 284.000 2793.600
4 794.0 284.000 2793.600
4 795.0 284.000 2793.600
4 796.0 284.000 2793.600
4 797.0 284.000 2793.600
4 798.0 284.000 2793.600
4 799.0 284.000 2793.600
4 800.0 284.000 2793.600
4 801.0 284.000 2793.600
4 802.0 284.000 2793.600
4 803.0 284.000 2793.600
4 804.0 284.000 2793.600
4 805.0 284.000 2793.600
4 806.0 284.000 2793.600
4 807.0 284.000 2793.600
4 808.0 284.000 2793.600
4 809.0 284.000 2793.600
4 810.0 284.000 2793.600
4 811.0 284.000 2793.600
4 812.0 284.000 2793.600
4 813.0 284.000 2793.600
4 814.0 284.000 2793.600
4 815.0 284.000 2793.600
4 816.0 284.000 2793.600
4 817.0 284.000 2793.600
4 818.0 284.000 2793.600
4 819.0 284.000 2793.600
4 820.0 284.000 2793.600
4 821.0 284.000 2793.600
4 822.0 284.000 2793.600
4 823.0 284.000 2793.600
4 824.0 284.000 2793.600
4 825.0 284.000 2793.600
4 826.0 284.000 2793.600
4 827.0 284.000 2793.600
4 828.0 284.000 2793.600
4 829.0 284.000 2793.600
4 830.0 284.000 2793.600
4 831.0 284.000 2793.600
4 832.0 284.000 2793.600
4 833.0 284.000 2793.600
4 834.0 284.000 2793.600
4 835.0 284.000 2793.600
4 836.0 284.000 2793.600
4 837.0 284.000 2793.600
4 838.0 284.000 2793.600
4 839.0 284.000 2793.600
4 840.0 284.000 2793.600
4 841.0 284.000 2793.600
4 842.0 284.000 2793.600
4 843.0 284.000 2793.600
4 844.0 284.000 2793.600
4 845.0 284.000 2793.600
4 846.0 284.000 2793.600
4 847.0 284.000 2793.600
4 848.0 284.000 2793.600
4 849.0 284.000 2793.600
4 850.0 284.000 2793.600
4 851.0 284.000 2793.600
4 852.0 284.000 2793.600
4 853.0 284.000 2793.600
4 854.0 284.000 2793.600
4 855.0 284.000 2793.600
4 856.0 284.000 2793.600
4 857.0 284.000 2793.600
4 858.0 284.000 2793.600
4 859.0 284.000 2793.600
4 860.0 284.000 2793.600
4 861.0 284.000 2793.600
4 862.0 284.000 2793.600
4 863.0 284.000 2793.600
4 864.0 284.000 2793.600
4 865.0 284.000 2793.600
4 866.0 284.000 2793.600
4 867.0 284.000 2793.600
4 868.0 284.000 2793.600
4 869.0 284.000 2793.600
4 870.0 284.000 2793.600
4 871.0 284.000 2793.600
4 872.0 284.000 2793.600
4 873.0 284.000 2793.600
4 874.0 284.000 2793.600
4 875.0 284.000 2793.600
4 876.0 284.000 2793.600
4 877.0 284.000 2793.600
4 878.0 284.000 2793.600
4 879.0 284.000 2793.600
4 880.0 284.000 2793.600
4 881.0 284.000 2793.600
4 882.0 284.000 2793.600
4 883.0 284.000 2793.600
4 884.0 284.000 2793.600
4 885.0 284.000 2793.600
4 886.0 284.000 2793.600
4 887.0 284.000 2793.600
4 888.0 284.000 2793.600
4 889.0 284.000 2793.600
4 890.0 284.000 2793.600
4 891.0 284.000 2793.600
4 892.0 284.000 2793.600
4 893.0 284.000 2793.600
4 894.0 284.000 2793.600
4 895.0 284.000 2793.600
4 896.0 284.000 2793.600
4 897.0 284.000 2793.600
4 898.0 284.000 2793.600
4 899.0 284.000 2793.600
4 900.0 284.000 2793.600
4 901.0 284.000 2793.600
4 902.0 284.000 2793.600
4 903.0 284.000 2793.600
4 904.0 284.000 2793.600
4 905.0 284.000 2793.600
4 906.0 284.000 2793.600
4 907.0 284.000 2793.600
4 908.0 284.000 2793.600
4 909.0 284.000 2793.600
4 910.0 284.000 2793.600
4 911.0 284.000 2793.600
4 912.0 284.000 2793.600
4 913.0 284.000 2793.600
4 914.0 284.000 2793.600
4 915.0 284.000 2793.600
4 916.0 284.000 2793.600
4 917.0 284.000 2793.600
4 918.0 284.000 2793.600
4 919.0 284.000 2793.600
4 920.0 284.000 2793.600
4 921.0 284.000 2793.600
4 922.0 284.000 2793.600
4 923.0 284.000 2793.600
4 924.0 284.000 2793.600
4 925.0 284.000 2793.600
4 926.0 284.000 2793.600
4 927.0 284.000 2793.600
4 928.0 284.000 2793.600
4 929.0 284.000 2793.600
4 930.0 284.000 2793.600
4 931.0 284.000 2793.600
4 932.0 284.000 2793.600
4 933.0 284.000 2793.600
4 934.0 284.000 2793.600
4 935.0 284.000 2793.600
4 936.0 284.000 2793.600
4 937.0 284.000 2793.600
4 938.0 284.000 2793.600
4 939.0 284.000 2793.600
4 940.0 284.000 2793.600
4 941.0 284.000 2793.600
4 942.0 284.000 2793.600
4 943.0 284.000 2793.600
4 944.0 284.000 2793.600
4 945.0 284.000 2793.600
4 946.0 284.000 2793.600
4 947.0 284.000 2793.600
4 948.0 284.000 2793.600
4 949.0 284.000 2793.600
4 950.0 284.000 2793.600
4 951.0 284.000 2793.600
4 952.0 284.000 2793.600
4 953.0 284.000 2793.600
4 954.0 284.000 2793.600
4 955.0 284.000 2793.600
4 956.0 284.000 2793.600
4 957.0 284.000 2793.600
4 958.0 284.000 2793.600
4 959.0 284.000 2793.600
4 960.0 284.000 2793.600
4 961.0 284.000 2793.600
4 962.0 284.000 2793.600
4 963.0 284.000 2793.600
4 964.0 284.000 2793.600
4 965.0 284.000 2793.600
4 966.0 284.000 2793.600
4 967.0 284.000 2793.600
4 968.0 284.000 2793.600
4 969.0 284.000 2793.600
4 970.0 284.000 2793.600
4 971.0 284.000 2793.600
4 972.0 284.000 2793.600
4 973.0 284.000 2793.600
4 974.0 284.000 2793.600
4 975.0 284.000 2793.600
4 976.0 284.000 2793.600
4 977.0 284.000 2793.600
4 978.0 284.000 2793.600
4 979.0 284.000 2793.600
4 980.0 284.000 2793.600
4 981.0 284.000 2793.600
4 982.0 284.000 2793.600
4 983.0 284.000 2793.600
4 984.0 284.000 2793.600
4 985.0 284.000 2793.600
4 986.0 284.000 2793.600
4 987.0 284.000 2793.600
4 988.0 284.000 2793.600
4 989.0 284.000 2793.600
4 990.0 284.000 2793.600
4 991.0 284.000 2793.600
4 992.0 284.000 2793.600
4 993.0 284.000 2793.600
4 994.0 284.000 2793.600
4 995.0 284.000 2793.600
4 996.0 284.000 2793.600
4 997.0 284.000 2793.600
4 998.0 284.000 2793.600
4 999.0 284.000 2793.600
4 1000.0 284.000 2793.600
4 1001.0 284.000 2793.600
4 1002.0 284.000 2793.600
4 1003.0 284.000 2793.600
4 1004.0 284.000 2793.600
4 1005.0 284.000 2793.600
4 1006.0 284.000 2793.600
4 1007.0 284.000 2793.600
4 1008.0 284.000 2793.600
4 1009.0 284.000 2793.600
4 1010.0 284.000 2793.600
4 1011.0 284.000 2793.600
4 1012.0 284.000 2793.600
4 1013.0 284.000 2793.600
4 1014.0 284.000 2793.600
4 1015.0 284.000 2793.600
4 1016.0 284.000 2793.600
4 1017.0 284.000 2793.600
4 1018.0 284.000 2793.600
4 1019.0 284.000 2793.600
4 1020.0 284.000 2793.600
4 1021.0 284.000 2793.600
4 1022.0 284.000 2793.600
4 1023.0 284.000 2793.600
4 1024.0 284.000 2793.600
4 1025.0 284.000 2793.600
4 1026.0 284.000 2793.600
4 1027.0 284.000 2793.600
4 1028.0 284.000 2793.600
4 1029.0 284.000 2793.600
4 1030.0 284.000 2793.600
4 1031.0 284.000 2793.600
4 1032.0 284.000 2793.600
4 1033.0 284.000 2793.600
4 1034.0 284.000 2793.600
4 1035.0 284.000 2793.600
4 1036.0 284.000 2793.600
4 1037.0 284.000 2793.600
4 1038.0 284.000 2793.600
4 1039.0 284.000 2793.600
4 1040.0 284.000 2793.600
4 1041.0 284.000 2793.600
4 1042.0 284.000 2793.600
4 1043.0 284.000 2793.600
4 1044.0 284.000 2793.600
4 1045.0 284.000 2793.600
4 1046.0 284.000 2793.600
4 1047.0 284.000 2793.600
4 1048.0 284.000 2793.600
4 1049.0 284.000 2793.600
4 1050.0 284.000 2793.600
4 1051.0 284.000 2793.600
4 1052.0 284.000 2793.600
4 1053.0 284.000 2793.600
4 1054.0 284.000 2793.600
4 1055.0 284.000 2793.600
4 1056.0 284.000 2793.600
4 1057.0 284.000 2793.600
4 1058.0 284.000 2793.600
4 1059.0 284.000 2793.600
4 1060.0 284.000 2793.600
4 1061.0 284.000 2793.600
4 1062.0 284.000 2793.600
4 1063.0 284.000 2793.600
4 1064.0 284.000 2793.600
4 1065.0 284.000 2793.600
4 1066.0 284.000 2793.600
4 1067.0 284.000 2793.600
4 1068.0 284.000 2793.600
4 1069.0 284.000 2793.600
4 1070.0 284.000 2793.600
4 1071.0 284.000 2793.600
4 1072.0 284.000 2793.600
4 1073.0 284.000 2793.600
4 1074.0 284.000 2793.600
4 1075.0 284.000 2793.600
4 1076.0 284.000 2793.600
4 1077.0 284.000 2793.600
4 1078.0 284.000 2793.600
4 1079.0 284.000 2793.600
4 1080.0 284.000 2793.600
4 1081.0 284.000 2793.600
4 1082.0 284.000 2793.600
4 1083.0 284.000 2793.600
4 1084.0 284.000 2793.600
4 1085.0 284.000 2793.600
4 1086.0 284.000 2793.600
4 1087.0 284.000 2793.600
4 1088.0 284.000 2793.600
4 1089.0 284.000 2793.600
4 1090.0 284.000 2793.600
4 1091.0 284.000 2793.600
4 1092.0 284.000 2793.600
4 1093.0 284.000 2793.600
4 1094.0 284.000 2793.600
4 1095.0 284.000 2793.600
4 1096.0 284.000 2793.600
4 1097.0 284.000 2793.600
4 1098.0 284.000 2793.600
4 1099.0 284.000 2793.600
4 1100.0 284.000 2793.600
4 1101.0 284.000 2793.600
4 1102.0 284.000 2793.600
4 1103.0 284.000 2793.600
4 1104.0 284.000 2793.600
4 1105.0 284.000 2793.600
4 1106.0 284.000 2793.600
4 1107.0 284.000 2793.600
4 1108.0 284.000 2793.600
4 1109.0 284.000 2793.600
4 1110.0 284.000 2793.600
4 1111.0 284.000 2793.600
4 1112.0 284.000 2793.600
4 1113.0 284.000 2793.600
4 1114.0 284.000 2793.600
4 1115.0 284.000 2793.600
4 1116.0 284.000 2793.600
4 1117.0 284.000 2793.600
4 1118.0 284.000 2793.600
4 1119.0 284.000 2793.600
4 1120.0 284.000 2793.600
4 1121.0 284.000 2793.600
4 1122.0 284.000 2793.600
4 1123.0 284.000 2793.600
4 1124.0 284.000 2793.600
4 1125.0 284.000 2793.600
4 1126.0 284.000 2793.600
4 1127.0 284.000 2793.600
4 1128.0 284.000 2793.600
4 1129.0 284.000 2793.600
4 1130.0 284.000 2793.600
4 1131.0 284.000 2793.600
4 1132.0 284.000 2793.600
4 1133.0 284.000 2793.600
4 1134.0 284.000 2793.600
4 1135.0 284.000 2793.600
4 1136.0 284.000 2793.600
4 1137.0 284.000 2793.600
4 1138.0 284.000 2793.600
4 1139.0 284.000 2793.600
4 1140.0 284.000 2793.600
4 1141.0 284.000 2793.600
4 1142.0 284.000 2793.600
4 1143.0 284.000 2793.600
4 1144.0 284.000 2793.600
4 1145.0 284.000 2793.600
4 1146.0 284.000 2793.600
4 1147.0 284.000 2793.600
4 1148.0 284.000 2793.600
4 1149.0 284.000 2793.600
4 1150.0 284.000 2793.600
4 1151.0 284.000 2793.600
4 1152.0 284.000 2793.600
4 1153.0 284.000 2793.600
4 1154.0 284.000 2793.600
4 1155.0 284.000 2793.600
4 1156.0 284.000 2793.600
4 1157.0 284.000 2793.600
4 1158.0 284.000 2793.600
4 1159.0 284.000 2793.600
4 1160.0 284.000 2793.600
4 1161.0 284.000 2793.600
4 1162.0 284.000 2793.600
4 1163.0 284.000 2793.600
4 1164.0 284.000 2793.600
4 1165.0 284.000 2793.600
4 1166.0 284.000 2793.600
4 1167.0 284.000 2793.600
4 1168.0 284.000 2793.600
4 1169.0 284.000 2793.600
4 1170.0 284.000 2793.600
4 1171.0 284.000 2793.600
4 1172.0 284.000 2793.600
4 1173.0 284.000 2793.600
4 1174.0 284.000 2793.600
4 1175.0 284.000 2793.600
4 1176.0 284.000 2793.600
4 1177.0 284.000 2793.600
4 1178.0 284.000 2793.600
4 1179.0 284.000 2793.600
4 1180.0 284.000 2793.600
4 1181.0 284.000 2793.600
4 1182.0 284.000 2793.600
4 1183.0 284.000 2793.600
4 1184.0 284.000 2793.600
4 1185.0 284.000 2793.600
4 1186.0 284.000 2793.600
4 1187.0 284.000 2793.600
4 1188.0 284.000 2793.600
4 1189.0 284.000 2793.600
4 1190.0 284.000 2793.600
4 1191.0 284.000 2793.600
4 1192.0 284.000 2793.600
4 1193.0 284.000 2793.600
4 1194.0 284.000 2793.600
4 1195.0 284.000 2793.600
4 1196.0 284.000 2793.600
4 1197.0 284.000 2793.600
4 1198.0 284.000 2793.600
4 1199.0 284.000 2793.600
4 1200.0 284.000 2793.600
4 1201.0 289.000 2793.600
4 1202.0 294.000 2793.600
4 1203.0 299.000 2793.600
4 1204.0 304.000 2793.600
4 1205.0 309.000 2793.600
4 1206.0 314.000 2793.600
4 1207.0 319.000 2793.600
4 1208.0 324.000 2793.600
4 1209.0 329.000 2793.600
4 1210.0 334.000 2793.600
4 1211.0 339.000 2793.600
4 1212.0 344.000 2793.600
4 1213.0 349.000 2793.600
4 1214.0 354.000 2793.600
4 1215.0 359.000 2793.600
4 1216.0 364.000 2793.600
4 1217.0 369.000 2793.600
4 1218.0 374.000 2793.600
4 1219.0 379.000 2793.600
4 1220.0 384.000 2793.600
4 1221.0 389.000 2793.600
4 1222.0 394.000 2793.600
4 1223.0 399.000 2793.600
4 1224.0 404.000 2793.600
4 1225.0 409.000 2793.600
4 1226.0 414.000 2793.600
4 1227.0 419.000 2793.600
4 1228.0 424.000 2793.600
4 1229.0 429.000 2793.600
4 1230.0 434.000 2793.600
4 1231.0 439.000 2793.600
4 1232.0 444.000 2793.600
4 1233.0 449.000 2793.600
4 1234.0 454.000 2793.600
4 1235.0 459.000 2793.600
4 1236.0 464.000 2793.600
4 1237.0 469.000 2793.600
4 1238.0 474.000 2793.600
4 1239.0 479.000 2793.600
4 1240.0 484.000 2793.600
4 1241.0 489.000 2793.600
4 1242.0 494.000 2793.600
4 1243.0 499.000 2793.600
4 1244.0 504.000 2793.600
4 1245.0 509.000 2793.600
4 1246.0 514.000 2793.600
4 1247.0 519.000 2793.600
4 1248.0 524.000 2793.600
4 1249.0 529.000 2793.600
4 1250.0 534.000 2793.600
4 1251.0 539.000 2793.600
4 1252.0 544.000 2793.600
4 1253.0 549.000 2793.600
4 1254.0 554.000 2793.600
4 1255.0 559.000 2793.600
4 1256.0 564.000 2793.600
4 1257.0 569.000 2793.600
4 1258.0 574.000 2793.600
4 1259.0 579.000 2793.600
4 1260.0 584.000 2793.600
4 1261.0 589.000 2793.600
4 1262.0 594.000 2793.600
4 1263.0 599.000 2793.600
4 1264.0 604.000 2793.600
4 1265.0 609.000 2793.600
4 1266.0 614.000 2793.600
4 1267.0 619.000 2793.600
4 1268.0 624.000 2793.600
4 1269.0 629.000 2793.600
4 1270.0 634.000 2793.600
4 1271.0 639.000 2793.600
4 1272.0 644.000 2793.600
4 1273.0 649.000 2793.600
4 1274.0 654.000 2793.600
4 1275.0 659.000 2793.600
4 1276.0 664.000 2793.600
4 1277.0 669.000 2793.600
4 1278.0 674.000 2793.600
4 1279.0 679.000 2793.600
4 1280.0 684.000 2793.600
4 1281.0 689.000 2793.600
4 1282.0 694.000 2793.600
4 1283.0 699.000 2793.600
4 1284.0 704.000 2793.600
4 1285.0 709.000 2793.600
4 1286.0 714.000 2793.600
4 1287.0 719.000 2793.600
4 1288.0 724.000 2793.600
4 1289.0 729.000 2793.600
4 1290.0 734.000 2793.600
4 1291.0 739.000 2793.600
4 1292.0 744.000 2793.600
4 1293.0 749.000 2793.600
4 1294.0 754.000 2793.600
4 1295.0 759.000 2793.600
4 1296.0 764.000 2793.600
4 1297.0 769.000 2793.600
4 1298.0 774.000 2793.600
4 1299.0 779.000 2793.600
4 1300.0 784.000 2793.600
4 1301.0 789.000 2793.600
4 1302.0 794.000 2793.600
4 1303.0 799.000 2793.600
4 1304.0 804.000 2793.600
4 1305.0 809.000 2793.600
4 1306.0 814.000 2793.600
4 1307.0 819.000 2793.600
4 1308.0 824.000 2793.600
4 1309.0 829.000 2793.600
4 1310.0 834.000 2793.600
4 1311.0 839.000 2793.600
4 1312.0 844.000 2793.600
4 1313.0 849.000 2793.600
4 1314.0 854.000 2793.600
4 1315.0 859.000 2793.600
4 1316.0 864.000 2793.600
4 1317.0 869.000 2793.600
4 1318.0 874.000 2793.600
4 1319.0 879.000 2793.600
4 1320.0 884.000 2793.600
4 1321.0 889.000 2793.600
4 1322.0 894.000 2793.600
4 1323.0 899.000 2793.600
4 1324.0 904.000 2793.600
4 1325.0 909.000 2793.600
4 1326.0 914.000 2793.600
4 1327.0 919.000 2793.600
4 1328.0 924.000 2793.600
4 1329.0 929.000 2793.600
4 1330.0 934.000 2793.600
4 1331.0 939.000 2793.600
4 1332.0 944.000 2793.600
4 1333.0 949.000 2793.600
4 1334.0 954.000 2793.600
4 1335.0 959.000 2793.600
4 1336.0 964.000 2793.600
4 1337.0 969.000 2793.600
4 1338.0 974.000 2793.600
4 1339.0 979.000 2793.600
4 1340.0 984.000 2793.600
4 1341.0 989.000 2793.600
4 1342.0 994.000 2793.600
4 1343.0 999.000 2793.600
4 1344.0 1004.000 2793.600
4 1345.0 1009.000 2793.600
4 1346.0 1014.000 2793.600
4 1347.0 1019.000 2793.600
4 1348.0 1024.000 2793.600
4 1349.0 1029.000 2793.600
4 1350.0 1034.000 2793.600
4 1351.0 1039.000 2793.600
4 1352.0 1044.000 2793.600
4 1353.0 1049.000 2793.600
4 1354.0 1054.000 2793.600
4 1355.0 1059.000 2793.600
4 1356.0 1064.000 2793.600
4 1357.0 1069.000 2793.600
4 1358.0 1074.000 2793.600
4 1359.0 1079.000 2793.600
4 1360.0 1084.000 2793.600
4 1361.0 1089.000 2793.600
4 1362.0 1094.000 2793.600
4 1363.0 1099.000 2793.600
4 1364.0 1104.000 2793.600
4 1365.0 1109.000 2793.600
4 1366.0 1114.000 2793.600
4 1367.0 1119.000 2793.600
4 1368.0 1124.000 2793.600
4 1369.0 1129.000 2793.600
4 1370.0 1134.000 2793.600
4 1371.0 1139.000 2793.600
4 1372.0 1144.000 2793.600
4 1373.0 1149.000 2793.600
4 1374.0 1154.000 2793.600
4 1375.0 1159.000 2793.600
4 1376.0 1164.000 2793.600
4 1377.0 1169.000 2793.600
4 1378.0 1174.000 2793.600
4 1379.0 1179.000 2793.600
4 1380.0 1184.000 2793.600
4 1381.0 1189.000 2793.600
4 1382.0 1194.000 2793.600
4 1383.0 1199.000 2793.600
4 1384.0 1204.000 2793.600
4 1385.0 1209.000 2793.600
4 1386.0 1214.000 2793.600
4 1387.0 1219.000 2793.600
4 1388.0 1224.000 2793.600
4 1389.0 1229.000 2793.600
4 1390.0 1234.000 2793.600
4 1391.0 1239.000 2793.600
4 1392.0 1244.000 2793.600
4 1393.0 1249.000 2793.600
4 1394.0 1254.000 2793.600
4 1395.0 1259.000 2793.600
4 1396.0 1264.000 2793.600
4 1397.0 1269.000 2793.600
4 1398.0 1274.000 2793.600
4 1399.0 1279.000 2793.600
4 1400.0 1284.000 2793.600
4 1401.0 1289.000 2793.600
4 1402.0 1294.000 2793.600
4 1403.0 1299.000 2793.600
4 1404.0 1304.000 2793.600
4 1405.0 1309.000 2793.600
4 1406.0 1314.000 2793.600
4 1407.0 1319.000 2793.600
4 1408.0 1324.000 2793.600
4 1409.0 1329.000 2793.600
4 1410.0 1334.000 2793.600
4 1411.0 1339.000 2793.600
4 1412.0 1344.000 2793.600
4 1413.0 1349.000 2793.600
4 1414.0 1354.000 2793.600
4 1415.0 1359.000 2793.600
4 1416.0 1364.000 2793.600
4 1417.0 1369.000 2793.600
4 1418.0 1374.000 2793.600
4 1419.0 1379.000 2793.600
4 1420.0 1384.000 2793.600
4 1421.0 1389.000 2793.600
4 1422.0 1394.000 2793.600
4 1423.0 1399.000 2793.600
4 1424.0 1404.000 2793.600
4 1425.0 1409.000 2793.600
4 1426.0 1414.000 2793.600
4 1427.0 1419.000 2793.600
4 1428.0 1424.000 2793.600
4 1429.0 1429.000 2793.600
4 1430.0 1434.000 2793.600
4 1431.0 1439.000 2793.600
4 1432.0 1444.000 2793.600
4 1433.0 1449.000 2793.600
4 1434.0 1454.000 2793.600
4 1435.0 1459.000 2793.600
4 1436.0 1464.000 2793.600
4 1437.0 1469.000 2793.600
4 1438.0 1474.000 2793.600
4 1439.0 1479.000 2793.600
4 1440.0 1484.000 2793.600
4 1441.0 1489.000 2793.600
4 1442.0 1494.000 2793.600
4 1443.0 1499.000 2793.600
4 1444.0 1504.000 2793.600
4 1445.0 1509.000 2793.600
4 1446.0 1514.000 2793.600
4 1447.0 1519.000 2793.600
4 1448.0 1524.000 2793.600
4 1449.0 1529.000 2793.600
4 1450.0 1534.000 2793.600
4 1451.0 1539.000 2793.600
4 1452.0 1544.000 2793.600
4 1453.0 1549.000 2793.600
4 1454.0 1554.000 2793.600
4 1455.0 1559.000 2793.600
4 1456.0 1564.000 2793.600
4 1457.0 1569.000 2793.600
4 1458.0 1574.000 2793.600
4 1459.0 1579.000 2793.600
4 1460.0 1584.000 2793.600
4 1461.0 1589.000 2793.600
4 1462.0 1594.000 2793.600
4 1463.0 1599.000 2793.600
4 1464.0 1604.000 2793.600
4 1465.0 1609.000 2793.600
4 1466.0 1614.000 2793.600
4 1467.0 1619.000 2793.600
4 1468.0 1624.000 2793.600
4 1469.0 1629.000 2793.600
4 1470.0 1634.000 2793.600
4 1471.0 1639.000 2793.600
4 1472.0 1644.000 2793.600
4 1473.0 1649.000 2793.600
4 1474.0 1654.000 2793.600
4 1475.0 1659.000 2793.600
4 1476.0 1664.000 2793.600
4 1477.0 1669.000 2793.600
4 1478.0 1674.000 2793.600
4 1479.0 1679.000 2793.600
4 1480.0 1684.000 2793.600
4 1481.0 1689.000 2793.600
4 1482.0 1694.000 2793.600
4 1483.0 1699.000 2793.600
4 1484.0 1704.000 2793.600
4 1485.0 1709.000 2793.600
4 1486.0 1714.000 2793.600
4 1487.0 1719.000 2793.600
4 1488.0 1724.000 2793.600
4 1489.0 1729.000 2793.600
4 1490.0 1734.000 2793.600
4 1491.0 1739.000 2793.600
4 1492.0 1744.000 2793.600
4 1493.0 1749.000 2793.600
4 1494.0 1754.000 2793.600
4 1495.0 1759.000 2793.600
4 1496.0 1764.000 2793.600
4 1497.0 1769.000 2793.600
4 1498.0 1774.000 2793.600
4 1499.0 1779.000 2793.600
4 1500.0 1784.000 2793.600
4 1501.0 1789.000 2793.600
4 1502.0 1794.000 2793.600
4 1503.0 1799.000 2793.600
4 1504.0 1804.000 2793.600
4 1505.0 1809.000 2793.600
4 1506.0 1814.000 2793.600
4 1507.0 1819.000 2793.600
4 1508.0 1824.000 2793.600
4 1509.0 1829.000 2793.600
4 1510.0 1834.000 2793.600
4 1511.0 1839.000 2793.600
4 1512.0 1844.000 2793.600
4 1513.0 1849.000 2793.600
4 1514.0 1854.000 2793.600
4 1515.0 1859.000 2793.600
4 1516.0 1864.000 2793.600
4 1517.0 1869.000 2793.600
4 1518.0 1874.000 2793.600
4 1519.0 1879.000 2793.600
4 1520.0 1884.000 2793.600
4 1521.0 1889.000 2793.600
4 1522.0 1894.000 2793.600
4 1523.0 1899.000 2793.600
4 1524.0 1904.000 2793.600
4 1525.0 1909.000 2793.600
4 1526.0 1914.000 2793.600
4 1527.0 1919.000 2793.600
4 1528.0 1924.000 2793.600
4 1529.0 1929.000 2793.600
4 1530.0 1934.000 2793.600
4 1531.0 1939.000 2793.600
4 1532.0 1944.000 2793.600
4 1533.0 1949.000 2793.600
4 1534.0 1954.000 2793.600
4 1535.0 1959.000 2793.600
4 1536.0 1964.000 2793.600
4 1537.0 1969.000 2793.600
4 1538.0 1974.000 2793.600
4 1539.0 1979.000 2793.600
4 1540.0 1984.000 2793.600
4 1541.0 1989.000 2793.600
4 1542.0 1994.000 2793.600
4 1543.0 1999.000 2793.600
4 1544.0 2004.000 2793.600
4 1545.0 2009.000 2793.600
4 1546.0 2014.000 2793.600
4 1547.0 2019.000 2793.600
4 1548.0 2024.000 2793.600
4 1549.0 2029.000 2793.600
4 1550.0 2034.000 2793.600
4 1551.0 2039.000 2793.600
4 1552.0 2044.000 2793.600
4 1553.0 2049.000 2793.600
4 1554.0 2054.000 2793.600
4 1555.0 2059.000 2793.600
4 1556.0 2064.000 2793.600
4 1557.0 2069.000 2793.600
4 1558.0 2074.000 2793.600
4 1559.0 2079.000 2793.600
4 1560.0 2084.000 2793.600
4 1561.0 2089.000 2793.600
4 1562.0 2094.000 2793.600
4 1563.0 2099.000 2793.600
4 1564.0 2104.000 2793.600
4 1565.0 2109.000 2793.600
4 1566.0 2114.000 2793.600
4 1567.0 2119.000 2793.600
4 1568.0 2124.000 2793.600
4 1569.0 2129.000 2793.600
4 1570.0 2134.000 2793.600
4 1571.0 2139.000 2793.600
4 1572.0 2144.000 2793.600
4 1573.0 2149.000 2793.600
4 1574.0 2154.000 2793.600
4 1575.0 2159.000 2793.600
4 1576.0 2164.000 2793.600
4 1577.0 2169.000 2793.600
4 1578.0 2174.000 2793.600
4 1579.0 2179.000 2793.600
4 1580.0 2184.000 2793.600
4 1581.0 2189.000 2793.600
4 1582.0 2194.000 2793.600
4 1583.0 2199.000 2793.600
4 1584.0 2204.000 2793.600
4 1585.0 2209.000 2793.600
4 1586.0 2214.000 2793.600
4 1587.0 2219.000 2793.600
4 1588.0 2224.000 2793.600
4 1589.0 2229.000 2793.600
4 1590.0 2234.000 2793.600
4 1591.0 2239.000 2793.600
4 1592.0 2244.000 2793.600
4 1593.0 2249.000 2793.600
4 1594.0 2254.000 2793.600
4 1595.0 2259.000 2793.600
4 1596.0 2264.000 2793.600
4 1597.0 2269.000 2793.600
4 1598.0 2274.000 2793.600
4 1599.0 2279.000 2793.600
4 1600.0 2284.000 2793.600
4 1601.0 2289.000 2793.600
4 1602.0 2294.000 2793.600
4 1603.0 2299.000 2793.600
4 1604.0 2304.000 2793.600
4 1605.0 2309.000 2793.600
4 1606.0 2314.000 2793.600
4 1607.0 2319.000 2793.600
4 1608.0 2324.000 2793.600
4 1609.0 2329.000 2793.600
4 1610.0 2334.000 2793.600
4 1611.0 2339.000 2793.600
4 1612.0 2344.000 2793.600
4 1613.0 2349.000 2793.600
4 1614.0 2354.000 2793.600
4 1615.0 2359.000 2793.600
4 1616.0 2364.000 2793.600
4 1617.0 2369.000 2793.600
4 1618.0 2374.000 2793.600
4 1619.0 2379.000 2793.600
4 1620.0 2384.000 2793.600
4 1621.0 2389.000 2793.600
4 1622.0 2394.000 2793.600
4 1623.0 2399.000 2793.600
4 1624.0 2404.000 2793.600
4 1625.0 2409.000 2793.600
4 1626.0 2414.000 2793.600
4 1627.0 2419.000 2793.600
4 1628.0 2424.000 2793.600
4 1629.0 2429.000 2793.600
4 1630.0 2434.000 2793.600
4 1631.0 2439.000 2793.600
4 1632.0 2444.000 2793.600
4 1633.0 2449.000 2793.600
4 1634.0 2454.000 2793.600
4 1635.0 2459.000 2793.600
4 1636.0 2464.000 2793.600
4 1637.0 2469.000 2793.600
4 1638.0 2474.000 2793.600
4 1639.0 2479.000 2793.600
4 1640.0 2484.000 2793.600
4 1641.0 2489.000 2793.600
4 1642.0 2494.000 2793.600
4 1643.0 2499.000 2793.600
4 1644.0 2504.000 2793.600
4 1645.0 2509.000 2793.600
4 1646.0 2514.000 2793.600
4 1647.0 2519.000 2793.600
4 1648.0 2524.000 2793.600
4 1649.0 2529.000 2793.600
4 1650.0 2534.000 2793.600
4 1651.0 2539.000 2793.600
4 1652.0 2544.000 2793.600
4 1653.0 2549.000 2793.600
4 1654.0 2554.000 2793.600
4 1655.0 2559.000 2793.600
4 1656.0 2564.000 2793.600
4 1657.0 2569.000 2793.600
4 1658.0 2574.000 2793.600
4 1659.0 2579.000 2793.600
4 1660.0 2584.000 2793.600
4 1661.0 2589.000 2793.600
4 1662.0 2594.000 2793.600
4 1663.0 2599.000 2793.600
4 1664.0 2604.000 2793.600
4 1665.0 2609.000 2793.600
4 1666.0 2614.000 2793.600
4 1667.0 2619.000 2793.600
4 1668.0 2624.000 2793.600
4 1669.0 2629.000 2793.600
4 1670.0 2634.000 2793.600
4 1671.0 2639.000 2793.600
4 1672.0 2644.000 2793.600
4 1673.0 2649.000 2793.600
4 1674.0 2654.000 2793.600
4 1675.0 2659.000 2793.600
4 1676.0 2664.000 2793.600
4 1677.0 2669.000 2793.600
4 1678.0 2674.000 2793.600
4 1679.0 2679.000 2793.600
4 1680.0 2684.000 2793.600
4 1681.0 2689.000 2793.600
4 1682.0 2694.000 2793.600
4 1683.0 2699.000 2793.600
4 1684.0 2704.000 2793.600
4 1685.0 2709.000 2793.600
4 1686.0 2714.000 2793.600
4 1687.0 2719.000 2793.600
4 1688.0 2724.000 2793.600
4 1689.0 2729.000 2793.600
4 1690.0 2734.000 2793.600
4 1691.0 2739.000 2793.600
4 1692.0 2744.000 2793.600
4 1693.0 2749.000 2793.600
4 1694.0 2754.000 2793.600
4 1695.0 2758.940 2793.227
4 1696.0 2760.000 2788.995
4 1697.0 2760.000 2783.995
4 1698.0 2760.000 2778.995
4 1699.0 2760.000 2773.995
4 1700.0 2760.000 2768.995
4 1701.0 2760.000 2763.995
4 1702.0 2760.000 2758.995
4 1703.0 2760.000 2753.995
4 1704.0 2760.000 2748.995
4 1705.0 2760.000 2743.995
4 1706.0 2760.000 2738.995
4 1707.0 2760.000 2733.995
4 1708.0 2760.000 2728.995
4 1709.0 2760.000 2723.995
4 1710.0 2760.000 2718.995
4 1711.0 2760.000 2713.995
4 1712.0 2760.000 2708.995
4 1713.0 2760.000 2703.995
4 1714.0 2760.000 2698.995
4 1715.0 2760.000 2693.995
4 1716.0 2760.000 2688.995
4 1717.0 2760.000 2683.995
4 1718.0 2760.000 2678.995
4 1719.0 2760.000 2673.995
4 1720.0 2760.000 2668.995
4 1721.0 2760.000 2663.995
4 1722.0 2760.000 2658.995
4 1723.0 2760.000 2653.995
4 1724.0 2760.000 2648.995
4 1725.0 2760.000 2643.995
4 1726.0 2760.000 2638.995
4 1727.0 2760.000 2633.995
4 1728.0 2760.000 2628.995
4 1729.0 2760.000 2623.995
4 1730.0 2760.000 2618.995
4 1731.0 2760.000 2613.995
4 1732.0 2760.000 2608.995
4 1733.0 2760.000 2603.995
4 1734.0 2760.000 2598.995
4 1735.0 2760.000 2593.995
4 1736.0 2760.000 2588.995
4 1737.0 2760.000 2583.995
4 1738.0 2760.000 2578.995
4 1739.0 2760.000 2573.995
4 1740.0 2760.000 2568.995
4 1741.0 2760.000 2563.995
4 1742.0 2760.000 2558.995
4 1743.0 2760.000 2553.995
4 1744.0 2760.000 2548.995
4 1745.0 2760.000 2543.995
4 1746.0 2760.000 2538.995
4 1747.0 2760.000 2533.995
4 1748.0 2760.000 2528.995
4 1749.0 2760.000 2523.995
4 1750.0 2760.000 2518.995
4 1751.0 2760.000 2513.995
4 1752.0 2760.000 2508.995
4 1753.0 2760.000 2503.995
4 1754.0 2760.000 2498.995
4 1755.0 2760.000 2493.995
4 1756.0 2760.000 2488.995
4 1757.0 2760.000 2483.995
4 1758.0 2760.000 2478.995
4 1759.0 2760.000 2473.995
4 1760.0 2760.000 2468.995
4 1761.0 2760.000 2463.995
4 1762.0 2760.000 2458.995
4 1763.0 2760.000 2453.995
4 1764.0 2760.000 2448.995
4 1765.0 2760.000 2443.995
4 1766.0 2760.000 2438.995
4 1767.0 2760.000 2433.995
4 1768.0 2760.000 2428.995
4 1769.0 2760.000 2423.995
4 1770.0 2760.000 2418.995
4 1771.0 2760.000 2413.995
4 1772.0 2760.000 2408.995
4 1773.0 2760.000 2403.995
4 1774.0 2760.000 2398.995
4 1775.0 2760.000 2393.995
4 1776.0 2760.000 2388.995
4 1777.0 2760.000 2383.995
4 1778.0 2760.000 2378.995
4 1779.0 2760.000 2373.995
4 1780.0 2760.000 2368.995
4 1781.0 2760.000 2363.995
4 1782.0 2760.000 2358.995
4 1783.0 2760.000 2353.995
4 1784.0 2760.000 2348.995
4 1785.0 2760.000 2343.995
4 1786.0 2760.000 2338.995
4 1787.0 2760.000 2333.995
4 1788.0 2760.000 2328.995
4 1789.0 2760.000 2323.995
4 1790.0 2760.000 2318.995
4 1791.0 2760.000 2313.995
4 1792.0 2760.000 2308.995
4 1793.0 2760.000 2303.995
4 1794.0 2760.000 2298.995
4 1795.0 2760.000 2293.995
4 1796.0 2760.000 2288.995
4 1797.0 2760.000 2283.995
4 1798.0 2760.000 2278.995
4 1799.0 2760.000 2273.995
4 1800.0 2760.000 2268.995
4 1801.0 2760.000 2263.995
4 1802.0 2760.000 2258.995
4 1803.0 2760.000 2253.995
4 1804.0 2760.000 2248.995
4 1805.0 2760.000 2243.995
4 1806.0 2760.000 2238.995
4 1807.0 2760.000 2233.995
4 1808.0 2760.000 2228.995
4 1809.0 2760.000 2223.995
4 1810.0 2760.000 2218.995
4 1811.0 2760.000 2213.995
4 1812.0 2760.000 2208.995
4 1813.0 2760.000 2203.995
4 1814.0 2760.000 2198.995
4 1815.0 2760.000 2193.995
4 1816.0 2760.000 2188.995
4 1817.0 2760.000 2183.995
4 1818.0 2760.000 2178.995
4 1819.0 2760.000 2173.995
4 1820.0 2760.000 2168.995
4 1821.0 2760.000 2163.995
4 1822.0 2760.000 2158.995
4 1823.0 2760.000 2153.995
4 1824.0 2760.000 2148.995
4 1825.0 2760.000 2143.995
4 1826.0 2760.000 2138.995
4 1827.0 2760.000 2133.995
4 1828.0 2760.000 2128.995
4 1829.0 2760.000 2123.995
4 1830.0 2760.000 2118.995
4 1831.0 2760.000 2113.995
4 1832.0 2760.000 2108.995
4 1833.0 2760.000 2103.995
4 1834.0 2760.000 2098.995
4 1835.0 2760.000 2093.995
4 1836.0 2760.000 2088.995
4 1837.0 2760.000 2083.995
4 1838.0 2760.000 2078.995
4 1839.0 2760.000 2073.995
4 1840.0 2760.000 2068.995
4 1841.0 2760.000 2063.995
4 1842.0 2760.000 2058.995
4 1843.0 2760.000 2053.995
4 1844.0 2760.000 2048.995
4 1845.0 2760.000 2043.995
4 1846.0 2760.000 2038.995
4 1847.0 2760.000 2033.995
4 1848.0 2760.000 2028.995
4 1849.0 2760.000 2023.995
4 1850.0 2760.000 2018.995
4 1851.0 2760.000 2013.995
4 1852.0 2760.000 2008.995
4 1853.0 2760.000 2003.995
4 1854.0 2760.000 1998.995
4 1855.0 2760.000 1993.995
4 1856.0 2760.000 1988.995
4 1857.0 2760.000 1983.995
4 1858.0 2760.000 1978.995
4 1859.0 2760.000 1973.995
4 1860.0 2760.000 1968.995
4 1861.0 2760.000 1963.995
4 1862.0 2760.000 1958.995
4 1863.0 2760.000 1953.995
4 1864.0 2760.000 1948.995
4 1865.0 2760.000 1943.995
4 1866.0 2760.000 1938.995
4 1867.0 2760.000 1933.995
4 1868.0 2760.000 1928.995
4 1869.0 2760.000 1923.995
4 1870.0 2760.000 1918.995
4 1871.0 2760.000 1913.995
4 1872.0 2760.000 1908.995
4 1873.0 2760.000 1903.995
4 1874.0 2760.000 1898.995
4 1875.0 2760.000 1893.995
4 1876.0 2760.000 1888.995
4 1877.0 2760.000 1883.995
4 1878.0 2760.000 1878.995
4 1879.0 2760.000 1873.995
4 1880.0 2760.000 1868.995
4 1881.0 2760.000 1863.995
4 1882.0 2760.000 1858.995
4 1883.0 2760.000 1853.995
4 1884.0 2760.000 1848.995
4 1885.0 2760.000 1843.995
4 1886.0 2760.000 1838.995
4 1887.0 2760.000 1833.995
4 1888.0 2760.000 1828.995
4 1889.0 2760.000 1823.995
4 1890.0 2760.000 1818.995
4 1891.0 2760.000 1813.995
4 1892.0 2760.000 1808.995
4 1893.0 2760.000 1803.995
4 1894.0 2760.000 1798.995
4 1895.0 2760.000 1793.995
4 1896.0 2760.000 1788.995
4 1897.0 2760.000 1783.995
4 1898.0 2760.000 1778.995
4 1899.0 2760.000 1773.995
4 1900.0 2760.000 1768.995
4 1901.0 2760.000 1763.995
4 1902.0 2760.000 1758.995
4 1903.0 2760.000 1753.995
4 1904.0 2760.000 1748.995
4 1905.0 2760.000 1743.995
4 1906.0 2760.000 1738.995
4 1907.0 2760.000 1733.995
4 1908.0 2760.000 1728.995
4 1909.0 2760.000 1723.995
4 1910.0 2760.000 1718.995
4 1911.0 2760.000 1713.995
4 1912.0 2760.000 1708.995
4 1913.0 2760.000 1703.995
4 1914.0 2760.000 1698.995
4 1915.0 2760.000 1693.995
4 1916.0 2760.000 1688.995
4 1917.0 2760.000 1683.995
4 1918.0 2760.000 1678.995
4 1919.0 2760.000 1673.995
4 1920.0 2760.000 1668.995
4 1921.0 2760.000 1663.995
4 1922.0 2760.000 1658.995
4 1923.0 2760.000 1653.995
4 1924.0 2760.000 1648.995
4 1925.0 2760.000 1643.995
4 1926.0 2760.000 1638.995
4 1927.0 2760.000 1633.995
4 1928.0 2760.000 1628.995
4 1929.0 2760.000 1623.995
4 1930.0 2760.000 1618.995
4 1931.0 2760.000 1613.995
4 1932.0 2760.000 1608.995
4 1933.0 2760.000 1603.995
4 1934.0 2760.000 1598.995
4 1935.0 2760.000 1593.995
4 1936.0 2760.000 1588.995
4 1937.0 2760.000 1583.995
4 1938.0 2760.000 1578.995
4 1939.0 2760.000 1573.995
4 1940.0 2760.000 1568.995
4 1941.0 2760.000 1563.995
4 1942.0 2760.000 1558.995
4 1943.0 2760.000 1553.995
4 1944.0 2760.000 1548.995
4 1945.0 2760.000 1543.995
4 1946.0 2760.000 1538.995
4 1947.0 2760.000 1533.995
4 1948.0 2760.000 1528.995
4 1949.0 2760.000 1523.995
4 1950.0 2760.000 1518.995
4 1951.0 2760.000 1513.995
4 1952.0 2760.000 1508.995
4 1953.0 2760.000 1503.995
4 1954.0 2760.000 1498.995
4 1955.0 2760.000 1493.995
4 1956.0 2760.000 1488.995
4 1957.0 2760.000 1483.995
4 1958.0 2760.000 1478.995
4 1959.0 2760.000 1473.995
4 1960.0 2760.000 1468.995
4 1961.0 2760.000 1463.995
4 1962.0 2760.000 1458.995
4 1963.0 2760.000 1453.995
4 1964.0 2760.000 1448.995
4 1965.0 2760.000 1443.995
4 1966.0 2758.260 1440.125
4 1967.0 2753.286 1440.000
4 1968.0 2748.286 1440.000
4 1969.0 2743.286 1440.000
4 1970.0 2738.286 1440.000
4 1971.0 2733.286 1440.000
4 1972.0 2728.286 1440.000
4 1973.0 2723.286 1440.000
4 1974.0 2718.286 1440.000
4 1975.0 2713.286 1440.000
4 1976.0 2708.286 1440.000
4 1977.0 2703.286 1440.000
4 1978.0 2698.286 1440.000
4 1979.0 2693.286 1440.000
4 1980.0 2688.286 1440.000
4 1981.0 2683.286 1440.000
4 1982.0 2678.286 1440.000
4 1983.0 2673.286 1440.000
4 1984.0 2668.286 1440.000
4 1985.0 2663.286 1440.000
4 1986.0 2658.286 1440.000
4 1987.0 2653.286 1440.000
4 1988.0 2648.286 1440.000
4 1989.0 2643.286 1440.000
4 1990.0 2638.286 1440.000
4 1991.0 2633.286 1440.000
4 1992.0 2628.286 1440.000
4 1993.0 2623.286 1440.000
4 1994.0 2618.286 1440.000
4 1995.0 2613.286 1440.000
4 1996.0 2608.286 1440.000
4 1997.0 2603.286 1440.000
4 1998.0 2598.286 1440.000
4 1999.0 2593.286 1440.000
4 2000.0 2588.286 1440.000
4 2001.0 2583.286 1440.000
4 2002.0 2578.286 1440.000
4 2003.0 2573.286 1440.000
4 2004.0 2568.286 1440.000
4 2005.0 2563.286 1440.000
4 2006.0 2558.286 1440.000
4 2007.0 2553.286 1440.000
4 2008.0 2548.286 1440.000
4 2009.0 2543.286 1440.000
4 2010.0 2538.286 1440.000
4 2011.0 2533.286 1440.000
4 2012.0 2528.286 1440.000
4 2013.0 2523.286 1440.000
4 2014.0 2518.286 1440.000
4 2015.0 2513.286 1440.000
4 2016.0 2508.286 1440.000
4 2017.0 2503.286 1440.000
4 2018.0 2498.286 1440.000
4 2019.0 2493.286 1440.000
4 2020.0 2488.286 1440.000
4 2021.0 2483.286 1440.000
4 2022.0 2478.286 1440.000
4 2023.0 2473.286 1440.000
4 2024.0 2468.286 1440.000
4 2025.0 2463.286 1440.000
4 2026.0 2458.286 1440.000
4 2027.0 2453.286 1440.000
4 2028.0 2448.286 1440.000
4 2029.0 2443.286 1440.000
4 2030.0 2438.286 1440.000
4 2031.0 2433.286 1440.000
4 2032.0 2428.286 1440.000
4 2033.0 2423.286 1440.000
4 2034.0 2418.286 1440.000
4 2035.0 2413.286 1440.000
4 2036.0 2408.286 1440.000
4 2037.0 2403.286 1440.000
4 2038.0 2398.286 1440.000
4 2039.0 2393.286 1440.000
4 2040.0 2388.286 1440.000
4 2041.0 2383.286 1440.000
4 2042.0 2378.286 1440.000
4 2043.0 2373.286 1440.000
4 2044.0 2368.286 1440.000
4 2045.0 2363.286 1440.000
4 2046.0 2358.286 1440.000
4 2047.0 2353.286 1440.000
4 2048.0 2348.286 1440.000
4 2049.0 2343.286 1440.000
4 2050.0 2338.286 1440.000
4 2051.0 2333.286 1440.000
4 2052.0 2328.286 1440.000
4 2053.0 2323.286 1440.000
4 2054.0 2318.286 1440.000
4 2055.0 2313.286 1440.000
4 2056.0 2308.286 1440.000
4 2057.0 2303.286 1440.000
4 2058.0 2298.286 1440.000
4 2059.0 2293.286 1440.000
4 2060.0 2288.286 1440.000
4 2061.0 2283.286 1440.000
4 2062.0 2278.286 1440.000
4 2063.0 2273.286 1440.000
4 2064.0 2268.286 1440.000
4 2065.0 2263.286 1440.000
4 2066.0 2258.286 1440.000
4 2067.0 2253.286 1440.000
4 2068.0 2248.286 1440.000
4 2069.0 2243.286 1440.000
4 2070.0 2238.286 1440.000
4 2071.0 2233.286 1440.000
4 2072.0 2228.286 1440.000
4 2073.0 2223.286 1440.000
4 2074.0 2218.286 1440.000
4 2075.0 2213.286 1440.000
4 2076.0 2208.286 1440.000
4 2077.0 2203.286 1440.000
4 2078.0 2198.286 1440.000
4 2079.0 2193.286 1440.000
4 2080.0 2188.286 1440.000
4 2081.0 2183.286 1440.000
4 2082.0 2178.286 1440.000
4 2083.0 2173.286 1440.000
4 2084.0 2168.286 1440.000
4 2085.0 2163.286 1440.000
4 2086.0 2158.286 1440.000
4 2087.0 2153.286 1440.000
4 2088.0 2148.286 1440.000
4 2089.0 2143.286 1440.000
4 2090.0 2138.286 1440.000
4 2091.0 2133.286 1440.000
4 2092.0 2128.286 1440.000
4 2093.0 2123.286 1440.000
4 2094.0 2118.286 1440.000
4 2095.0 2113.286 1440.000
4 2096.0 2108.286 1440.000
4 2097.0 2103.286 1440.000
4 2098.0 2098.286 1440.000
4 2099.0 2093.286 1440.000
4 2100.0 2088.286 1440.000
4 2101.0 2083.286 1440.000
4 2102.0 2078.286 1440.000
4 2103.0 2073.286 1440.000
4 2104.0 2068.286 1440.000
4 2105.0 2063.286 1440.000
4 2106.0 2058.286 1440.000
4 2107.0 2053.286 1440.000
4 2108.0 2048.286 1440.000
4 2109.0 2043.286 1440.000
4 2110.0 2038.286 1440.000
4 2111.0 2033.286 1440.000
4 2112.0 2028.286 1440.000
4 2113.0 2023.286 1440.000
4 2114.0 2018.286 1440.000
4 2115.0 2013.286 1440.000
4 2116.0 2008.286 1440.000
4 2117.0 2003.286 1440.000
4 2118.0 1998.286 1440.000
4 2119.0 1993.286 1440.000
4 2120.0 1988.286 1440.000
4 2121.0 1983.286 1440.000
4 2122.0 1978.286 1440.000
4 2123.0 1973.286 1440.000
4 2124.0 1968.286 1440.000
4 2125.0 1963.286 1440.000
4 2126.0 1958.286 1440.000
4 2127.0 1953.286 1440.000
4 2128.0 1948.286 1440.000
4 2129.0 1943.286 1440.000
4 2130.0 1938.286 1440.000
4 2131.0 1933.286 1440.000
4 2132.0 1928.286 1440.000
4 2133.0 1923.286 1440.000
4 2134.0 1918.286 1440.000
4 2135.0 1913.286 1440.000
4 2136.0 1908.286 1440.000
4 2137.0 1903.286 1440.000
4 2138.0 1898.286 1440.000
4 2139.0 1893.286 1440.000
4 2140.0 1888.286 1440.000
4 2141.0 1883.286 1440.000
4 2142.0 1878.286 1440.000
4 2143.0 1873.286 1440.000
4 2144.0 1868.286 1440.000
4 2145.0 1863.286 1440.000
4 2146.0 1858.286 1440.000
4 2147.0 1853.286 1440.000
4 2148.0 1848.286 1440.000
4 2149.0 1843.286 1440.000
4 2150.0 1838.286 1440.000
4 2151.0 1833.286 1440.000
4 2152.0 1828.286 1440.000
4 2153.0 1823.286 1440.000
4 2154.0 1818.286 1440.000
4 2155.0 1813.286 1440.000
4 2156.0 1808.286 1440.000
4 2157.0 1803.286 1440.000
4 2158.0 1798.286 1440.000
4 2159.0 1793.286 1440.000
4 2160.0 1788.286 1440.000
4 2161.0 1783.286 1440.000
4 2162.0 1778.286 1440.000
4 2163.0 1773.286 1440.000
4 2164.0 1768.286 1440.000
4 2165.0 1763.286 1440.000
4 2166.0 1758.286 1440.000
4 2167.0 1753.286 1440.000
4 2168.0 1748.286 1440.000
4 2169.0 1743.286 1440.000
4 2170.0 1738.286 1440.000
4 2171.0 1733.286 1440.000
4 2172.0 1728.286 1440.000
4 2173.0 1723.286 1440.000
4 2174.0 1718.286 1440.000
4 2175.0 1713.286 1440.000
4 2176.0 1708.286 1440.000
4 2177.0 1703.286 1440.000
4 2178.0 1698.286 1440.000
4 2179.0 1693.286 1440.000
4 2180.0 1688.286 1440.000
4 2181.0 1683.286 1440.000
4 2182.0 1678.286 1440.000
4 2183.0 1673.286 1440.000
4 2184.0 1668.286 1440.000
4 2185.0 1663.286 1440.000
4 2186.0 1658.286 1440.000
4 2187.0 1653.286 1440.000
4 2188.0 1648.286 1440.000
4 2189.0 1643.286 1440.000
4 2190.0 1638.286 1440.000
4 2191.0 1633.286 1440.000
4 2192.0 1628.286 1440.000
4 2193.0 1623.286 1440.000
4 2194.0 1618.286 1440.000
4 2195.0 1613.286 1440.000
4 2196.0 1608.286 1440.000
4 2197.0 1603.286 1440.000
4 2198.0 1598.286 1440.000
4 2199.0 1593.286 1440.000
4 2200.0 1588.286 1440.000
4 2201.0 1583.286 1440.000
4 2202.0 1578.286 1440.000
4 2203.0 1573.286 1440.000
4 2204.0 1568.286 1440.000
4 2205.0 1563.286 1440.000
4 2206.0 1558.286 1440.000
4 2207.0 1553.286 1440.000
4 2208.0 1548.286 1440.000
4 2209.0 1543.286 1440.000
4 2210.0 1538.286 1440.000
4 2211.0 1533.286 1440.000
4 2212.0 1528.286 1440.000
4 2213.0 1523.286 1440.000
4 2214.0 1518.286 1440.000
4 2215.0 1513.286 1440.000
4 2216.0 1508.286 1440.000
4 2217.0 1503.286 1440.000
4 2218.0 1498.286 1440.000
4 2219.0 1493.286 1440.000
4 2220.0 1488.286 1440.000
4 2221.0 1483.286 1440.000
4 2222.0 1478.286 1440.000
4 2223.0 1473.286 1440.000
4 2224.0 1468.286 1440.000
4 2225.0 1463.286 1440.000
4 2226.0 1458.286 1440.000
4 2227.0 1453.286 1440.000
4 2228.0 1448.286 1440.000
4 2229.0 1443.286 1440.000
4 2230.0 1438.286 1440.000
4 2231.0 1433.286 1440.000
4 2232.0 1428.286 1440.000
4 2233.0 1423.286 1440.000
4 2234.0 1418.286 1440.000
4 2235.0 1413.286 1440.000
4 2236.0 1408.286 1440.000
4 2237.0 1403.286 1440.000
4 2238.0 1398.286 1440.000
4 2239.0 1393.286 1440.000
4 2240.0 1388.286 1440.000
4 2241.0 1383.286 1440.000
4 2242.0 1378.286 1440.000
4 2243.0 1373.286 1440.000
4 2244.0 1368.286 1440.000
4 2245.0 1363.286 1440.000
4 2246.0 1358.286 1440.000
4 2247.0 1353.286 1440.000
4 2248.0 1348.286 1440.000
4 2249.0 1343.286 1440.000
4 2250.0 1338.286 1440.000
4 2251.0 1333.286 1440.000
4 2252.0 1328.286 1440.000
4 2253.0 1323.286 1440.000
4 2254.0 1318.286 1440.000
4 2255.0 1313.286 1440.000
4 2256.0 1308.286 1440.000
4 2257.0 1303.286 1440.000
4 2258.0 1298.286 1440.000
4 2259.0 1293.286 1440.000
4 2260.0 1288.286 1440.000
4 2261.0 1283.286 1440.000
4 2262.0 1278.286 1440.000
4 2263.0 1273.286 1440.000
4 2264.0 1268.286 1440.000
4 2265.0 1263.286 1440.000
4 2266.0 1258.286 1440.000
4 2267.0 1253.286 1440.000
4 2268.0 1248.286 1440.000
4 2269.0 1243.286 1440.000
4 2270.0 1238.286 1440.000
4 2271.0 1233.286 1440.000
4 2272.0 1228.286 1440.000
4 2273.0 1223.286 1440.000
4 2274.0 1218.286 1440.000
4 2275.0 1213.286 1440.000
4 2276.0 1208.286 1440.000
4 2277.0 1203.286 1440.000
4 2278.0 1198.286 1440.000
4 2279.0 1193.286 1440.000
4 2280.0 1188.286 1440.000
4 2281.0 1183.286 1440.000
4 2282.0 1178.286 1440.000
4 2283.0 1173.286 1440.000
4 2284.0 1168.286 1440.000
4 2285.0 1163.286 1440.000
4 2286.0 1158.286 1440.000
4 2287.0 1153.286 1440.000
4 2288.0 1148.286 1440.000
4 2289.0 1143.286 1440.000
4 2290.0 1138.286 1440.000
4 2291.0 1133.286 1440.000
4 2292.0 1128.286 1440.000
4 2293.0 1123.286 1440.000
4 2294.0 1118.286 1440.000
4 2295.0 1113.286 1440.000
4 2296.0 1108.286 1440.000
4 2297.0 1103.286 1440.000
4 2298.0 1098.286 1440.000
4 2299.0 1093.286 1440.000
4 2300.0 1088.286 1440.000
4 2301.0 1083.286 1440.000
4 2302.0 1078.286 1440.000
4 2303.0 1073.286 1440.000
4 2304.0 1068.286 1440.000
4 2305.0 1063.286 1440.000
4 2306.0 1058.286 1440.000
4 2307.0 1053.286 1440.000
4 2308.0 1048.286 1440.000
4 2309.0 1043.286 1440.000
4 2310.0 1038.286 1440.000
4 2311.0 1033.286 1440.000
4 2312.0 1028.286 1440.000
4 2313.0 1023.286 1440.000
4 2314.0 1018.286 1440.000
4 2315.0 1013.286 1440.000
4 2316.0 1008.286 1440.000
4 2317.0 1003.286 1440.000
4 2318.0 998.286 1440.000
4 2319.0 993.286 1440.000
4 2320.0 988.286 1440.000
4 2321.0 983.286 1440.000
4 2322.0 978.286 1440.000
4 2323.0 973.286 1440.000
4 2324.0 968.286 1440.000
4 2325.0 963.286 1440.000
4 2326.0 958.286 1440.000
4 2327.0 953.286 1440.000
4 2328.0 948.286 1440.000
4 2329.0 943.286 1440.000
4 2330.0 938.286 1440.000
4 2331.0 933.286 1440.000
4 2332.0 928.286 1440.000
4 2333.0 923.286 1440.000
4 2334.0 918.286 1440.000
4 2335.0 913.286 1440.000
4 2336.0 908.286 1440.000
4 2337.0 903.286 1440.000
4 2338.0 898.286 1440.000
4 2339.0 893.286 1440.000
4 2340.0 888.286 1440.000
4 2341.0 883.286 1440.000
4 2342.0 878.286 1440.000
4 2343.0 873.286 1440.000
4 2344.0 868.286 1440.000
4 2345.0 863.286 1440.000
4 2346.0 858.286 1440.000
4 2347.0 853.286 1440.000
4 2348.0 848.286 1440.000
4 2349.0 843.286 1440.000
4 2350.0 838.286 1440.000
4 2351.0 833.286 1440.000
4 2352.0 828.286 1440.000
4 2353.0 823.286 1440.000
4 2354.0 818.286 1440.000
4 2355.0 813.286 1440.000
4 2356.0 808.286 1440.000
4 2357.0 803.286 1440.000
4 2358.0 798.286 1440.000
4 2359.0 793.286 1440.000
4 2360.0 788.286 1440.000
4 2361.0 783.286 1440.000
4 2362.0 778.286 1440.000
4 2363.0 773.286 1440.000
4 2364.0 768.286 1440.000
4 2365.0 763.286 1440.000
4 2366.0 758.286 1440.000
4 2367.0 753.286 1440.000
4 2368.0 748.286 1440.000
4 2369.0 743.286 1440.000
4 2370.0 738.286 1440.000
4 2371.0 733.286 1440.000
4 2372.0 728.286 1440.000
4 2373.0 723.286 1440.000
4 2374.0 718.286 1440.000
4 2375.0 713.286 1440.000
4 2376.0 708.286 1440.000
4 2377.0 703.286 1440.000
4 2378.0 698.286 1440.000
4 2379.0 693.286 1440.000
4 2380.0 688.286 1440.000
4 2381.0 683.286 1440.000
4 2382.0 678.286 1440.000
4 2383.0 673.286 1440.000
4 2384.0 668.286 1440.000
4 2385.0 663.286 1440.000
4 2386.0 658.286 1440.000
4 2387.0 653.286 1440.000
4 2388.0 648.286 1440.000
4 2389.0 643.286 1440.000
4 2390.0 638.286 1440.000
4 2391.0 633.286 1440.000
4 2392.0 628.286 1440.000
4 2393.0 623.286 1440.000
4 2394.0 618.286 1440.000
4 2395.0 613.286 1440.000
4 2396.0 608.286 1440.000
4 2397.0 603.286 1440.000
4 2398.0 598.286 1440.000
4 2399.0 593.286 1440.000
4 2400.0 588.286 1440.000
4 2401.0 583.286 1440.000
4 2402.0 578.286 1440.000
4 2403.0 573.286 1440.000
4 2404.0 568.286 1440.000
4 2405.0 563.286 1440.000
4 2406.0 558.286 1440.000
4 2407.0 553.286 1440.000
4 2408.0 548.286 1440.000
4 2409.0 543.286 1440.000
4 2410.0 538.286 1440.000
4 2411.0 533.286 1440.000
4 2412.0 528.286 1440.000
4 2413.0 523.286 1440.000
4 2414.0 518.286 1440.000
4 2415.0 513.286 1440.000
4 2416.0 508.286 1440.000
4 2417.0 503.286 1440.000
4 2418.0 498.286 1440.000
4 2419.0 493.286 1440.000
4 2420.0 488.286 1440.000
4 2421.0 483.286 1440.000
4 2422.0 478.286 1440.000
4 2423.0 473.286 1440.000
4 2424.0 468.286 1440.000
4 2425.0 463.286 1440.000
4 2426.0 458.286 1440.000
4 2427.0 453.286 1440.000
4 2428.0 448.286 1440.000
4 2429.0 443.286 1440.000
4 2430.0 438.286 1440.000
4 2431.0 433.286 1440.000
4 2432.0 428.286 1440.000
4 2433.0 423.286 1440.000
4 2434.0 418.286 1440.000
4 2435.0 413.286 1440.000
4 2436.0 408.286 1440.000
4 2437.0 403.286 1440.000
4 2438.0 398.286 1440.000
4 2439.0 393.286 1440.000
4 2440.0 388.286 1440.000
4 2441.0 383.286 1440.000
4 2442.0 378.286 1440.000
4 2443.0 373.286 1440.000
4 2444.0 368.286 1440.000
4 2445.0 363.286 1440.000
4 2446.0 358.286 1440.000
4 2447.0 353.286 1440.000
4 2448.0 348.286 1440.000
4 2449.0 343.286 1440.000
4 2450.0 338.286 1440.000
4 2451.0 333.286 1440.000
4 2452.0 328.286 1440.000
4 2453.0 323.286 1440.000
4 2454.0 318.286 1440.000
4 2455.0 313.286 1440.000
4 2456.0 308.286 1440.000
4 2457.0 303.286 1440.000
4 2458.0 298.286 1440.000
4 2459.0 293.286 1440.000
4 2460.0 288.286 1440.000
4 2461.0 283.286 1440.000
4 2462.0 278.286 1440.000
4 2463.0 273.286 1440.000
4 2464.0 268.286 1440.000
4 2465.0 263.286 1440.000
4 2466.0 258.286 1440.000
4 2467.0 253.286 1440.000
4 2468.0 248.286 1440.000
4 2469.0 243.286 1440.000
4 2470.0 238.286 1440.000
4 2471.0 233.286 1440.000
4 2472.0 228.286 1440.000
4 2473.0 223.286 1440.000
4 2474.0 218.286 1440.000
4 2475.0 213.286 1440.000
4 2476.0 208.286 1440.000
4 2477.0 203.286 1440.000
4 2478.0 198.286 1440.000
4 2479.0 193.286 1440.000
4 2480.0 188.286 1440.000
4 2481.0 183.286 1440.000
4 2482.0 178.286 1440.000
4 2483.0 173.286 1440.000
4 2484.0 168.286 1440.000
4 2485.0 163.286 1440.000
4 2486.0 158.286 1440.000
4 2487.0 153.286 1440.000
4 2488.0 148.286 1440.000
4 2489.0 143.286 1440.000
4 2490.0 138.286 1440.000
4 2491.0 133.286 1440.000
4 2492.0 128.286 1440.000
4 2493.0 123.286 1440.000
4 2494.0 118.286 1440.000
4 2495.0 113.286 1440.000
4 2496.0 108.286 1440.000
4 2497.0 103.286 1440.000
4 2498.0 100.013 1437.747
4 2499.0 100.000 1432.748
4 2500.0 100.000 1427.748
4 2501.0 100.000 1422.748
4 2502.0 100.000 1417.748
4 2503.0 100.000 1412.748
4 2504.0 100.000 1407.748
4 2505.0 100.000 1402.748
4 2506.0 100.000 1397.748
4 2507.0 100.000 1392.748
4 2508.0 100.000 1387.748
4 2509.0 100.000 1382.748
4 2510.0 100.000 1377.748
4 2511.0 100.000 1372.748
4 2512.0 100.000 1367.748
4 2513.0 100.000 1362.748
4 2514.0 100.000 1357.748
4 2515.0 100.000 1352.748
4 2516.0 100.000 1347.748
4 2517.0 100.000 1342.748
4 2518.0 100.000 1337.748
4 2519.0 100.000 1332.748
4 2520.0 100.000 1327.748
4 2521.0 100.000 1322.748
4 2522.0 100.000 1317.748
4 2523.0 100.000 1312.748
4 2524.0 100.000 1307.748
4 2525.0 100.000 1302.748
4 2526.0 100.000 1297.748
4 2527.0 100.000 1292.748
4 2528.0 100.000 1287.748
4 2529.0 100.000 1282.748
4 2530.0 100.000 1277.748
4 2531.0 100.000 1272.748
4 2532.0 100.000 1267.748
4 2533.0 100.000 1262.748
4 2534.0 100.000 1257.748
4 2535.0 100.000 1252.748
4 2536.0 100.000 1247.748
4 2537.0 100.000 1242.748
4 2538.0 100.000 1237.748
4 2539.0 100.000 1232.748
4 2540.0 100.000 1227.748
4 2541.0 100.000 1222.748
4 2542.0 100.000 1217.748
4 2543.0 100.000 1212.748
4 2544.0 100.000 1207.748
4 2545.0 100.000 1202.748
4 2546.0 100.000 1197.748
4 2547.0 100.000 1192.748
4 2548.0 100.000 1187.748
4 2549.0 100.000 1182.748
4 2550.0 100.000 1177.748
4 2551.0 100.000 1172.748
4 2552.0 100.000 1167.748
4 2553.0 100.000 1162.748
4 2554.0 100.000 1157.748
4 2555.0 100.000 1152.748
4 2556.0 100.000 1147.748
4 2557.0 100.000 1142.748
4 2558.0 100.000 1137.748
4 2559.0 100.000 1132.748
4 2560.0 100.000 1127.748
4 2561.0 100.000 1122.748
4 2562.0 100.000 1117.748
4 2563.0 100.000 1112.748
4 2564.0 100.000 1107.748
4 2565.0 100.000 1102.748
4 2566.0 100.000 1097.748
4 2567.0 100.000 1092.748
4 2568.0 100.000 1087.748
4 2569.0 100.000 1082.748
4 2570.0 100.000 1077.748
4 2571.0 100.000 1072.748
4 2572.0 100.000 1067.748
4 2573.0 100.000 1062.748
4 2574.0 100.000 1057.748
4 2575.0 100.000 1052.748
4 2576.0 100.000 1047.748
4 2577.0 100.000 1042.748
4 2578.0 100.000 1037.748
4 2579.0 100.000 1032.748
4 2580.0 100.000 1027.748
4 2581.0 100.000 1022.748
4 2582.0 100.000 1017.748
4 2583.0 100.000 1012.748
4 2584.0 100.000 1007.748
4 2585.0 100.000 1002.748
4 2586.0 100.000 997.748
4 2587.0 100.000 992.748
4 2588.0 100.000 987.748
4 2589.0 100.000 982.748
4 2590.0 100.000 977.748
4 2591.0 100.000 972.748
4 2592.0 100.000 967.748
4 2593.0 100.000 962.748
4 2594.0 100.000 957.748
4 2595.0 100.000 952.748
4 2596.0 100.000 947.748
4 2597.0 100.000 942.748
4 2598.0 100.000 937.748
4 2599.0 100.000 932.748
4 2600.0 100.000 927.748
4 2601.0 100.000 922.748
4 2602.0 100.000 917.748
4 2603.0 100.000 912.748
4 2604.0 100.000 907.748
4 2605.0 100.000 902.748
4 2606.0 100.000 897.748
4 2607.0 100.000 892.748
4 2608.0 100.000 887.748
4 2609.0 100.000 882.748
4 2610.0 100.000 877.748
4 2611.0 100.000 872.748
4 2612.0 100.000 867.748
4 2613.0 100.000 862.748
4 2614.0 100.000 857.748
4 2615.0 100.000 852.748
4 2616.0 100.000 847.748
4 2617.0 100.000 842.748
4 2618.0 100.000 837.748
4 2619.0 100.000 832.748
4 2620.0 100.000 827.748
4 2621.0 100.000 822.748
4 2622.0 100.000 817.748
4 2623.0 100.000 812.748
4 2624.0 100.000 807.748
4 2625.0 100.000 802.748
4 2626.0 100.000 797.748
4 2627.0 100.000 792.748
4 2628.0 100.000 787.748
4 2629.0 100.000 782.748
4 2630.0 100.000 777.748
4 2631.0 100.000 772.748
4 2632.0 100.000 767.748
4 2633.0 100.000 762.748
4 2634.0 100.000 757.748
4 2635.0 100.000 752.748
4 2636.0 100.000 747.748
4 2637.0 100.000 742.748
4 2638.0 100.000 737.748
4 2639.0 100.000 732.748
4 2640.0 100.000 727.748
4 2641.0 100.000 722.748
4 2642.0 100.000 717.748
4 2643.0 100.000 712.748
4 2644.0 100.000 707.748
4 2645.0 100.000 702.748
4 2646.0 100.000 697.748
4 2647.0 100.000 692.748
4 2648.0 100.000 687.748
4 2649.0 100.000 682.748
4 2650.0 100.000 677.748
4 2651.0 100.000 672.748
4 2652.0 100.000 667.748
4 2653.0 100.000 662.748
4 2654.0 100.000 657.748
4 2655.0 100.000 652.748
4 2656.0 100.000 647.748
4 2657.0 100.000 642.748
4 2658.0 100.000 637.748
4 2659.0 100.000 632.748
4 2660.0 100.000 627.748
4 2661.0 100.000 622.748
4 2662.0 100.000 617.748
4 2663.0 100.000 612.748
4 2664.0 100.000 607.748
4 2665.0 100.000 602.748
4 2666.0 100.000 597.748
4 2667.0 100.000 592.748
4 2668.0 100.000 587.748
4 2669.0 100.000 582.748
4 2670.0 100.000 577.748
4 2671.0 100.000 572.748
4 2672.0 100.000 567.748
4 2673.0 100.000 562.748
4 2674.0 100.000 557.748
4 2675.0 100.000 552.748
4 2676.0 100.000 547.748
4 2677.0 100.000 542.748
4 2678.0 100.000 537.748
4 2679.0 100.000 532.748
4 2680.0 100.000 527.748
4 2681.0 100.000 522.748
4 2682.0 100.000 517.748
4 2683.0 100.000 512.748
4 2684.0 100.000 507.748
4 2685.0 100.000 502.748
4 2686.0 100.000 497.748
4 2687.0 100.000 492.748
4 2688.0 100.000 487.748
4 2689.0 100.000 482.748
4 2690.0 100.000 477.748
4 2691.0 100.000 472.748
4 2692.0 100.000 467.748
4 2693.0 100.000 462.748
4 2694.0 100.000 457.748
4 2695.0 100.000 452.748
4 2696.0 100.000 447.748
4 2697.0 100.000 442.748
4 2698.0 100.000 437.748
4 2699.0 100.000 432.748
4 2700.0 100.000 427.748
4 2701.0 100.000 422.748
4 2702.0 100.000 417.748
4 2703.0 100.000 412.748
4 2704.0 100.000 407.748
4 2705.0 100.000 402.748
4 2706.0 100.000 397.748
4 2707.0 100.000 392.748
4 2708.0 100.000 387.748
4 2709.0 100.000 382.748
4 2710.0 100.000 377.748
4 2711.0 100.000 372.748
4 2712.0 100.000 367.748
4 2713.0 100.000 362.748
4 2714.0 100.000 357.748
4 2715.0 100.000 352.748
4 2716.0 100.000 347.748
4 2717.0 100.000 342.748
4 2718.0 100.000 337.748
4 2719.0 100.000 332.748
4 2720.0 100.000 327.748
4 2721.0 100.000 322.748
4 2722.0 100.000 317.748
4 2723.0 100.000 312.748
4 2724.0 100.000 307.748
4 2725.0 100.000 302.748
4 2726.0 100.000 297.748
4 2727.0 100.000 292.748
4 2728.0 100.000 287.748
4 2729.0 100.000 282.748
4 2730.0 100.000 277.748
4 2731.0 100.000 272.748
4 2732.0 100.000 267.748
4 2733.0 100.000 262.748
4 2734.0 100.000 257.748
4 2735.0 100.000 252.748
4 2736.0 100.000 247.748
4 2737.0 100.000 242.748
4 2738.0 100.000 237.748
4 2739.0 100.000 232.748
4 2740.0 100.000 227.748
4 2741.0 100.000 222.748
4 2742.0 100.000 217.748
4 2743.0 100.000 212.748
4 2744.0 100.000 207.748
4 2745.0 100.000 202.748
4 2746.0 100.000 197.748
4 2747.0 100.000 192.748
4 2748.0 100.000 187.748
4 2749.0 100.000 182.748
4 2750.0 100.000 177.748
4 2751.0 100.000 172.748
4 2752.0 100.000 167.748
4 2753.0 100.000 162.748
4 2754.0 100.000 157.748
4 2755.0 100.000 152.748
4 2756.0 100.000 147.748
4 2757.0 100.000 142.748
4 2758.0 100.000 137.748
4 2759.0 100.000 132.748
4 2760.0 100.000 127.748
4 2761.0 100.000 122.748
4 2762.0 100.000 117.748
4 2763.0 100.000 112.748
4 2764.0 100.000 107.748
4 2765.0 100.000 102.748
4 2766.0 102.518 100.013
4 2767.0 107.517 100.000
4 2768.0 112.517 100.000
4 2769.0 117.517 100.000
4 2770.0 122.517 100.000
4 2771.0 127.517 100.000
4 2772.0 132.517 100.000
4 2773.0 137.517 100.000
4 2774.0 142.517 100.000
4 2775.0 147.517 100.000
4 2776.0 152.517 100.000
4 2777.0 157.517 100.000
4 2778.0 162.517 100.000
4 2779.0 167.517 100.000
4 2780.0 172.517 100.000
4 2781.0 177.517 100.000
4 2782.0 182.517 100.000
4 2783.0 187.517 100.000
4 2784.0 192.517 100.000
4 2785.0 197.517 100.000
4 2786.0 202.517 100.000
4 2787.0 207.517 100.000
4 2788.0 212.517 100.000
4 2789.0 217.517 100.000
4 2790.0 222.517 100.000
4 2791.0 227.517 100.000
4 2792.0 232.517 100.000
4 2793.0 237.517 100.000
4 2794.0 242.517 100.000
4 2795.0 247.517 100.000
4 2796.0 252.517 100.000
4 2797.0 257.517 100.000
4 2798.0 262.517 100.000
4 2799.0 267.517 100.000
4 2800.0 272.517 100.000
4 2801.0 277.517 100.000
4 2802.0 282.517 100.000
4 2803.0 287.517 100.000
4 2804.0 292.517 100.000
4 2805.0 297.517 100.000
4 2806.0 302.517 100.000
4 2807.0 307.517 100.000
4 2808.0 312.517 100.000
4 2809.0 317.517 100.000
4 2810.0 322.517 100.000
4 2811.0 327.517 100.000
4 2812.0 332.517 100.000
4 2813.0 337.517 100.000
4 2814.0 342.517 100.000
4 2815.0 347.517 100.000
4 2816.0 352.517 100.000
4 2817.0 357.517 100.000
4 2818.0 362.517 100.000
4 2819.0 367.517 100.000
4 2820.0 372.517 100.000
4 2821.0 377.517 100.000
4 2822.0 382.517 100.000
4 2823.0 387.517 100.000
4 2824.0 392.517 100.000
4 2825.0 397.517 100.000
4 2826.0 402.517 100.000
4 2827.0 407.517 100.000
4 2828.0 412.517 100.000
4 2829.0 417.517 100.000
4 2830.0 422.517 100.000
4 2831.0 427.517 100.000
4 2832.0 432.517 100.000
4 2833.0 437.517 100.000
4 2834.0 442.517 100.000
4 2835.0 447.517 100.000
4 2836.0 452.517 100.000
4 2837.0 457.517 100.000
4 2838.0 462.517 100.000
4 2839.0 467.517 100.000
4 2840.0 472.517 100.000
4 2841.0 477.517 100.000
4 2842.0 482.517 100.000
4 2843.0 487.517 100.000
4 2844.0 492.517 100.000
4 2845.0 497.517 100.000
4 2846.0 502.517 100.000
4 2847.0 507.517 100.000
4 2848.0 512.517 100.000
4 2849.0 517.517 100.000
4 2850.0 522.517 100.000
4 2851.0 527.517 100.000
4 2852.0 532.517 100.000
4 2853.0 537.517 100.000
4 2854.0 542.517 100.000
4 2855.0 547.517 100.000
4 2856.0 552.517 100.000
4 2857.0 557.517 100.000
4 2858.0 562.517 100.000
4 2859.0 567.517 100.000
4 2860.0 572.517 100.000
4 2861.0 577.517 100.000
4 2862.0 582.517 100.000
4 2863.0 587.517 100.000
4 2864.0 592.517 100.000
4 2865.0 597.517 100.000
4 2866.0 602.517 100.000
4 2867.0 607.517 100.000
4 2868.0 612.517 100.000
4 2869.0 617.517 100.000
4 2870.0 622.517 100.000
4 2871.0 627.517 100.000
4 2872.0 632.517 100.000
4 2873.0 637.517 100.000
4 2874.0 642.517 100.000
4 2875.0 647.517 100.000
4 2876.0 652.517 100.000
4 2877.0 657.517 100.000
4 2878.0 662.517 100.000
4 2879.0 667.517 100.000
4 2880.0 672.517 100.000
4 2881.0 677.517 100.000
4 2882.0 682.517 100.000
4 2883.0 687.517 100.000
4 2884.0 692.517 100.000
4 2885.0 697.517 100.000
4 2886.0 702.517 100.000
4 2887.0 707.517 100.000
4 2888.0 712.517 100.000
4 2889.0 717.517 100.000
4 2890.0 722.517 100.000
4 2891.0 727.517 100.000
4 2892.0 732.517 100.000
4 2893.0 737.517 100.000
4 2894.0 742.517 100.000
4 2895.0 747.517 100.000
4 2896.0 752.517 100.000
4 2897.0 757.517 100.000
4 2898.0 762.517 100.000
4 2899.0 767.517 100.000
4 2900.0 772.517 100.000
4 2901.0 777.517 100.000
4 2902.0 782.517 100.000
4 2903.0 787.517 100.000
4 2904.0 792.517 100.000
4 2905.0 797.517 100.000
4 2906.0 802.517 100.000
4 2907.0 807.517 100.000
4 2908.0 812.517 100.000
4 2909.0 817.517 100.000
4 2910.0 822.517 100.000
4 2911.0 827.517 100.000
4 2912.0 832.517 100.000
4 2913.0 837.517 100.000
4 2914.0 842.517 100.000
4 2915.0 847.517 100.000
4 2916.0 852.517 100.000
4 2917.0 857.517 100.000
4 2918.0 862.517 100.000
4 2919.0 867.517 100.000
4 2920.0 872.517 100.000
4 2921.0 877.517 100.000
4 2922.0 882.517 100.000
4 2923.0 887.517 100.000
4 2924.0 892.517 100.000
4 2925.0 897.517 100.000
4 2926.0 902.517 100.000
4 2927.0 907.517 100.000
4 2928.0 912.517 100.000
4 2929.0 917.517 100.000
4 2930.0 922.517 100.000
4 2931.0 927.517 100.000
4 2932.0 932.517 100.000
4 2933.0 937.517 100.000
4 2934.0 942.517 100.000
4 2935.0 947.517 100.000
4 2936.0 952.517 100.000
4 2937.0 957.517 100.000
4 2938.0 962.517 100.000
4 2939.0 967.517 100.000
4 2940.0 972.517 100.000
4 2941.0 977.517 100.000
4 2942.0 982.517 100.000
4 2943.0 987.517 100.000
4 2944.0 992.517 100.000
4 2945.0 997.517 100.000
4 2946.0 1002.517 100.000
4 2947.0 1007.517 100.000
4 2948.0 1012.517 100.000
4 2949.0 1017.517 100.000
4 2950.0 1022.517 100.000
4 2951.0 1027.517 100.000
4 2952.0 1032.517 100.000
4 2953.0 1037.517 100.000
4 2954.0 1042.517 100.000
4 2955.0 1047.517 100.000
4 2956.0 1052.517 100.000
4 2957.0 1057.517 100.000
4 2958.0 1062.517 100.000
4 2959.0 1067.517 100.000
4 2960.0 1072.517 100.000
4 2961.0 1077.517 100.000
4 2962.0 1082.517 100.000
4 2963.0 1087.517 100.000
4 2964.0 1092.517 100.000
4 2965.0 1097.517 100.000
4 2966.0 1102.517 100.000
4 2967.0 1107.517 100.000
4 2968.0 1112.517 100.000
4 2969.0 1117.517 100.000
4 2970.0 1122.517 100.000
4 2971.0 1127.517 100.000
4 2972.0 1132.517 100.000
4 2973.0 1137.517 100.000
4 2974.0 1142.517 100.000
4 2975.0 1147.517 100.000
4 2976.0 1152.517 100.000
4 2977.0 1157.517 100.000
4 2978.0 1162.517 100.000
4 2979.0 1167.517 100.000
4 2980.0 1172.517 100.000
4 2981.0 1177.517 100.000
4 2982.0 1182.517 100.000
4 2983.0 1187.517 100.000
4 2984.0 1192.517 100.000
4 2985.0 1197.517 100.000
4 2986.0 1202.517 100.000
4 2987.0 1207.517 100.000
4 2988.0 1212.517 100.000
4 2989.0 1217.517 100.000
4 2990.0 1222.517 100.000
4 2991.0 1227.517 100.000
4 2992.0 1232.517 100.000
4 2993.0 1237.517 100.000
4 2994.0 1242.517 100.000
4 2995.0 1247.517 100.000
4 2996.0 1252.517 100.000
4 2997.0 1257.517 100.000
4 2998.0 1262.517 100.000
4 2999.0 1267.517 100.000
4 3000.0 1272.517 100.000
4 3001.0 1277.517 100.000
4 3002.0 1282.517 100.000
4 3003.0 1287.517 100.000
4 3004.0 1292.517 100.000
4 3005.0 1297.517 100.000
4 3006.0 1302.517 100.000
4 3007.0 1307.517 100.000
4 3008.0 1312.517 100.000
4 3009.0 1317.517 100.000
4 3010.0 1322.517 100.000
4 3011.0 1327.517 100.000
4 3012.0 1332.517 100.000
4 3013.0 1337.517 100.000
4 3014.0 1342.517 100.000
4 3015.0 1347.517 100.000
4 3016.0 1352.517 100.000
4 3017.0 1357.517 100.000
4 3018.0 1362.517 100.000
4 3019.0 1367.517 100.000
4 3020.0 1372.517 100.000
4 3021.0 1377.517 100.000
4 3022.0 1382.517 100.000
4 3023.0 1387.517 100.000
4 3024.0 1392.517 100.000
4 3025.0 1397.517 100.000
4 3026.0 1402.517 100.000
4 3027.0 1407.517 100.000
4 3028.0 1412.517 100.000
4 3029.0 1417.517 100.000
4 3030.0 1422.517 100.000
4 3031.0 1427.517 100.000
4 3032.0 1432.517 100.000
4 3033.0 1437.517 100.000
4 3034.0 1442.517 100.000
4 3035.0 1447.517 100.000
4 3036.0 1452.517 100.000
4 3037.0 1457.517 100.000
4 3038.0 1462.517 100.000
4 3039.0 1467.517 100.000
4 3040.0 1472.517 100.000
4 3041.0 1477.517 100.000
4 3042.0 1482.517 100.000
4 3043.0 1487.517 100.000
4 3044.0 1492.517 100.000
4 3045.0 1497.517 100.000
4 3046.0 1502.517 100.000
4 3047.0 1507.517 100.000
4 3048.0 1512.517 100.000
4 3049.0 1517.517 100.000
4 3050.0 1522.517 100.000
4 3051.0 1527.517 100.000
4 3052.0 1532.517 100.000
4 3053.0 1537.517 100.000
4 3054.0 1542.517 100.000
4 3055.0 1547.517 100.000
4 3056.0 1552.517 100.000
4 3057.0 1557.517 100.000
4 3058.0 1562.517 100.000
4 3059.0 1567.517 100.000
4 3060.0 1572.517 100.000
4 3061.0 1577.517 100.000
4 3062.0 1582.517 100.000
4 3063.0 1587.517 100.000
4 3064.0 1592.517 100.000
4 3065.0 1597.517 100.000
4 3066.0 1602.517 100.000
4 3067.0 1607.517 100.000
4 3068.0 1612.517 100.000
4 3069.0 1617.517 100.000
4 3070.0 1622.517 100.000
4 3071.0 1627.517 100.000
4 3072.0 1632.517 100.000
4 3073.0 1637.517 100.000
4 3074.0 1642.517 100.000
4 3075.0 1647.517 100.000
4 3076.0 1652.517 100.000
4 3077.0 1657.517 100.000
4 3078.0 1662.517 100.000
4 3079.0 1667.517 100.000
4 3080.0 1672.517 100.000
4 3081.0 1677.517 100.000
4 3082.0 1682.517 100.000
4 3083.0 1687.517 100.000
4 3084.0 1692.517 100.000
4 3085.0 1697.517 100.000
4 3086.0 1702.517 100.000
4 3087.0 1707.517 100.000
4 3088.0 1712.517 100.000
4 3089.0 1717.517 100.000
4 3090.0 1722.517 100.000
4 3091.0 1727.517 100.000
4 3092.0 1732.517 100.000
4 3093.0 1737.517 100.000
4 3094.0 1742.517 100.000
4 3095.0 1747.517 100.000
4 3096.0 1752.517 100.000
4 3097.0 1757.517 100.000
4 3098.0 1762.517 100.000
4 3099.0 1767.517 100.000
4 3100.0 1772.517 100.000
4 3101.0 1777.517 100.000
4 3102.0 1782.517 100.000
4 3103.0 1787.517 100.000
4 3104.0 1792.517 100.000
4 3105.0 1797.517 100.000
4 3106.0 1802.517 100.000
4 3107.0 1807.517 100.000
4 3108.0 1812.517 100.000
4 3109.0 1817.517 100.000
4 3110.0 1822.517 100.000
4 3111.0 1827.517 100.000
4 3112.0 1832.517 100.000
4 3113.0 1837.517 100.000
4 3114.0 1842.517 100.000
4 3115.0 1847.517 100.000
4 3116.0 1852.517 100.000
4 3117.0 1857.517 100.000
4 3118.0 1862.517 100.000
4 3119.0 1867.517 100.000
4 3120.0 1872.517 100.000
4 3121.0 1877.517 100.000
4 3122.0 1882.517 100.000
4 3123.0 1887.517 100.000
4 3124.0 1892.517 100.000
4 3125.0 1897.517 100.000
4 3126.0 1902.517 100.000
4 3127.0 1907.517 100.000
4 3128.0 1912.517 100.000
4 3129.0 1917.517 100.000
4 3130.0 1922.517 100.000
4 3131.0 1927.517 100.000
4 3132.0 1932.517 100.000
4 3133.0 1937.517 100.000
4 3134.0 1942.517 100.000
4 3135.0 1947.517 100.000
4 3136.0 1952.517 100.000
4 3137.0 1957.517 100.000
4 3138.0 1962.517 100.000
4 3139.0 1967.517 100.000
4 3140.0 1972.517 100.000
4 3141.0 1977.517 100.000
4 3142.0 1982.517 100.000
4 3143.0 1987.517 100.000
4 3144.0 1992.517 100.000
4 3145.0 1997.517 100.000
4 3146.0 2002.517 100.000
4 3147.0 2007.517 100.000
4 3148.0 2012.517 100.000
4 3149.0 2017.517 100.000
4 3150.0 2022.517 100.000
4 3151.0 2027.517 100.000
4 3152.0 2032.517 100.000
4 3153.0 2037.517 100.000
4 3154.0 2042.517 100.000
4 3155.0 2047.517 100.000
4 3156.0 2052.517 100.000
4 3157.0 2057.517 100.000
4 3158.0 2062.517 100.000
4 3159.0 2067.517 100.000
4 3160.0 2072.517 100.000
4 3161.0 2077.517 100.000
4 3162.0 2082.517 100.000
4 3163.0 2087.517 100.000
4 3164.0 2092.517 100.000
4 3165.0 2097.517 100.000
4 3166.0 2102.517 100.000
4 3167.0 2107.517 100.000
4 3168.0 2112.517 100.000
4 3169.0 2117.517 100.000
4 3170.0 2122.517 100.000
4 3171.0 2127.517 100.000
4 3172.0 2132.517 100.000
4 3173.0 2137.517 100.000
4 3174.0 2142.517 100.000
4 3175.0 2147.517 100.000
4 3176.0 2152.517 100.000
4 3177.0 2157.517 100.000
4 3178.0 2162.517 100.000
4 3179.0 2167.517 100.000
4 3180.0 2172.517 100.000
4 3181.0 2177.517 100.000
4 3182.0 2182.517 100.000
4 3183.0 2187.517 100.000
4 3184.0 2192.517 100.000
4 3185.0 2197.517 100.000
4 3186.0 2202.517 100.000
4 3187.0 2207.517 100.000
4 3188.0 2212.517 100.000
4 3189.0 2217.517 100.000
4 3190.0 2222.517 100.000
4 3191.0 2227.517 100.000
4 3192.0 2232.517 100.000
4 3193.0 2237.517 100.000
4 3194.0 2242.517 100.000
4 3195.0 2247.517 100.000
4 3196.0 2252.517 100.000
4 3197.0 2257.517 100.000
4 3198.0 2262.517 100.000
4 3199.0 2267.517 100.000
4 3200.0 2272.517 100.000
4 3201.0 2277.517 100.000
4 3202.0 2282.517 100.000
4 3203.0 2287.517 100.000
4 3204.0 2292.517 100.000
4 3205.0 2297.517 100.000
4 3206.0 2302.517 100.000
4 3207.0 2307.517 100.000
4 3208.0 2312.517 100.000
4 3209.0 2317.517 100.000
4 3210.0 2322.517 100.000
4 3211.0 2327.517 100.000
4 3212.0 2332.517 100.000
4 3213.0 2337.517 100.000
4 3214.0 2342.517 100.000
4 3215.0 2347.517 100.000
4 3216.0 2352.517 100.000
4 3217.0 2357.517 100.000
4 3218.0 2362.517 100.000
4 3219.0 2367.517 100.000
4 3220.0 2372.517 100.000
4 3221.0 2377.517 100.000
4 3222.0 2382.517 100.000
4 3223.0 2387.517 100.000
4 3224.0 2392.517 100.000
4 3225.0 2397.517 100.000
4 3226.0 2402.517 100.000
4 3227.0 2407.517 100.000
4 3228.0 2412.517 100.000
4 3229.0 2417.517 100.000
4 3230.0 2422.517 100.000
4 3231.0 2427.517 100.000
4 3232.0 2432.517 100.000
4 3233.0 2437.517 100.000
4 3234.0 2442.517 100.000
4 3235.0 2447.517 100.000
4 3236.0 2452.517 100.000
4 3237.0 2457.517 100.000
4 3238.0 2462.517 100.000
4 3239.0 2467.517 100.000
4 3240.0 2472.517 100.000
4 3241.0 2477.517 100.000
4 3242.0 2482.517 100.000
4 3243.0 2487.517 100.000
4 3244.0 2492.517 100.000
4 3245.0 2497.517 100.000
4 3246.0 2502.517 100.000
4 3247.0 2507.517 100.000
4 3248.0 2512.517 100.000
4 3249.0 2517.517 100.000
4 3250.0 2522.517 100.000
4 3251.0 2527.517 100.000
4 3252.0 2532.517 100.000
4 3253.0 2537.517 100.000
4 3254.0 2542.517 100.000
4 3255.0 2547.517 100.000
4 3256.0 2552.517 100.000
4 3257.0 2557.517 100.000
4 3258.0 2562.517 100.000
4 3259.0 2567.517 100.000
4 3260.0 2572.517 100.000
4 3261.0 2577.517 100.000
4 3262.0 2582.517 100.000
4 3263.0 2587.517 100.000
4 3264.0 2592.517 100.000
4 3265.0 2597.517 100.000
4 3266.0 2602.517 100.000
4 3267.0 2607.517 100.000
4 3268.0 2612.517 100.000
4 3269.0 2617.517 100.000
4 3270.0 2622.517 100.000
4 3271.0 2627.517 100.000
4 3272.0 2632.517 100.000
4 3273.0 2637.517 100.000
4 3274.0 2642.517 100.000
4 3275.0 2647.517 100.000
4 3276.0 2652.517 100.000
4 3277.0 2657.517 100.000
4 3278.0 2662.517 100.000
4 3279.0 2667.517 100.000
4 3280.0 2672.517 100.000
4 3281.0 2677.517 100.000
4 3282.0 2682.517 100.000
4 3283.0 2687.517 100.000
4 3284.0 2692.517 100.000
4 3285.0 2697.517 100.000
4 3286.0 2702.517 100.000
4 3287.0 2707.517 100.000
4 3288.0 2712.517 100.000
4 3289.0 2717.517 100.000
4 3290.0 2722.517 100.000
4 3291.0 2727.517 100.000
4 3292.0 2732.517 100.000
4 3293.0 2737.517 100.000
4 3294.0 2742.517 100.000
4 3295.0 2747.517 100.000
4 3296.0 2752.517 100.000
4 3297.0 2757.517 100.000
4 3298.0 2760.000 100.000
4 3299.0 2760.000 100.000
4 3300.0 2760.000 100.000
4 3301.0 2760.000 100.000
4 3302.0 2760.000 100.000
4 3303.0 2760.000 100.000
4 3304.0 2760.000 100.000
4 3305.0 2760.000 100.000
4 3306.0 2760.000 100.000
4 3307.0 2760.000 100.000
4 3308.0 2760.000 100.000
4 3309.0 2760.000 100.000
4 3310.0 2760.000 100.000
4 3311.0 2760.000 100.000
4 3312.0 2760.000 100.000
4 3313.0 2760.000 100.000
4 3314.0 2760.000 100.000
4 3315.0 2760.000 100.000
4 3316.0 2760.000 100.000
4 3317.0 2760.000 100.000
4 3318.0 2760.000 100.000
4 3319.0 2760.000 100.000
4 3320.0 2760.000 100.000
4 3321.0 2760.000 100.000
4 3322.0 2760.000 100.000
4 3323.0 2760.000 100.000
4 3324.0 2760.000 100.000
4 3325.0 2760.000 100.000
4 3326.0 2760.000 100.000
4 3327.0 2760.000 100.000
4 3328.0 2760.000 100.000
4 3329.0 2760.000 100.000
4 3330.0 2760.000 100.000
4 3331.0 2760.000 100.000
4 3332.0 2760.000 100.000
4 3333.0 2760.000 100.000
4 3334.0 2760.000 100.000
4 3335.0 2760.000 100.000
4 3336.0 2760.000 100.000
4 3337.0 2760.000 100.000
4 3338.0 2760.000 100.000
4 3339.0 2760.000 100.000
4 3340.0 2760.000 100.000
4 3341.0 2760.000 100.000
4 3342.0 2760.000 100.000
4 3343.0 2760.000 100.000
4 3344.0 2760.000 100.000
4 3345.0 2760.000 100.000
4 3346.0 2760.000 100.000
4 3347.0 2760.000 100.000
4 3348.0 2760.000 100.000
4 3349.0 2760.000 100.000
4 3350.0 2760.000 100.000
4 3351.0 2760.000 100.000
4 3352.0 2760.000 100.000
4 3353.0 2760.000 100.000
4 3354.0 2760.000 100.000
4 3355.0 2760.000 100.000
4 3356.0 2760.000 100.000
4 3357.0 2760.000 100.000
4 3358.0 2760.000 100.000
4 3359.0 2760.000 100.000
4 3360.0 2760.000 100.000
4 3361.0 2760.000 100.000
4 3362.0 2760.000 100.000
4 3363.0 2760.000 100.000
4 3364.0 2760.000 100.000
4 3365.0 2760.000 100.000
4 3366.0 2760.000 100.000
4 3367.0 2760.000 100.000
4 3368.0 2760.000 100.000
4 3369.0 2760.000 100.000
4 3370.0 2760.000 100.000
4 3371.0 2760.000 100.000
4 3372.0 2760.000 100.000
4 3373.0 2760.000 100.000
4 3374.0 2760.000 100.000
4 3375.0 2760.000 100.000
4 3376.0 2760.000 100.000
4 3377.0 2760.000 100.000
4 3378.0 2760.000 100.000
4 3379.0 2760.000 100.000
4 3380.0 2760.000 100.000
4 3381.0 2760.000 100.000
4 3382.0 2760.000 100.000
4 3383.0 2760.000 100.000
4 3384.0 2760.000 100.000
4 3385.0 2760.000 100.000
4 3386.0 2760.000 100.000
4 3387.0 2760.000 100.000
4 3388.0 2760.000 100.000
4 3389.0 2760.000 100.000
4 3390.0 2760.000 100.000
4 3391.0 2760.000 100.000
4 3392.0 2760.000 100.000
4 3393.0 2760.000 100.000
4 3394.0 2760.000 100.000
4 3395.0 2760.000 100.000
4 3396.0 2760.000 100.000
4 3397.0 2760.000 100.000
4 3398.0 2760.000 100.000
4 3399.0 2760.000 100.000
4 3400.0 2760.000 100.000
4 3401.0 2760.000 100.000
4 3402.0 2760.000 100.000
4 3403.0 2760.000 100.000
4 3404.0 2760.000 100.000
4 3405.0 2760.000 100.000
4 3406.0 2760.000 100.000
4 3407.0 2760.000 100.000
4 3408.0 2760.000 100.000
4 3409.0 2760.000 100.000
4 3410.0 2760.000 100.000
4 3411.0 2760.000 100.000
4 3412.0 2760.000 100.000
4 3413.0 2760.000 100.000
4 3414.0 2760.000 100.000
4 3415.0 2760.000 100.000
4 3416.0 2760.000 100.000
4 3417.0 2760.000 100.000
4 3418.0 2760.000 100.000
4 3419.0 2760.000 100.000
4 3420.0 2760.000 100.000
4 3421.0 2760.000 100.000
4 3422.0 2760.000 100.000
4 3423.0 2760.000 100.000
4 3424.0 2760.000 100.000
4 3425.0 2760.000 100.000
4 3426.0 2760.000 100.000
4 3427.0 2760.000 100.000
4 3428.0 2760.000 100.000
4 3429.0 2760.000 100.000
4 3430.0 2760.000 100.000
4 3431.0 2760.000 100.000
4 3432.0 2760.000 100.000
4 3433.0 2760.000 100.000
4 3434.0 2760.000 100.000
4 3435.0 2760.000 100.000
4 3436.0 2760.000 100.000
4 3437.0 2760.000 100.000
4 3438.0 2760.000 100.000
4 3439.0 2760.000 100.000
4 3440.0 2760.000 100.000
4 3441.0 2760.000 100.000
4 3442.0 2760.000 100.000
4 3443.0 2760.000 100.000
4 3444.0 2760.000 100.000
4 3445.0 2760.000 100.000
4 3446.0 2760.000 100.000
4 3447.0 2760.000 100.000
4 3448.0 2760.000 100.000
4 3449.0 2760.000 100.000
4 3450.0 2760.000 100.000
4 3451.0 2760.000 100.000
4 3452.0 2760.000 100.000
4 3453.0 2760.000 100.000
4 3454.0 2760.000 100.000
4 3455.0 2760.000 100.000
4 3456.0 2760.000 100.000
4 3457.0 2760.000 100.000
4 3458.0 2760.000 100.000
4 3459.0 2760.000 100.000
4 3460.0 2760.000 100.000
4 3461.0 2760.000 100.000
4 3462.0 2760.000 100.000
4 3463.0 2760.000 100.000
4 3464.0 2760.000 100.000
4 3465.0 2760.000 100.000
4 3466.0 2760.000 100.000
4 3467.0 2760.000 100.000
4 3468.0 2760.000 100.000
4 3469.0 2760.000 100.000
4 3470.0 2760.000 100.000
4 3471.0 2760.000 100.000
4 3472.0 2760.000 100.000
4 3473.0 2760.000 100.000
4 3474.0 2760.000 100.000
4 3475.0 2760.000 100.000
4 3476.0 2760.000 100.000
4 3477.0 2760.000 100.000
4 3478.0 2760.000 100.000
4 3479.0 2760.000 100.000
4 3480.0 2760.000 100.000
4 3481.0 2760.000 100.000
4 3482.0 2760.000 100.000
4 3483.0 2760.000 100.000
4 3484.0 2760.000 100.000
4 3485.0 2760.000 100.000
4 3486.0 2760.000 100.000
4 3487.0 2760.000 100.000
4 3488.0 2760.000 100.000
4 3489.0 2760.000 100.000
4 3490.0 2760.000 100.000
4 3491.0 2760.000 100.000
4 3492.0 2760.000 100.000
4 3493.0 2760.000 100.000
4 3494.0 2760.000 100.000
4 3495.0 2760.000 100.000
4 3496.0 2760.000 100.000
4 3497.0 2760.000 100.000
4 3498.0 2760.000 100.000
4 3499.0 2760.000 100.000
4 3500.0 2760.000 100.000
4 3501.0 2760.000 100.000
4 3502.0 2760.000 100.000
4 3503.0 2760.000 100.000
4 3504.0 2760.000 100.000
4 3505.0 2760.000 100.000
4 3506.0 2760.000 100.000
4 3507.0 2760.000 100.000
4 3508.0 2760.000 100.000
4 3509.0 2760.000 100.000
4 3510.0 2760.000 100.000
4 3511.0 2760.000 100.000
4 3512.0 2760.000 100.000
4 3513.0 2760.000 100.000
4 3514.0 2760.000 100.000
4 3515.0 2760.000 100.000
4 3516.0 2760.000 100.000
4 3517.0 2760.000 100.000
4 3518.0 2760.000 100.000
4 3519.0 2760.000 100.000
4 3520.0 2760.000 100.000
4 3521.0 2760.000 100.000
4 3522.0 2760.000 100.000
4 3523.0 2760.000 100.000
4 3524.0 2760.000 100.000
4 3525.0 2760.000 100.000
4 3526.0 2760.000 100.000
4 3527.0 2760.000 100.000
4 3528.0 2760.000 100.000
4 3529.0 2760.000 100.000
4 3530.0 2760.000 100.000
4 3531.0 2760.000 100.000
4 3532.0 2760.000 100.000
4 3533.0 2760.000 100.000
4 3534.0 2760.000 100.000
4 3535.0 2760.000 100.000
4 3536.0 2760.000 100.000
4 3537.0 2760.000 100.000
4 3538.0 2760.000 100.000
4 3539.0 2760.000 100.000
4 3540.0 2760.000 100.000
4 3541.0 2760.000 100.000
4 3542.0 2760.000 100.000
4 3543.0 2760.000 100.000
4 3544.0 2760.000 100.000
4 3545.0 2760.000 100.000
4 3546.0 2760.000 100.000
4 3547.0 2760.000 100.000
4 3548.0 2760.000 100.000
4 3549.0 2760.000 100.000
4 3550.0 2760.000 100.000
4 3551.0 2760.000 100.000
4 3552.0 2760.000 100.000
4 3553.0 2760.000 100.000
4 3554.0 2760.000 100.000
4 3555.0 2760.000 100.000
4 3556.0 2760.000 100.000
4 3557.0 2760.000 100.000
4 3558.0 2760.000 100.000
4 3559.0 2760.000 100.000
4 3560.0 2760.000 100.000
4 3561.0 2760.000 100.000
4 3562.0 2760.000 100.000
4 3563.0 2760.000 100.000
4 3564.0 2760.000 100.000
4 3565.0 2760.000 100.000
4 3566.0 2760.000 100.000
4 3567.0 2760.000 100.000
4 3568.0 2760.000 100.000
4 3569.0 2760.000 100.000
4 3570.0 2760.000 100.000
4 3571.0 2760.000 100.000
4 3572.0 2760.000 100.000
4 3573.0 2760.000 100.000
4 3574.0 2760.000 100.000
4 3575.0 2760.000 100.000
4 3576.0 2760.000 100.000
4 3577.0 2760.000 100.000
4 3578.0 2760.000 100.000
4 3579.0 2760.000 100.000
4 3580.0 2760.000 100.000
4 3581.0 2760.000 100.000
4 3582.0 2760.000 100.000
4 3583.0 2760.000 100.000
4 3584.0 2760.000 100.000
4 3585.0 2760.000 100.000
4 3586.0 2760.000 100.000
4 3587.0 2760.000 100.000
4 3588.0 2760.000 100.000
4 3589.0 2760.000 100.000
4 3590.0 2760.000 100.000
4 3591.0 2760.000 100.000
4 3592.0 2760.000 100.000
4 3593.0 2760.000 100.000
4 3594.0 2760.000 100.000
4 3595.0 2760.000 100.000
4 3596.0 2760.000 100.000
4 3597.0 2760.000 100.000
4 3598.0 2760.000 100.000
4 3599.0 2760.000 100.000
4 3600.0 2760.000 100.000
