# Cooja mobility data: random30node LOW coverage
# Mobile sink: mote 27 in Cooja (id 26 = 0-indexed for mobility plugin)
# Start position: (22.11, 135.77)
# Path length: 430.66 m
# Total simulation time: 3600 s (1 hour)
# No static phase; mobile sink starts moving at t=0
# Speed: 0.1196 m/s (trajectory completes in exactly 1 hour)
# Format: <node_id> <time_s> <x_m> <y_m>
26 0.0 22.110 135.770
26 1.0 22.230 135.770
26 2.0 22.349 135.770
26 3.0 22.469 135.770
26 4.0 22.589 135.770
26 5.0 22.708 135.770
26 6.0 22.828 135.770
26 7.0 22.947 135.770
26 8.0 23.067 135.770
26 9.0 23.187 135.770
26 10.0 23.306 135.770
26 11.0 23.426 135.770
26 12.0 23.546 135.770
26 13.0 23.665 135.770
26 14.0 23.785 135.770
26 15.0 23.904 135.770
26 16.0 24.024 135.770
26 17.0 24.144 135.770
26 18.0 24.263 135.770
26 19.0 24.383 135.770
26 20.0 24.503 135.770
26 21.0 24.622 135.770
26 22.0 24.742 135.770
26 23.0 24.861 135.770
26 24.0 24.981 135.770
26 25.0 25.101 135.770
26 26.0 25.220 135.770
26 27.0 25.340 135.770
26 28.0 25.460 135.770
26 29.0 25.579 135.770
26 30.0 25.699 135.770
26 31.0 25.818 135.770
26 32.0 25.938 135.770
26 33.0 26.058 135.770
26 34.0 26.177 135.770
26 35.0 26.297 135.770
26 36.0 26.417 135.770
26 37.0 26.536 135.770
26 38.0 26.656 135.770
26 39.0 26.775 135.770
26 40.0 26.895 135.770
26 41.0 27.015 135.770
26 42.0 27.134 135.770
26 43.0 27.254 135.770
26 44.0 27.374 135.770
26 45.0 27.493 135.770
26 46.0 27.613 135.770
26 47.0 27.733 135.770
26 48.0 27.852 135.770
26 49.0 27.972 135.770
26 50.0 28.091 135.770
26 51.0 28.211 135.770
26 52.0 28.331 135.770
26 53.0 28.450 135.770
26 54.0 28.570 135.770
26 55.0 28.690 135.770
26 56.0 28.809 135.770
26 57.0 28.929 135.770
26 58.0 29.048 135.770
26 59.0 29.168 135.770
26 60.0 29.288 135.770
26 61.0 29.407 135.770
26 62.0 29.527 135.770
26 63.0 29.647 135.770
26 64.0 29.766 135.770
26 65.0 29.886 135.770
26 66.0 30.005 135.770
26 67.0 30.125 135.770
26 68.0 30.245 135.770
26 69.0 30.364 135.770
26 70.0 30.484 135.770
26 71.0 30.604 135.770
26 72.0 30.723 135.770
26 73.0 30.843 135.770
26 74.0 30.962 135.770
26 75.0 31.082 135.770
26 76.0 31.202 135.770
26 77.0 31.321 135.770
26 78.0 31.441 135.770
26 79.0 31.561 135.770
26 80.0 31.680 135.770
26 81.0 31.800 135.770
26 82.0 31.919 135.770
26 83.0 32.039 135.770
26 84.0 32.159 135.770
26 85.0 32.278 135.770
26 86.0 32.398 135.770
26 87.0 32.518 135.770
26 88.0 32.637 135.770
26 89.0 32.757 135.770
26 90.0 32.877 135.770
26 91.0 32.996 135.770
26 92.0 33.116 135.770
26 93.0 33.235 135.770
26 94.0 33.355 135.770
26 95.0 33.475 135.770
26 96.0 33.594 135.770
26 97.0 33.714 135.770
26 98.0 33.834 135.770
26 99.0 33.953 135.770
26 100.0 34.073 135.770
26 101.0 34.192 135.770
26 102.0 34.312 135.770
26 103.0 34.432 135.770
26 104.0 34.551 135.770
26 105.0 34.671 135.770
26 106.0 34.791 135.770
26 107.0 34.910 135.770
26 108.0 35.030 135.770
26 109.0 35.149 135.770
26 110.0 35.269 135.770
26 111.0 35.389 135.770
26 112.0 35.508 135.770
26 113.0 35.628 135.770
26 114.0 35.748 135.770
26 115.0 35.867 135.770
26 116.0 35.987 135.770
26 117.0 36.106 135.770
26 118.0 36.226 135.770
26 119.0 36.346 135.770
26 120.0 36.465 135.770
26 121.0 36.585 135.770
26 122.0 36.705 135.770
26 123.0 36.824 135.770
26 124.0 36.944 135.770
26 125.0 37.063 135.770
26 126.0 37.183 135.770
26 127.0 37.303 135.770
26 128.0 37.422 135.770
26 129.0 37.542 135.770
26 130.0 37.662 135.770
26 131.0 37.781 135.770
26 132.0 37.901 135.770
26 133.0 38.020 135.770
26 134.0 38.140 135.770
26 135.0 38.260 135.770
26 136.0 38.379 135.770
26 137.0 38.499 135.770
26 138.0 38.619 135.770
26 139.0 38.738 135.770
26 140.0 38.858 135.770
26 141.0 38.978 135.770
26 142.0 39.097 135.770
26 143.0 39.217 135.770
26 144.0 39.336 135.770
26 145.0 39.456 135.770
26 146.0 39.576 135.770
26 147.0 39.695 135.770
26 148.0 39.815 135.770
26 149.0 39.935 135.770
26 150.0 40.054 135.770
26 151.0 40.174 135.770
26 152.0 40.293 135.770
26 153.0 40.413 135.770
26 154.0 40.533 135.770
26 155.0 40.652 135.770
26 156.0 40.772 135.770
26 157.0 40.892 135.770
26 158.0 41.011 135.770
26 159.0 41.131 135.770
26 160.0 41.250 135.770
26 161.0 41.370 135.770
26 162.0 41.490 135.770
26 163.0 41.609 135.770
26 164.0 41.729 135.770
26 165.0 41.849 135.770
26 166.0 41.968 135.770
26 167.0 42.088 135.770
26 168.0 42.207 135.770
26 169.0 42.327 135.770
26 170.0 42.447 135.770
26 171.0 42.566 135.770
26 172.0 42.686 135.770
26 173.0 42.806 135.770
26 174.0 42.925 135.770
26 175.0 43.045 135.770
26 176.0 43.164 135.770
26 177.0 43.284 135.770
26 178.0 43.404 135.770
26 179.0 43.523 135.770
26 180.0 43.643 135.770
26 181.0 43.763 135.770
26 182.0 43.882 135.770
26 183.0 44.002 135.770
26 184.0 44.122 135.770
26 185.0 44.241 135.770
26 186.0 44.361 135.770
26 187.0 44.480 135.770
26 188.0 44.600 135.770
26 189.0 44.720 135.770
26 190.0 44.839 135.770
26 191.0 44.959 135.770
26 192.0 45.079 135.770
26 193.0 45.198 135.770
26 194.0 45.318 135.770
26 195.0 45.437 135.770
26 196.0 45.557 135.770
26 197.0 45.677 135.770
26 198.0 45.796 135.770
26 199.0 45.916 135.770
26 200.0 46.036 135.770
26 201.0 46.155 135.770
26 202.0 46.275 135.770
26 203.0 46.394 135.770
26 204.0 46.514 135.770
26 205.0 46.634 135.770
26 206.0 46.753 135.770
26 207.0 46.873 135.770
26 208.0 46.993 135.770
26 209.0 47.112 135.770
26 210.0 47.232 135.770
26 211.0 47.351 135.770
26 212.0 47.471 135.770
26 213.0 47.591 135.770
26 214.0 47.710 135.770
26 215.0 47.830 135.770
26 216.0 47.950 135.770
26 217.0 48.069 135.770
26 218.0 48.189 135.770
26 219.0 48.308 135.770
26 220.0 48.428 135.770
26 221.0 48.548 135.770
26 222.0 48.667 135.770
26 223.0 48.787 135.770
26 224.0 48.907 135.770
26 225.0 49.026 135.770
26 226.0 49.146 135.770
26 227.0 49.266 135.770
26 228.0 49.385 135.770
26 229.0 49.505 135.770
26 230.0 49.624 135.770
26 231.0 49.744 135.770
26 232.0 49.864 135.770
26 233.0 49.983 135.770
26 234.0 50.103 135.770
26 235.0 50.223 135.770
26 236.0 50.342 135.770
26 237.0 50.462 135.770
26 238.0 50.581 135.770
26 239.0 50.701 135.770
26 240.0 50.821 135.770
26 241.0 50.940 135.770
26 242.0 51.060 135.770
26 243.0 51.180 135.770
26 244.0 51.299 135.770
26 245.0 51.419 135.770
26 246.0 51.538 135.770
26 247.0 51.658 135.770
26 248.0 51.778 135.770
26 249.0 51.897 135.770
26 250.0 52.017 135.770
26 251.0 52.137 135.770
26 252.0 52.256 135.770
26 253.0 52.376 135.770
26 254.0 52.495 135.770
26 255.0 52.615 135.770
26 256.0 52.735 135.770
26 257.0 52.854 135.770
26 258.0 52.974 135.770
26 259.0 53.094 135.770
26 260.0 53.213 135.770
26 261.0 53.333 135.770
26 262.0 53.452 135.770
26 263.0 53.572 135.770
26 264.0 53.692 135.770
26 265.0 53.811 135.770
26 266.0 53.931 135.770
26 267.0 54.051 135.770
26 268.0 54.170 135.770
26 269.0 54.290 135.770
26 270.0 54.409 135.770
26 271.0 54.529 135.770
26 272.0 54.649 135.770
26 273.0 54.768 135.770
26 274.0 54.888 135.770
26 275.0 55.008 135.770
26 276.0 55.127 135.770
26 277.0 55.247 135.770
26 278.0 55.367 135.770
26 279.0 55.486 135.770
26 280.0 55.606 135.770
26 281.0 55.725 135.770
26 282.0 55.845 135.770
26 283.0 55.965 135.770
26 284.0 56.084 135.770
26 285.0 56.204 135.770
26 286.0 56.324 135.770
26 287.0 56.443 135.770
26 288.0 56.563 135.770
26 289.0 56.682 135.770
26 290.0 56.802 135.770
26 291.0 56.922 135.770
26 292.0 57.041 135.770
26 293.0 57.161 135.770
26 294.0 57.281 135.770
26 295.0 57.400 135.770
26 296.0 57.520 135.770
26 297.0 57.639 135.770
26 298.0 57.759 135.770
26 299.0 57.879 135.770
26 300.0 57.998 135.770
26 301.0 58.118 135.770
26 302.0 58.238 135.770
26 303.0 58.357 135.770
26 304.0 58.477 135.770
26 305.0 58.596 135.770
26 306.0 58.716 135.770
26 307.0 58.836 135.770
26 308.0 58.955 135.770
26 309.0 59.075 135.770
26 310.0 59.195 135.770
26 311.0 59.314 135.770
26 312.0 59.434 135.770
26 313.0 59.553 135.770
26 314.0 59.673 135.770
26 315.0 59.793 135.770
26 316.0 59.912 135.770
26 317.0 60.032 135.770
26 318.0 60.152 135.770
26 319.0 60.271 135.770
26 320.0 60.391 135.770
26 321.0 60.511 135.770
26 322.0 60.630 135.770
26 323.0 60.750 135.770
26 324.0 60.869 135.770
26 325.0 60.989 135.770
26 326.0 61.109 135.770
26 327.0 61.228 135.770
26 328.0 61.348 135.770
26 329.0 61.468 135.770
26 330.0 61.587 135.770
26 331.0 61.707 135.770
26 332.0 61.826 135.770
26 333.0 61.946 135.770
26 334.0 62.066 135.770
26 335.0 62.185 135.770
26 336.0 62.305 135.770
26 337.0 62.425 135.770
26 338.0 62.544 135.770
26 339.0 62.664 135.770
26 340.0 62.783 135.770
26 341.0 62.903 135.770
26 342.0 63.023 135.770
26 343.0 63.142 135.770
26 344.0 63.262 135.770
26 345.0 63.382 135.770
26 346.0 63.501 135.770
26 347.0 63.621 135.770
26 348.0 63.740 135.770
26 349.0 63.860 135.770
26 350.0 63.980 135.770
26 351.0 64.099 135.770
26 352.0 64.219 135.770
26 353.0 64.339 135.770
26 354.0 64.458 135.770
26 355.0 64.578 135.770
26 356.0 64.697 135.770
26 357.0 64.817 135.770
26 358.0 64.937 135.770
26 359.0 65.056 135.770
26 360.0 65.176 135.770
26 361.0 65.296 135.770
26 362.0 65.415 135.770
26 363.0 65.535 135.770
26 364.0 65.655 135.770
26 365.0 65.774 135.770
26 366.0 65.894 135.770
26 367.0 66.013 135.770
26 368.0 66.133 135.770
26 369.0 66.253 135.770
26 370.0 66.372 135.770
26 371.0 66.492 135.770
26 372.0 66.612 135.770
26 373.0 66.731 135.770
26 374.0 66.851 135.770
26 375.0 66.970 135.770
26 376.0 67.090 135.770
26 377.0 67.210 135.770
26 378.0 67.329 135.770
26 379.0 67.449 135.770
26 380.0 67.569 135.770
26 381.0 67.688 135.770
26 382.0 67.808 135.770
26 383.0 67.927 135.770
26 384.0 68.047 135.770
26 385.0 68.167 135.770
26 386.0 68.286 135.770
26 387.0 68.406 135.770
26 388.0 68.526 135.770
26 389.0 68.645 135.770
26 390.0 68.765 135.770
26 391.0 68.884 135.770
26 392.0 69.004 135.770
26 393.0 69.124 135.770
26 394.0 69.243 135.770
26 395.0 69.363 135.770
26 396.0 69.483 135.770
26 397.0 69.602 135.770
26 398.0 69.722 135.770
26 399.0 69.841 135.770
26 400.0 69.961 135.770
26 401.0 70.081 135.770
26 402.0 70.200 135.770
26 403.0 70.320 135.770
26 404.0 70.440 135.770
26 405.0 70.559 135.770
26 406.0 70.679 135.770
26 407.0 70.799 135.770
26 408.0 70.918 135.770
26 409.0 71.038 135.770
26 410.0 71.157 135.770
26 411.0 71.277 135.770
26 412.0 71.397 135.770
26 413.0 71.516 135.770
26 414.0 71.636 135.770
26 415.0 71.756 135.770
26 416.0 71.875 135.770
26 417.0 71.995 135.770
26 418.0 72.114 135.770
26 419.0 72.234 135.770
26 420.0 72.354 135.770
26 421.0 72.473 135.770
26 422.0 72.593 135.770
26 423.0 72.713 135.770
26 424.0 72.832 135.770
26 425.0 72.952 135.770
26 426.0 73.071 135.770
26 427.0 73.191 135.770
26 428.0 73.311 135.770
26 429.0 73.430 135.770
26 430.0 73.550 135.770
26 431.0 73.670 135.770
26 432.0 73.789 135.770
26 433.0 73.909 135.770
26 434.0 74.028 135.770
26 435.0 74.148 135.770
26 436.0 74.268 135.770
26 437.0 74.387 135.770
26 438.0 74.507 135.770
26 439.0 74.627 135.770
26 440.0 74.746 135.770
26 441.0 74.866 135.770
26 442.0 74.985 135.770
26 443.0 75.105 135.770
26 444.0 75.225 135.770
26 445.0 75.344 135.770
26 446.0 75.464 135.770
26 447.0 75.584 135.770
26 448.0 75.703 135.770
26 449.0 75.823 135.770
26 450.0 75.942 135.770
26 451.0 76.062 135.770
26 452.0 76.182 135.770
26 453.0 76.301 135.770
26 454.0 76.421 135.770
26 455.0 76.541 135.770
26 456.0 76.660 135.770
26 457.0 76.780 135.770
26 458.0 76.900 135.770
26 459.0 77.019 135.770
26 460.0 77.139 135.770
26 461.0 77.258 135.770
26 462.0 77.378 135.770
26 463.0 77.498 135.770
26 464.0 77.617 135.770
26 465.0 77.737 135.770
26 466.0 77.857 135.770
26 467.0 77.976 135.770
26 468.0 78.096 135.770
26 469.0 78.215 135.770
26 470.0 78.335 135.770
26 471.0 78.455 135.770
26 472.0 78.574 135.770
26 473.0 78.694 135.770
26 474.0 78.814 135.770
26 475.0 78.933 135.770
26 476.0 79.053 135.770
26 477.0 79.172 135.770
26 478.0 79.292 135.770
26 479.0 79.412 135.770
26 480.0 79.531 135.770
26 481.0 79.651 135.770
26 482.0 79.771 135.770
26 483.0 79.890 135.770
26 484.0 80.010 135.770
26 485.0 80.129 135.770
26 486.0 80.249 135.770
26 487.0 80.369 135.770
26 488.0 80.488 135.770
26 489.0 80.608 135.770
26 490.0 80.728 135.770
26 491.0 80.847 135.770
26 492.0 80.967 135.770
26 493.0 81.086 135.770
26 494.0 81.206 135.770
26 495.0 81.326 135.770
26 496.0 81.445 135.770
26 497.0 81.565 135.770
26 498.0 81.685 135.770
26 499.0 81.804 135.770
26 500.0 81.924 135.770
26 501.0 82.044 135.770
26 502.0 82.163 135.770
26 503.0 82.283 135.770
26 504.0 82.402 135.770
26 505.0 82.522 135.770
26 506.0 82.642 135.770
26 507.0 82.761 135.770
26 508.0 82.881 135.770
26 509.0 83.001 135.770
26 510.0 83.120 135.770
26 511.0 83.240 135.770
26 512.0 83.359 135.770
26 513.0 83.479 135.770
26 514.0 83.599 135.770
26 515.0 83.718 135.770
26 516.0 83.838 135.770
26 517.0 83.958 135.770
26 518.0 84.077 135.770
26 519.0 84.197 135.770
26 520.0 84.316 135.770
26 521.0 84.436 135.770
26 522.0 84.556 135.770
26 523.0 84.675 135.770
26 524.0 84.795 135.770
26 525.0 84.915 135.770
26 526.0 85.034 135.770
26 527.0 85.154 135.770
26 528.0 85.273 135.770
26 529.0 85.393 135.770
26 530.0 85.513 135.770
26 531.0 85.632 135.770
26 532.0 85.752 135.770
26 533.0 85.872 135.770
26 534.0 85.991 135.770
26 535.0 86.111 135.770
26 536.0 86.230 135.770
26 537.0 86.350 135.770
26 538.0 86.470 135.770
26 539.0 86.589 135.770
26 540.0 86.709 135.770
26 541.0 86.829 135.770
26 542.0 86.948 135.770
26 543.0 87.068 135.770
26 544.0 87.188 135.770
26 545.0 87.307 135.770
26 546.0 87.427 135.770
26 547.0 87.546 135.770
26 548.0 87.666 135.770
26 549.0 87.786 135.770
26 550.0 87.905 135.770
26 551.0 88.025 135.770
26 552.0 88.145 135.770
26 553.0 88.264 135.770
26 554.0 88.384 135.770
26 555.0 88.503 135.770
26 556.0 88.623 135.770
26 557.0 88.743 135.770
26 558.0 88.862 135.770
26 559.0 88.982 135.770
26 560.0 89.102 135.770
26 561.0 89.221 135.770
26 562.0 89.341 135.770
26 563.0 89.460 135.770
26 564.0 89.580 135.770
26 565.0 89.700 135.770
26 566.0 89.819 135.770
26 567.0 89.939 135.770
26 568.0 90.059 135.770
26 569.0 90.178 135.770
26 570.0 90.298 135.770
26 571.0 90.417 135.770
26 572.0 90.537 135.770
26 573.0 90.657 135.770
26 574.0 90.776 135.770
26 575.0 90.896 135.770
26 576.0 91.016 135.770
26 577.0 91.135 135.770
26 578.0 91.255 135.770
26 579.0 91.374 135.770
26 580.0 91.494 135.770
26 581.0 91.614 135.770
26 582.0 91.733 135.770
26 583.0 91.853 135.770
26 584.0 91.973 135.770
26 585.0 92.092 135.770
26 586.0 92.212 135.770
26 587.0 92.332 135.770
26 588.0 92.451 135.770
26 589.0 92.571 135.770
26 590.0 92.690 135.770
26 591.0 92.810 135.770
26 592.0 92.930 135.770
26 593.0 93.049 135.770
26 594.0 93.169 135.770
26 595.0 93.289 135.770
26 596.0 93.408 135.770
26 597.0 93.528 135.770
26 598.0 93.647 135.770
26 599.0 93.767 135.770
26 600.0 93.887 135.770
26 601.0 94.006 135.770
26 602.0 94.126 135.770
26 603.0 94.246 135.770
26 604.0 94.365 135.770
26 605.0 94.485 135.770
26 606.0 94.604 135.770
26 607.0 94.724 135.770
26 608.0 94.844 135.770
26 609.0 94.963 135.770
26 610.0 95.083 135.770
26 611.0 95.203 135.770
26 612.0 95.322 135.770
26 613.0 95.442 135.770
26 614.0 95.561 135.770
26 615.0 95.681 135.770
26 616.0 95.801 135.770
26 617.0 95.920 135.770
26 618.0 96.040 135.770
26 619.0 96.160 135.770
26 620.0 96.279 135.770
26 621.0 96.399 135.770
26 622.0 96.518 135.770
26 623.0 96.638 135.770
26 624.0 96.758 135.770
26 625.0 96.877 135.770
26 626.0 96.997 135.770
26 627.0 97.117 135.770
26 628.0 97.236 135.770
26 629.0 97.356 135.770
26 630.0 97.475 135.770
26 631.0 97.595 135.770
26 632.0 97.715 135.770
26 633.0 97.834 135.770
26 634.0 97.954 135.770
26 635.0 98.074 135.770
26 636.0 98.193 135.770
26 637.0 98.313 135.770
26 638.0 98.433 135.770
26 639.0 98.552 135.770
26 640.0 98.672 135.770
26 641.0 98.791 135.770
26 642.0 98.911 135.770
26 643.0 99.031 135.770
26 644.0 99.150 135.770
26 645.0 99.270 135.770
26 646.0 99.390 135.770
26 647.0 99.509 135.770
26 648.0 99.629 135.770
26 649.0 99.748 135.770
26 650.0 99.868 135.770
26 651.0 99.988 135.770
26 652.0 100.107 135.770
26 653.0 100.227 135.770
26 654.0 100.347 135.770
26 655.0 100.466 135.770
26 656.0 100.586 135.770
26 657.0 100.705 135.770
26 658.0 100.825 135.770
26 659.0 100.945 135.770
26 660.0 101.064 135.770
26 661.0 101.184 135.770
26 662.0 101.304 135.770
26 663.0 101.423 135.770
26 664.0 101.543 135.770
26 665.0 101.662 135.770
26 666.0 101.782 135.770
26 667.0 101.902 135.770
26 668.0 102.021 135.770
26 669.0 102.141 135.770
26 670.0 102.261 135.770
26 671.0 102.380 135.770
26 672.0 102.500 135.770
26 673.0 102.619 135.770
26 674.0 102.739 135.770
26 675.0 102.859 135.770
26 676.0 102.978 135.770
26 677.0 103.098 135.770
26 678.0 103.218 135.770
26 679.0 103.337 135.770
26 680.0 103.457 135.770
26 681.0 103.577 135.770
26 682.0 103.696 135.770
26 683.0 103.816 135.770
26 684.0 103.935 135.770
26 685.0 104.055 135.770
26 686.0 104.175 135.770
26 687.0 104.294 135.770
26 688.0 104.414 135.770
26 689.0 104.534 135.770
26 690.0 104.653 135.770
26 691.0 104.773 135.770
26 692.0 104.892 135.770
26 693.0 105.012 135.770
26 694.0 105.132 135.770
26 695.0 105.251 135.770
26 696.0 105.371 135.770
26 697.0 105.491 135.770
26 698.0 105.610 135.770
26 699.0 105.730 135.770
26 700.0 105.849 135.770
26 701.0 105.969 135.770
26 702.0 106.089 135.770
26 703.0 106.208 135.770
26 704.0 106.328 135.770
26 705.0 106.448 135.770
26 706.0 106.567 135.770
26 707.0 106.687 135.770
26 708.0 106.806 135.770
26 709.0 106.926 135.770
26 710.0 107.046 135.770
26 711.0 107.165 135.770
26 712.0 107.285 135.770
26 713.0 107.405 135.770
26 714.0 107.524 135.770
26 715.0 107.644 135.770
26 716.0 107.763 135.770
26 717.0 107.883 135.770
26 718.0 108.003 135.770
26 719.0 108.122 135.770
26 720.0 108.242 135.770
26 721.0 108.362 135.770
26 722.0 108.481 135.770
26 723.0 108.601 135.770
26 724.0 108.721 135.770
26 725.0 108.840 135.770
26 726.0 108.960 135.770
26 727.0 109.079 135.770
26 728.0 109.199 135.770
26 729.0 109.319 135.770
26 730.0 109.438 135.770
26 731.0 109.558 135.770
26 732.0 109.678 135.770
26 733.0 109.797 135.770
26 734.0 109.917 135.770
26 735.0 110.036 135.770
26 736.0 110.156 135.770
26 737.0 110.276 135.770
26 738.0 110.395 135.770
26 739.0 110.515 135.770
26 740.0 110.635 135.770
26 741.0 110.754 135.770
26 742.0 110.874 135.770
26 743.0 110.993 135.770
26 744.0 111.113 135.770
26 745.0 111.233 135.770
26 746.0 111.352 135.770
26 747.0 111.472 135.770
26 748.0 111.592 135.770
26 749.0 111.711 135.770
26 750.0 111.831 135.770
26 751.0 111.950 135.770
26 752.0 112.070 135.770
26 753.0 112.190 135.770
26 754.0 112.309 135.770
26 755.0 112.429 135.770
26 756.0 112.549 135.770
26 757.0 112.668 135.770
26 758.0 112.788 135.770
26 759.0 112.907 135.770
26 760.0 113.027 135.770
26 761.0 113.147 135.770
26 762.0 113.266 135.770
26 763.0 113.386 135.770
26 764.0 113.506 135.770
26 765.0 113.625 135.770
26 766.0 113.745 135.770
26 767.0 113.865 135.770
26 768.0 113.984 135.770
26 769.0 114.104 135.770
26 770.0 114.223 135.770
26 771.0 114.343 135.770
26 772.0 114.463 135.770
26 773.0 114.582 135.770
26 774.0 114.702 135.770
26 775.0 114.822 135.770
26 776.0 114.941 135.770
26 777.0 115.061 135.770
26 778.0 115.180 135.770
26 779.0 115.300 135.770
26 780.0 115.420 135.770
26 781.0 115.539 135.770
26 782.0 115.659 135.770
26 783.0 115.779 135.770
26 784.0 115.898 135.770
26 785.0 116.018 135.770
26 786.0 116.137 135.770
26 787.0 116.257 135.770
26 788.0 116.377 135.770
26 789.0 116.496 135.770
26 790.0 116.616 135.770
26 791.0 116.736 135.770
26 792.0 116.855 135.770
26 793.0 116.975 135.770
26 794.0 117.094 135.770
26 795.0 117.214 135.770
26 796.0 117.334 135.770
26 797.0 117.453 135.770
26 798.0 117.573 135.770
26 799.0 117.693 135.770
26 800.0 117.812 135.770
26 801.0 117.932 135.770
26 802.0 118.051 135.770
26 803.0 118.171 135.770
26 804.0 118.291 135.770
26 805.0 118.410 135.770
26 806.0 118.530 135.770
26 807.0 118.650 135.770
26 808.0 118.769 135.770
26 809.0 118.889 135.770
26 810.0 119.008 135.770
26 811.0 119.128 135.770
26 812.0 119.248 135.770
26 813.0 119.367 135.770
26 814.0 119.487 135.770
26 815.0 119.607 135.770
26 816.0 119.726 135.770
26 817.0 119.846 135.770
26 818.0 119.966 135.770
26 819.0 120.085 135.770
26 820.0 120.205 135.770
26 821.0 120.324 135.770
26 822.0 120.444 135.770
26 823.0 120.564 135.770
26 824.0 120.683 135.770
26 825.0 120.803 135.770
26 826.0 120.923 135.770
26 827.0 121.042 135.770
26 828.0 121.162 135.770
26 829.0 121.281 135.770
26 830.0 121.401 135.770
26 831.0 121.521 135.770
26 832.0 121.640 135.770
26 833.0 121.760 135.770
26 834.0 121.880 135.770
26 835.0 121.999 135.770
26 836.0 122.119 135.770
26 837.0 122.238 135.770
26 838.0 122.358 135.770
26 839.0 122.478 135.770
26 840.0 122.597 135.770
26 841.0 122.717 135.770
26 842.0 122.837 135.770
26 843.0 122.956 135.770
26 844.0 123.076 135.770
26 845.0 123.195 135.770
26 846.0 123.315 135.770
26 847.0 123.435 135.770
26 848.0 123.554 135.770
26 849.0 123.674 135.770
26 850.0 123.794 135.770
26 851.0 123.913 135.770
26 852.0 124.033 135.770
26 853.0 124.152 135.770
26 854.0 124.272 135.770
26 855.0 124.392 135.770
26 856.0 124.511 135.770
26 857.0 124.631 135.770
26 858.0 124.751 135.770
26 859.0 124.870 135.770
26 860.0 124.990 135.770
26 861.0 125.110 135.770
26 862.0 125.229 135.770
26 863.0 125.349 135.770
26 864.0 125.468 135.770
26 865.0 125.588 135.770
26 866.0 125.708 135.770
26 867.0 125.827 135.770
26 868.0 125.947 135.770
26 869.0 126.067 135.770
26 870.0 126.186 135.770
26 871.0 126.306 135.770
26 872.0 126.425 135.770
26 873.0 126.545 135.770
26 874.0 126.665 135.770
26 875.0 126.784 135.770
26 876.0 126.904 135.770
26 877.0 127.024 135.770
26 878.0 127.143 135.770
26 879.0 127.263 135.770
26 880.0 127.382 135.770
26 881.0 127.502 135.770
26 882.0 127.622 135.770
26 883.0 127.741 135.770
26 884.0 127.861 135.770
26 885.0 127.981 135.770
26 886.0 128.100 135.770
26 887.0 128.220 135.770
26 888.0 128.339 135.770
26 889.0 128.459 135.770
26 890.0 128.579 135.770
26 891.0 128.698 135.770
26 892.0 128.818 135.770
26 893.0 128.938 135.770
26 894.0 129.057 135.770
26 895.0 129.177 135.770
26 896.0 129.296 135.770
26 897.0 129.416 135.770
26 898.0 129.536 135.770
26 899.0 129.655 135.770
26 900.0 129.775 135.770
26 901.0 129.895 135.770
26 902.0 130.014 135.770
26 903.0 130.134 135.770
26 904.0 130.254 135.770
26 905.0 130.373 135.770
26 906.0 130.493 135.770
26 907.0 130.612 135.770
26 908.0 130.732 135.770
26 909.0 130.852 135.770
26 910.0 130.971 135.770
26 911.0 131.091 135.770
26 912.0 131.211 135.770
26 913.0 131.330 135.770
26 914.0 131.450 135.770
26 915.0 131.569 135.770
26 916.0 131.689 135.770
26 917.0 131.809 135.770
26 918.0 131.928 135.770
26 919.0 132.048 135.770
26 920.0 132.168 135.770
26 921.0 132.287 135.770
26 922.0 132.407 135.770
26 923.0 132.526 135.770
26 924.0 132.646 135.770
26 925.0 132.766 135.770
26 926.0 132.885 135.770
26 927.0 133.005 135.770
26 928.0 133.125 135.770
26 929.0 133.244 135.770
26 930.0 133.364 135.770
26 931.0 133.483 135.770
26 932.0 133.603 135.770
26 933.0 133.723 135.770
26 934.0 133.842 135.770
26 935.0 133.962 135.770
26 936.0 134.082 135.770
26 937.0 134.201 135.770
26 938.0 134.321 135.770
26 939.0 134.440 135.770
26 940.0 134.560 135.770
26 941.0 134.680 135.770
26 942.0 134.799 135.770
26 943.0 134.919 135.770
26 944.0 135.039 135.770
26 945.0 135.158 135.770
26 946.0 135.278 135.770
26 947.0 135.398 135.770
26 948.0 135.517 135.770
26 949.0 135.637 135.770
26 950.0 135.756 135.770
26 951.0 135.876 135.770
26 952.0 135.996 135.770
26 953.0 136.115 135.770
26 954.0 136.235 135.770
26 955.0 136.355 135.770
26 956.0 136.474 135.770
26 957.0 136.594 135.770
26 958.0 136.713 135.770
26 959.0 136.833 135.770
26 960.0 136.953 135.770
26 961.0 137.072 135.770
26 962.0 137.192 135.770
26 963.0 137.312 135.770
26 964.0 137.431 135.770
26 965.0 137.551 135.770
26 966.0 137.670 135.770
26 967.0 137.790 135.770
26 968.0 137.910 135.770
26 969.0 138.029 135.770
26 970.0 138.149 135.770
26 971.0 138.269 135.770
26 972.0 138.388 135.770
26 973.0 138.508 135.770
26 974.0 138.627 135.770
26 975.0 138.747 135.770
26 976.0 138.867 135.770
26 977.0 138.986 135.770
26 978.0 139.106 135.770
26 979.0 139.226 135.770
26 980.0 139.345 135.770
26 981.0 139.465 135.770
26 982.0 139.584 135.770
26 983.0 139.704 135.770
26 984.0 139.824 135.770
26 985.0 139.943 135.770
26 986.0 140.063 135.770
26 987.0 140.183 135.770
26 988.0 140.302 135.770
26 989.0 140.422 135.770
26 990.0 140.541 135.770
26 991.0 140.661 135.770
26 992.0 140.781 135.770
26 993.0 140.900 135.770
26 994.0 141.020 135.770
26 995.0 141.140 135.770
26 996.0 141.259 135.770
26 997.0 141.379 135.770
26 998.0 141.499 135.770
26 999.0 141.618 135.770
26 1000.0 141.738 135.770
26 1001.0 141.857 135.770
26 1002.0 141.977 135.770
26 1003.0 142.097 135.770
26 1004.0 142.216 135.770
26 1005.0 142.336 135.770
26 1006.0 142.456 135.770
26 1007.0 142.575 135.770
26 1008.0 142.695 135.770
26 1009.0 142.814 135.770
26 1010.0 142.934 135.770
26 1011.0 143.054 135.770
26 1012.0 143.173 135.770
26 1013.0 143.293 135.770
26 1014.0 143.413 135.770
26 1015.0 143.532 135.770
26 1016.0 143.652 135.770
26 1017.0 143.771 135.770
26 1018.0 143.891 135.770
26 1019.0 144.011 135.770
26 1020.0 144.130 135.770
26 1021.0 144.250 135.770
26 1022.0 144.370 135.770
26 1023.0 144.489 135.770
26 1024.0 144.609 135.770
26 1025.0 144.728 135.770
26 1026.0 144.848 135.770
26 1027.0 144.968 135.770
26 1028.0 145.087 135.770
26 1029.0 145.207 135.770
26 1030.0 145.327 135.770
26 1031.0 145.446 135.770
26 1032.0 145.566 135.770
26 1033.0 145.685 135.770
26 1034.0 145.805 135.770
26 1035.0 145.925 135.770
26 1036.0 146.044 135.770
26 1037.0 146.164 135.770
26 1038.0 146.284 135.770
26 1039.0 146.403 135.770
26 1040.0 146.523 135.770
26 1041.0 146.643 135.770
26 1042.0 146.762 135.770
26 1043.0 146.882 135.770
26 1044.0 147.001 135.770
26 1045.0 147.121 135.770
26 1046.0 147.241 135.770
26 1047.0 147.360 135.770
26 1048.0 147.480 135.770
26 1049.0 147.600 135.770
26 1050.0 147.719 135.770
26 1051.0 147.839 135.770
26 1052.0 147.958 135.770
26 1053.0 148.078 135.770
26 1054.0 148.198 135.770
26 1055.0 148.317 135.770
26 1056.0 148.437 135.770
26 1057.0 148.557 135.770
26 1058.0 148.676 135.770
26 1059.0 148.796 135.770
26 1060.0 148.915 135.770
26 1061.0 149.035 135.770
26 1062.0 149.155 135.770
26 1063.0 149.274 135.770
26 1064.0 149.394 135.770
26 1065.0 149.514 135.770
26 1066.0 149.633 135.770
26 1067.0 149.753 135.770
26 1068.0 149.872 135.770
26 1069.0 149.992 135.770
26 1070.0 150.112 135.770
26 1071.0 150.231 135.770
26 1072.0 150.351 135.770
26 1073.0 150.471 135.770
26 1074.0 150.590 135.770
26 1075.0 150.710 135.770
26 1076.0 150.829 135.770
26 1077.0 150.949 135.770
26 1078.0 151.069 135.770
26 1079.0 151.188 135.770
26 1080.0 151.308 135.770
26 1081.0 151.428 135.770
26 1082.0 151.547 135.770
26 1083.0 151.667 135.770
26 1084.0 151.787 135.770
26 1085.0 151.906 135.770
26 1086.0 152.026 135.770
26 1087.0 152.145 135.770
26 1088.0 152.265 135.770
26 1089.0 152.385 135.770
26 1090.0 152.504 135.770
26 1091.0 152.624 135.770
26 1092.0 152.744 135.770
26 1093.0 152.863 135.770
26 1094.0 152.983 135.770
26 1095.0 153.102 135.770
26 1096.0 153.222 135.770
26 1097.0 153.342 135.770
26 1098.0 153.461 135.770
26 1099.0 153.581 135.770
26 1100.0 153.701 135.770
26 1101.0 153.820 135.770
26 1102.0 153.940 135.770
26 1103.0 154.059 135.770
26 1104.0 154.179 135.770
26 1105.0 154.299 135.770
26 1106.0 154.418 135.770
26 1107.0 154.538 135.770
26 1108.0 154.658 135.770
26 1109.0 154.777 135.770
26 1110.0 154.897 135.770
26 1111.0 155.016 135.770
26 1112.0 155.136 135.770
26 1113.0 155.256 135.770
26 1114.0 155.375 135.770
26 1115.0 155.495 135.770
26 1116.0 155.615 135.770
26 1117.0 155.734 135.770
26 1118.0 155.854 135.770
26 1119.0 155.973 135.770
26 1120.0 156.093 135.770
26 1121.0 156.213 135.770
26 1122.0 156.332 135.770
26 1123.0 156.452 135.770
26 1124.0 156.572 135.770
26 1125.0 156.691 135.770
26 1126.0 156.811 135.770
26 1127.0 156.931 135.770
26 1128.0 157.050 135.770
26 1129.0 157.170 135.770
26 1130.0 157.289 135.770
26 1131.0 157.409 135.770
26 1132.0 157.529 135.770
26 1133.0 157.648 135.770
26 1134.0 157.768 135.770
26 1135.0 157.888 135.770
26 1136.0 158.007 135.770
26 1137.0 158.127 135.770
26 1138.0 158.246 135.770
26 1139.0 158.366 135.770
26 1140.0 158.486 135.770
26 1141.0 158.605 135.770
26 1142.0 158.725 135.770
26 1143.0 158.845 135.770
26 1144.0 158.964 135.770
26 1145.0 159.084 135.770
26 1146.0 159.203 135.770
26 1147.0 159.323 135.770
26 1148.0 159.443 135.770
26 1149.0 159.562 135.770
26 1150.0 159.682 135.770
26 1151.0 159.802 135.770
26 1152.0 159.921 135.770
26 1153.0 160.041 135.770
26 1154.0 160.160 135.770
26 1155.0 160.280 135.770
26 1156.0 160.400 135.770
26 1157.0 160.519 135.770
26 1158.0 160.639 135.770
26 1159.0 160.759 135.770
26 1160.0 160.878 135.770
26 1161.0 160.998 135.770
26 1162.0 161.117 135.770
26 1163.0 161.237 135.770
26 1164.0 161.357 135.770
26 1165.0 161.476 135.770
26 1166.0 161.596 135.770
26 1167.0 161.716 135.770
26 1168.0 161.835 135.770
26 1169.0 161.955 135.770
26 1170.0 162.075 135.770
26 1171.0 162.194 135.770
26 1172.0 162.314 135.770
26 1173.0 162.433 135.770
26 1174.0 162.553 135.770
26 1175.0 162.673 135.770
26 1176.0 162.792 135.770
26 1177.0 162.912 135.770
26 1178.0 163.032 135.770
26 1179.0 163.151 135.770
26 1180.0 163.271 135.770
26 1181.0 163.390 135.770
26 1182.0 163.510 135.770
26 1183.0 163.630 135.770
26 1184.0 163.749 135.770
26 1185.0 163.869 135.770
26 1186.0 163.989 135.770
26 1187.0 164.108 135.770
26 1188.0 164.228 135.770
26 1189.0 164.347 135.770
26 1190.0 164.467 135.770
26 1191.0 164.587 135.770
26 1192.0 164.706 135.770
26 1193.0 164.826 135.770
26 1194.0 164.946 135.770
26 1195.0 165.065 135.770
26 1196.0 165.185 135.770
26 1197.0 165.304 135.770
26 1198.0 165.424 135.770
26 1199.0 165.544 135.770
26 1200.0 165.663 135.770
26 1201.0 165.783 135.770
26 1202.0 165.903 135.770
26 1203.0 166.022 135.770
26 1204.0 166.142 135.770
26 1205.0 166.261 135.770
26 1206.0 166.381 135.770
26 1207.0 166.501 135.770
26 1208.0 166.620 135.770
26 1209.0 166.740 135.770
26 1210.0 166.860 135.770
26 1211.0 166.979 135.770
26 1212.0 167.099 135.770
26 1213.0 167.218 135.770
26 1214.0 167.338 135.770
26 1215.0 167.458 135.770
26 1216.0 167.577 135.770
26 1217.0 167.697 135.770
26 1218.0 167.817 135.770
26 1219.0 167.936 135.770
26 1220.0 168.056 135.770
26 1221.0 168.176 135.770
26 1222.0 168.295 135.770
26 1223.0 168.415 135.770
26 1224.0 168.534 135.770
26 1225.0 168.654 135.770
26 1226.0 168.774 135.770
26 1227.0 168.893 135.770
26 1228.0 169.013 135.770
26 1229.0 169.133 135.770
26 1230.0 169.252 135.770
26 1231.0 169.372 135.770
26 1232.0 169.491 135.770
26 1233.0 169.611 135.770
26 1234.0 169.731 135.770
26 1235.0 169.850 135.770
26 1236.0 169.970 135.770
26 1237.0 170.090 135.770
26 1238.0 170.209 135.770
26 1239.0 170.329 135.770
26 1240.0 170.448 135.770
26 1241.0 170.568 135.770
26 1242.0 170.688 135.770
26 1243.0 170.807 135.770
26 1244.0 170.927 135.770
26 1245.0 171.047 135.770
26 1246.0 171.166 135.770
26 1247.0 171.286 135.770
26 1248.0 171.405 135.770
26 1249.0 171.525 135.770
26 1250.0 171.645 135.770
26 1251.0 171.764 135.770
26 1252.0 171.884 135.770
26 1253.0 172.004 135.770
26 1254.0 172.123 135.770
26 1255.0 172.243 135.770
26 1256.0 172.362 135.770
26 1257.0 172.482 135.770
26 1258.0 172.602 135.770
26 1259.0 172.721 135.770
26 1260.0 172.841 135.770
26 1261.0 172.961 135.770
26 1262.0 173.080 135.770
26 1263.0 173.200 135.770
26 1264.0 173.320 135.770
26 1265.0 173.439 135.770
26 1266.0 173.559 135.770
26 1267.0 173.678 135.770
26 1268.0 173.798 135.770
26 1269.0 173.918 135.770
26 1270.0 174.037 135.770
26 1271.0 174.157 135.770
26 1272.0 174.277 135.770
26 1273.0 174.396 135.770
26 1274.0 174.516 135.770
26 1275.0 174.635 135.770
26 1276.0 174.755 135.770
26 1277.0 174.875 135.770
26 1278.0 174.994 135.770
26 1279.0 175.114 135.770
26 1280.0 175.234 135.770
26 1281.0 175.353 135.770
26 1282.0 175.473 135.770
26 1283.0 175.592 135.770
26 1284.0 175.712 135.770
26 1285.0 175.832 135.770
26 1286.0 175.951 135.770
26 1287.0 176.071 135.770
26 1288.0 176.191 135.770
26 1289.0 176.310 135.770
26 1290.0 176.430 135.770
26 1291.0 176.549 135.770
26 1292.0 176.669 135.770
26 1293.0 176.789 135.770
26 1294.0 176.908 135.770
26 1295.0 177.028 135.770
26 1296.0 177.148 135.770
26 1297.0 177.267 135.770
26 1298.0 177.387 135.770
26 1299.0 177.506 135.770
26 1300.0 177.626 135.770
26 1301.0 177.746 135.770
26 1302.0 177.865 135.770
26 1303.0 177.985 135.770
26 1304.0 178.105 135.770
26 1305.0 178.224 135.770
26 1306.0 178.344 135.770
26 1307.0 178.464 135.770
26 1308.0 178.583 135.770
26 1309.0 178.703 135.770
26 1310.0 178.822 135.770
26 1311.0 178.942 135.770
26 1312.0 179.062 135.770
26 1313.0 179.181 135.770
26 1314.0 179.301 135.770
26 1315.0 179.421 135.770
26 1316.0 179.540 135.770
26 1317.0 179.660 135.770
26 1318.0 179.779 135.770
26 1319.0 179.899 135.770
26 1320.0 180.019 135.770
26 1321.0 180.138 135.770
26 1322.0 180.258 135.770
26 1323.0 180.378 135.770
26 1324.0 180.497 135.770
26 1325.0 180.617 135.770
26 1326.0 180.736 135.770
26 1327.0 180.856 135.770
26 1328.0 180.976 135.770
26 1329.0 181.095 135.770
26 1330.0 181.215 135.770
26 1331.0 181.335 135.770
26 1332.0 181.454 135.770
26 1333.0 181.574 135.770
26 1334.0 181.693 135.770
26 1335.0 181.813 135.770
26 1336.0 181.933 135.770
26 1337.0 182.052 135.770
26 1338.0 182.172 135.770
26 1339.0 182.292 135.770
26 1340.0 182.411 135.770
26 1341.0 182.531 135.770
26 1342.0 182.650 135.770
26 1343.0 182.770 135.770
26 1344.0 182.890 135.770
26 1345.0 183.009 135.770
26 1346.0 183.129 135.770
26 1347.0 183.249 135.770
26 1348.0 183.368 135.770
26 1349.0 183.488 135.770
26 1350.0 183.607 135.770
26 1351.0 183.727 135.770
26 1352.0 183.847 135.770
26 1353.0 183.966 135.770
26 1354.0 184.086 135.770
26 1355.0 184.206 135.770
26 1356.0 184.325 135.770
26 1357.0 184.445 135.770
26 1358.0 184.565 135.770
26 1359.0 184.684 135.770
26 1360.0 184.804 135.770
26 1361.0 184.923 135.770
26 1362.0 185.043 135.770
26 1363.0 185.163 135.770
26 1364.0 185.282 135.770
26 1365.0 185.402 135.770
26 1366.0 185.522 135.770
26 1367.0 185.641 135.770
26 1368.0 185.761 135.770
26 1369.0 185.880 135.770
26 1370.0 186.000 135.770
26 1371.0 186.120 135.770
26 1372.0 186.239 135.770
26 1373.0 186.359 135.770
26 1374.0 186.479 135.770
26 1375.0 186.598 135.770
26 1376.0 186.718 135.770
26 1377.0 186.837 135.770
26 1378.0 186.957 135.770
26 1379.0 187.077 135.770
26 1380.0 187.196 135.770
26 1381.0 187.316 135.770
26 1382.0 187.436 135.770
26 1383.0 187.555 135.770
26 1384.0 187.675 135.770
26 1385.0 187.794 135.770
26 1386.0 187.914 135.770
26 1387.0 188.034 135.770
26 1388.0 188.153 135.770
26 1389.0 188.273 135.770
26 1390.0 188.393 135.770
26 1391.0 188.512 135.770
26 1392.0 188.632 135.770
26 1393.0 188.751 135.770
26 1394.0 188.871 135.770
26 1395.0 188.991 135.770
26 1396.0 189.110 135.770
26 1397.0 189.230 135.770
26 1398.0 189.350 135.770
26 1399.0 189.469 135.770
26 1400.0 189.589 135.770
26 1401.0 189.709 135.770
26 1402.0 189.828 135.770
26 1403.0 189.948 135.770
26 1404.0 190.067 135.770
26 1405.0 190.187 135.770
26 1406.0 190.307 135.770
26 1407.0 190.426 135.770
26 1408.0 190.546 135.770
26 1409.0 190.666 135.770
26 1410.0 190.785 135.770
26 1411.0 190.905 135.770
26 1412.0 191.024 135.770
26 1413.0 191.144 135.770
26 1414.0 191.264 135.770
26 1415.0 191.383 135.770
26 1416.0 191.503 135.770
26 1417.0 191.623 135.770
26 1418.0 191.742 135.770
26 1419.0 191.862 135.770
26 1420.0 191.981 135.770
26 1421.0 192.101 135.770
26 1422.0 192.221 135.770
26 1423.0 192.340 135.770
26 1424.0 192.460 135.770
26 1425.0 192.580 135.770
26 1426.0 192.699 135.770
26 1427.0 192.819 135.770
26 1428.0 192.938 135.770
26 1429.0 193.058 135.770
26 1430.0 193.178 135.770
26 1431.0 193.297 135.770
26 1432.0 193.417 135.770
26 1433.0 193.537 135.770
26 1434.0 193.656 135.770
26 1435.0 193.776 135.770
26 1436.0 193.895 135.770
26 1437.0 194.015 135.770
26 1438.0 194.135 135.770
26 1439.0 194.254 135.770
26 1440.0 194.374 135.770
26 1441.0 194.494 135.770
26 1442.0 194.613 135.770
26 1443.0 194.733 135.770
26 1444.0 194.853 135.770
26 1445.0 194.972 135.770
26 1446.0 195.000 135.678
26 1447.0 195.000 135.559
26 1448.0 195.000 135.439
26 1449.0 195.000 135.319
26 1450.0 195.000 135.200
26 1451.0 195.000 135.080
26 1452.0 195.000 134.960
26 1453.0 195.000 134.841
26 1454.0 195.000 134.721
26 1455.0 195.000 134.602
26 1456.0 195.000 134.482
26 1457.0 195.000 134.362
26 1458.0 195.000 134.243
26 1459.0 195.000 134.123
26 1460.0 195.000 134.003
26 1461.0 195.000 133.884
26 1462.0 195.000 133.764
26 1463.0 195.000 133.645
26 1464.0 195.000 133.525
26 1465.0 195.000 133.405
26 1466.0 195.000 133.286
26 1467.0 195.000 133.166
26 1468.0 195.000 133.046
26 1469.0 195.000 132.927
26 1470.0 195.000 132.807
26 1471.0 195.000 132.688
26 1472.0 195.000 132.568
26 1473.0 195.000 132.448
26 1474.0 195.000 132.329
26 1475.0 195.000 132.209
26 1476.0 195.000 132.089
26 1477.0 195.000 131.970
26 1478.0 195.000 131.850
26 1479.0 195.000 131.731
26 1480.0 195.000 131.611
26 1481.0 195.000 131.491
26 1482.0 195.000 131.372
26 1483.0 195.000 131.252
26 1484.0 195.000 131.132
26 1485.0 195.000 131.013
26 1486.0 195.000 130.893
26 1487.0 195.000 130.773
26 1488.0 195.000 130.654
26 1489.0 195.000 130.534
26 1490.0 195.000 130.415
26 1491.0 195.000 130.295
26 1492.0 195.000 130.175
26 1493.0 195.000 130.056
26 1494.0 195.000 129.936
26 1495.0 195.000 129.816
26 1496.0 195.000 129.697
26 1497.0 195.000 129.577
26 1498.0 195.000 129.458
26 1499.0 195.000 129.338
26 1500.0 195.000 129.218
26 1501.0 195.000 129.099
26 1502.0 195.000 128.979
26 1503.0 195.000 128.859
26 1504.0 195.000 128.740
26 1505.0 195.000 128.620
26 1506.0 195.000 128.501
26 1507.0 195.000 128.381
26 1508.0 195.000 128.261
26 1509.0 195.000 128.142
26 1510.0 195.000 128.022
26 1511.0 195.000 127.902
26 1512.0 195.000 127.783
26 1513.0 195.000 127.663
26 1514.0 195.000 127.544
26 1515.0 195.000 127.424
26 1516.0 195.000 127.304
26 1517.0 195.000 127.185
26 1518.0 195.000 127.065
26 1519.0 195.000 126.945
26 1520.0 195.000 126.826
26 1521.0 195.000 126.706
26 1522.0 195.000 126.587
26 1523.0 195.000 126.467
26 1524.0 195.000 126.347
26 1525.0 195.000 126.228
26 1526.0 195.000 126.108
26 1527.0 195.000 125.988
26 1528.0 195.000 125.869
26 1529.0 195.000 125.749
26 1530.0 195.000 125.630
26 1531.0 195.000 125.510
26 1532.0 195.000 125.390
26 1533.0 195.000 125.271
26 1534.0 195.000 125.151
26 1535.0 195.000 125.031
26 1536.0 195.000 124.912
26 1537.0 195.000 124.792
26 1538.0 195.000 124.672
26 1539.0 195.000 124.553
26 1540.0 195.000 124.433
26 1541.0 195.000 124.314
26 1542.0 195.000 124.194
26 1543.0 195.000 124.074
26 1544.0 195.000 123.955
26 1545.0 195.000 123.835
26 1546.0 195.000 123.715
26 1547.0 195.000 123.596
26 1548.0 195.000 123.476
26 1549.0 195.000 123.357
26 1550.0 195.000 123.237
26 1551.0 195.000 123.117
26 1552.0 195.000 122.998
26 1553.0 195.000 122.878
26 1554.0 195.000 122.758
26 1555.0 195.000 122.639
26 1556.0 195.000 122.519
26 1557.0 195.000 122.400
26 1558.0 195.000 122.280
26 1559.0 195.000 122.160
26 1560.0 195.000 122.041
26 1561.0 195.000 121.921
26 1562.0 195.000 121.801
26 1563.0 195.000 121.682
26 1564.0 195.000 121.562
26 1565.0 195.000 121.443
26 1566.0 195.000 121.323
26 1567.0 195.000 121.203
26 1568.0 195.000 121.084
26 1569.0 195.000 120.964
26 1570.0 195.000 120.844
26 1571.0 195.000 120.725
26 1572.0 195.000 120.605
26 1573.0 195.000 120.486
26 1574.0 195.000 120.366
26 1575.0 195.000 120.246
26 1576.0 195.000 120.127
26 1577.0 195.000 120.007
26 1578.0 195.000 119.887
26 1579.0 195.000 119.768
26 1580.0 195.000 119.648
26 1581.0 195.000 119.528
26 1582.0 195.000 119.409
26 1583.0 195.000 119.289
26 1584.0 195.000 119.170
26 1585.0 195.000 119.050
26 1586.0 195.000 118.930
26 1587.0 195.000 118.811
26 1588.0 195.000 118.691
26 1589.0 195.000 118.571
26 1590.0 195.000 118.452
26 1591.0 195.000 118.332
26 1592.0 195.000 118.213
26 1593.0 195.000 118.093
26 1594.0 195.000 117.973
26 1595.0 195.000 117.854
26 1596.0 195.000 117.734
26 1597.0 195.000 117.614
26 1598.0 195.000 117.495
26 1599.0 195.000 117.375
26 1600.0 195.000 117.256
26 1601.0 195.000 117.136
26 1602.0 195.000 117.016
26 1603.0 195.000 116.897
26 1604.0 195.000 116.777
26 1605.0 195.000 116.657
26 1606.0 195.000 116.538
26 1607.0 195.000 116.418
26 1608.0 195.000 116.299
26 1609.0 195.000 116.179
26 1610.0 195.000 116.059
26 1611.0 195.000 115.940
26 1612.0 195.000 115.820
26 1613.0 195.000 115.700
26 1614.0 195.000 115.581
26 1615.0 195.000 115.461
26 1616.0 195.000 115.342
26 1617.0 195.000 115.222
26 1618.0 195.000 115.102
26 1619.0 195.000 114.983
26 1620.0 195.000 114.863
26 1621.0 195.000 114.743
26 1622.0 195.000 114.624
26 1623.0 195.000 114.504
26 1624.0 195.000 114.384
26 1625.0 195.000 114.265
26 1626.0 195.000 114.145
26 1627.0 195.000 114.026
26 1628.0 195.000 113.906
26 1629.0 195.000 113.786
26 1630.0 195.000 113.667
26 1631.0 195.000 113.547
26 1632.0 195.000 113.427
26 1633.0 195.000 113.308
26 1634.0 195.000 113.188
26 1635.0 195.000 113.069
26 1636.0 195.000 112.949
26 1637.0 195.000 112.829
26 1638.0 195.000 112.710
26 1639.0 195.000 112.590
26 1640.0 195.000 112.470
26 1641.0 195.000 112.351
26 1642.0 195.000 112.231
26 1643.0 195.000 112.112
26 1644.0 195.000 111.992
26 1645.0 195.000 111.872
26 1646.0 195.000 111.753
26 1647.0 195.000 111.633
26 1648.0 195.000 111.513
26 1649.0 195.000 111.394
26 1650.0 195.000 111.274
26 1651.0 195.000 111.155
26 1652.0 195.000 111.035
26 1653.0 195.000 110.915
26 1654.0 195.000 110.796
26 1655.0 195.000 110.676
26 1656.0 195.000 110.556
26 1657.0 195.000 110.437
26 1658.0 195.000 110.317
26 1659.0 195.000 110.198
26 1660.0 195.000 110.078
26 1661.0 195.000 109.958
26 1662.0 195.000 109.839
26 1663.0 195.000 109.719
26 1664.0 195.000 109.599
26 1665.0 195.000 109.480
26 1666.0 195.000 109.360
26 1667.0 195.000 109.240
26 1668.0 195.000 109.121
26 1669.0 195.000 109.001
26 1670.0 195.000 108.882
26 1671.0 195.000 108.762
26 1672.0 195.000 108.642
26 1673.0 195.000 108.523
26 1674.0 195.000 108.403
26 1675.0 195.000 108.283
26 1676.0 195.000 108.164
26 1677.0 195.000 108.044
26 1678.0 195.000 107.925
26 1679.0 195.000 107.805
26 1680.0 195.000 107.685
26 1681.0 195.000 107.566
26 1682.0 195.000 107.446
26 1683.0 195.000 107.326
26 1684.0 195.000 107.207
26 1685.0 195.000 107.087
26 1686.0 195.000 106.968
26 1687.0 195.000 106.848
26 1688.0 195.000 106.728
26 1689.0 195.000 106.609
26 1690.0 195.000 106.489
26 1691.0 195.000 106.369
26 1692.0 195.000 106.250
26 1693.0 195.000 106.130
26 1694.0 195.000 106.011
26 1695.0 195.000 105.891
26 1696.0 195.000 105.771
26 1697.0 195.000 105.652
26 1698.0 195.000 105.532
26 1699.0 195.000 105.412
26 1700.0 195.000 105.293
26 1701.0 195.000 105.173
26 1702.0 195.000 105.054
26 1703.0 195.000 104.934
26 1704.0 195.000 104.814
26 1705.0 195.000 104.695
26 1706.0 195.000 104.575
26 1707.0 195.000 104.455
26 1708.0 195.000 104.336
26 1709.0 195.000 104.216
26 1710.0 195.000 104.097
26 1711.0 195.000 103.977
26 1712.0 195.000 103.857
26 1713.0 195.000 103.738
26 1714.0 195.000 103.618
26 1715.0 195.000 103.498
26 1716.0 195.000 103.379
26 1717.0 195.000 103.259
26 1718.0 195.000 103.139
26 1719.0 195.000 103.020
26 1720.0 195.000 102.900
26 1721.0 195.000 102.781
26 1722.0 195.000 102.661
26 1723.0 195.000 102.541
26 1724.0 195.000 102.422
26 1725.0 195.000 102.302
26 1726.0 195.000 102.182
26 1727.0 195.000 102.063
26 1728.0 195.000 101.943
26 1729.0 195.000 101.824
26 1730.0 195.000 101.704
26 1731.0 195.000 101.584
26 1732.0 195.000 101.465
26 1733.0 195.000 101.345
26 1734.0 195.000 101.225
26 1735.0 195.000 101.106
26 1736.0 195.000 100.986
26 1737.0 195.000 100.867
26 1738.0 195.000 100.747
26 1739.0 195.000 100.627
26 1740.0 195.000 100.508
26 1741.0 195.000 100.388
26 1742.0 195.000 100.268
26 1743.0 195.000 100.149
26 1744.0 195.000 100.029
26 1745.0 195.000 99.910
26 1746.0 195.000 99.790
26 1747.0 195.000 99.670
26 1748.0 195.000 99.551
26 1749.0 195.000 99.431
26 1750.0 195.000 99.311
26 1751.0 195.000 99.192
26 1752.0 195.000 99.072
26 1753.0 195.000 98.953
26 1754.0 195.000 98.833
26 1755.0 195.000 98.713
26 1756.0 195.000 98.594
26 1757.0 195.000 98.474
26 1758.0 195.000 98.354
26 1759.0 195.000 98.235
26 1760.0 195.000 98.115
26 1761.0 195.000 97.995
26 1762.0 195.000 97.876
26 1763.0 195.000 97.756
26 1764.0 195.000 97.637
26 1765.0 195.000 97.517
26 1766.0 195.000 97.397
26 1767.0 195.000 97.278
26 1768.0 195.000 97.158
26 1769.0 195.000 97.038
26 1770.0 195.000 96.919
26 1771.0 195.000 96.799
26 1772.0 195.000 96.680
26 1773.0 195.000 96.560
26 1774.0 195.000 96.440
26 1775.0 195.000 96.321
26 1776.0 195.000 96.201
26 1777.0 195.000 96.081
26 1778.0 195.000 95.962
26 1779.0 195.000 95.842
26 1780.0 195.000 95.723
26 1781.0 195.000 95.603
26 1782.0 195.000 95.483
26 1783.0 195.000 95.364
26 1784.0 195.000 95.244
26 1785.0 195.000 95.124
26 1786.0 195.000 95.005
26 1787.0 195.000 94.885
26 1788.0 195.000 94.766
26 1789.0 195.000 94.646
26 1790.0 195.000 94.526
26 1791.0 195.000 94.407
26 1792.0 195.000 94.287
26 1793.0 195.000 94.167
26 1794.0 195.000 94.048
26 1795.0 195.000 93.928
26 1796.0 195.000 93.809
26 1797.0 195.000 93.689
26 1798.0 195.000 93.569
26 1799.0 195.000 93.450
26 1800.0 195.000 93.330
26 1801.0 195.000 93.210
26 1802.0 195.000 93.091
26 1803.0 195.000 92.971
26 1804.0 195.000 92.851
26 1805.0 195.000 92.732
26 1806.0 195.000 92.612
26 1807.0 195.000 92.493
26 1808.0 195.000 92.373
26 1809.0 195.000 92.253
26 1810.0 195.000 92.134
26 1811.0 195.000 92.014
26 1812.0 195.000 91.894
26 1813.0 195.000 91.775
26 1814.0 195.000 91.655
26 1815.0 195.000 91.536
26 1816.0 195.000 91.416
26 1817.0 195.000 91.296
26 1818.0 195.000 91.177
26 1819.0 195.000 91.057
26 1820.0 195.000 90.937
26 1821.0 195.000 90.818
26 1822.0 195.000 90.698
26 1823.0 195.000 90.579
26 1824.0 195.000 90.459
26 1825.0 195.000 90.339
26 1826.0 195.000 90.220
26 1827.0 195.000 90.100
26 1828.0 195.000 89.980
26 1829.0 195.000 89.861
26 1830.0 195.000 89.741
26 1831.0 195.000 89.622
26 1832.0 195.000 89.502
26 1833.0 195.000 89.382
26 1834.0 195.000 89.263
26 1835.0 195.000 89.143
26 1836.0 195.000 89.023
26 1837.0 195.000 88.904
26 1838.0 195.000 88.784
26 1839.0 195.000 88.665
26 1840.0 195.000 88.545
26 1841.0 195.000 88.425
26 1842.0 195.000 88.306
26 1843.0 195.000 88.186
26 1844.0 195.000 88.066
26 1845.0 195.000 87.947
26 1846.0 195.000 87.827
26 1847.0 195.000 87.707
26 1848.0 195.000 87.588
26 1849.0 195.000 87.468
26 1850.0 195.000 87.349
26 1851.0 195.000 87.229
26 1852.0 195.000 87.109
26 1853.0 195.000 86.990
26 1854.0 195.000 86.870
26 1855.0 195.000 86.750
26 1856.0 195.000 86.631
26 1857.0 195.000 86.511
26 1858.0 195.000 86.392
26 1859.0 195.000 86.272
26 1860.0 195.000 86.152
26 1861.0 195.000 86.033
26 1862.0 195.000 85.913
26 1863.0 195.000 85.793
26 1864.0 195.000 85.674
26 1865.0 195.000 85.554
26 1866.0 195.000 85.435
26 1867.0 195.000 85.315
26 1868.0 195.000 85.195
26 1869.0 195.000 85.076
26 1870.0 195.000 84.956
26 1871.0 195.000 84.836
26 1872.0 195.000 84.717
26 1873.0 195.000 84.597
26 1874.0 195.000 84.478
26 1875.0 195.000 84.358
26 1876.0 195.000 84.238
26 1877.0 195.000 84.119
26 1878.0 195.000 83.999
26 1879.0 195.000 83.879
26 1880.0 195.000 83.760
26 1881.0 195.000 83.640
26 1882.0 195.000 83.521
26 1883.0 195.000 83.401
26 1884.0 195.000 83.281
26 1885.0 195.000 83.162
26 1886.0 195.000 83.042
26 1887.0 195.000 82.922
26 1888.0 195.000 82.803
26 1889.0 195.000 82.683
26 1890.0 195.000 82.564
26 1891.0 195.000 82.444
26 1892.0 195.000 82.324
26 1893.0 195.000 82.205
26 1894.0 195.000 82.085
26 1895.0 195.000 81.965
26 1896.0 195.000 81.846
26 1897.0 195.000 81.726
26 1898.0 195.000 81.606
26 1899.0 195.000 81.487
26 1900.0 195.000 81.367
26 1901.0 195.000 81.248
26 1902.0 195.000 81.128
26 1903.0 195.000 81.008
26 1904.0 195.000 80.889
26 1905.0 195.000 80.769
26 1906.0 195.000 80.649
26 1907.0 195.000 80.530
26 1908.0 195.000 80.410
26 1909.0 195.000 80.291
26 1910.0 195.000 80.171
26 1911.0 195.000 80.051
26 1912.0 195.000 79.932
26 1913.0 195.000 79.812
26 1914.0 195.000 79.692
26 1915.0 195.000 79.573
26 1916.0 195.000 79.453
26 1917.0 195.000 79.334
26 1918.0 195.000 79.214
26 1919.0 195.000 79.094
26 1920.0 195.000 78.975
26 1921.0 195.000 78.855
26 1922.0 195.000 78.735
26 1923.0 195.000 78.616
26 1924.0 195.000 78.496
26 1925.0 195.000 78.377
26 1926.0 195.000 78.257
26 1927.0 195.000 78.137
26 1928.0 195.000 78.018
26 1929.0 195.000 77.898
26 1930.0 195.000 77.778
26 1931.0 195.000 77.659
26 1932.0 195.000 77.539
26 1933.0 195.000 77.420
26 1934.0 195.000 77.300
26 1935.0 195.000 77.180
26 1936.0 195.000 77.061
26 1937.0 195.000 76.941
26 1938.0 195.000 76.821
26 1939.0 195.000 76.702
26 1940.0 195.000 76.582
26 1941.0 195.000 76.462
26 1942.0 195.000 76.343
26 1943.0 195.000 76.223
26 1944.0 195.000 76.104
26 1945.0 195.000 75.984
26 1946.0 195.000 75.864
26 1947.0 195.000 75.745
26 1948.0 195.000 75.625
26 1949.0 195.000 75.505
26 1950.0 195.000 75.386
26 1951.0 195.000 75.266
26 1952.0 195.000 75.147
26 1953.0 195.000 75.027
26 1954.0 195.000 74.907
26 1955.0 195.000 74.788
26 1956.0 195.000 74.668
26 1957.0 195.000 74.548
26 1958.0 195.000 74.429
26 1959.0 195.000 74.309
26 1960.0 195.000 74.190
26 1961.0 195.000 74.070
26 1962.0 195.000 73.950
26 1963.0 195.000 73.831
26 1964.0 195.000 73.711
26 1965.0 195.000 73.591
26 1966.0 195.000 73.472
26 1967.0 195.000 73.352
26 1968.0 195.000 73.233
26 1969.0 195.000 73.113
26 1970.0 195.000 72.993
26 1971.0 195.000 72.874
26 1972.0 195.000 72.754
26 1973.0 195.000 72.634
26 1974.0 195.000 72.515
26 1975.0 195.000 72.395
26 1976.0 195.000 72.276
26 1977.0 195.000 72.156
26 1978.0 195.000 72.036
26 1979.0 195.000 71.917
26 1980.0 195.000 71.797
26 1981.0 195.000 71.677
26 1982.0 195.000 71.558
26 1983.0 195.000 71.438
26 1984.0 195.000 71.318
26 1985.0 195.000 71.199
26 1986.0 195.000 71.079
26 1987.0 195.000 70.960
26 1988.0 195.000 70.840
26 1989.0 195.000 70.720
26 1990.0 195.000 70.601
26 1991.0 195.000 70.481
26 1992.0 195.000 70.361
26 1993.0 195.000 70.242
26 1994.0 195.000 70.122
26 1995.0 195.000 70.003
26 1996.0 195.000 69.883
26 1997.0 195.000 69.763
26 1998.0 195.000 69.644
26 1999.0 195.000 69.524
26 2000.0 195.000 69.404
26 2001.0 195.000 69.285
26 2002.0 195.000 69.165
26 2003.0 195.000 69.046
26 2004.0 195.000 68.926
26 2005.0 195.000 68.806
26 2006.0 195.000 68.687
26 2007.0 195.000 68.567
26 2008.0 195.000 68.447
26 2009.0 195.000 68.328
26 2010.0 195.000 68.208
26 2011.0 195.000 68.089
26 2012.0 194.969 68.000
26 2013.0 194.849 68.000
26 2014.0 194.730 68.000
26 2015.0 194.610 68.000
26 2016.0 194.490 68.000
26 2017.0 194.371 68.000
26 2018.0 194.251 68.000
26 2019.0 194.132 68.000
26 2020.0 194.012 68.000
26 2021.0 193.892 68.000
26 2022.0 193.773 68.000
26 2023.0 193.653 68.000
26 2024.0 193.533 68.000
26 2025.0 193.414 68.000
26 2026.0 193.294 68.000
26 2027.0 193.174 68.000
26 2028.0 193.055 68.000
26 2029.0 192.935 68.000
26 2030.0 192.816 68.000
26 2031.0 192.696 68.000
26 2032.0 192.576 68.000
26 2033.0 192.457 68.000
26 2034.0 192.337 68.000
26 2035.0 192.217 68.000
26 2036.0 192.098 68.000
26 2037.0 191.978 68.000
26 2038.0 191.859 68.000
26 2039.0 191.739 68.000
26 2040.0 191.619 68.000
26 2041.0 191.500 68.000
26 2042.0 191.380 68.000
26 2043.0 191.260 68.000
26 2044.0 191.141 68.000
26 2045.0 191.021 68.000
26 2046.0 190.902 68.000
26 2047.0 190.782 68.000
26 2048.0 190.662 68.000
26 2049.0 190.543 68.000
26 2050.0 190.423 68.000
26 2051.0 190.303 68.000
26 2052.0 190.184 68.000
26 2053.0 190.064 68.000
26 2054.0 189.945 68.000
26 2055.0 189.825 68.000
26 2056.0 189.705 68.000
26 2057.0 189.586 68.000
26 2058.0 189.466 68.000
26 2059.0 189.346 68.000
26 2060.0 189.227 68.000
26 2061.0 189.107 68.000
26 2062.0 188.988 68.000
26 2063.0 188.868 68.000
26 2064.0 188.748 68.000
26 2065.0 188.629 68.000
26 2066.0 188.509 68.000
26 2067.0 188.389 68.000
26 2068.0 188.270 68.000
26 2069.0 188.150 68.000
26 2070.0 188.031 68.000
26 2071.0 187.911 68.000
26 2072.0 187.791 68.000
26 2073.0 187.672 68.000
26 2074.0 187.552 68.000
26 2075.0 187.432 68.000
26 2076.0 187.313 68.000
26 2077.0 187.193 68.000
26 2078.0 187.073 68.000
26 2079.0 186.954 68.000
26 2080.0 186.834 68.000
26 2081.0 186.715 68.000
26 2082.0 186.595 68.000
26 2083.0 186.475 68.000
26 2084.0 186.356 68.000
26 2085.0 186.236 68.000
26 2086.0 186.116 68.000
26 2087.0 185.997 68.000
26 2088.0 185.877 68.000
26 2089.0 185.758 68.000
26 2090.0 185.638 68.000
26 2091.0 185.518 68.000
26 2092.0 185.399 68.000
26 2093.0 185.279 68.000
26 2094.0 185.159 68.000
26 2095.0 185.040 68.000
26 2096.0 184.920 68.000
26 2097.0 184.801 68.000
26 2098.0 184.681 68.000
26 2099.0 184.561 68.000
26 2100.0 184.442 68.000
26 2101.0 184.322 68.000
26 2102.0 184.202 68.000
26 2103.0 184.083 68.000
26 2104.0 183.963 68.000
26 2105.0 183.844 68.000
26 2106.0 183.724 68.000
26 2107.0 183.604 68.000
26 2108.0 183.485 68.000
26 2109.0 183.365 68.000
26 2110.0 183.245 68.000
26 2111.0 183.126 68.000
26 2112.0 183.006 68.000
26 2113.0 182.887 68.000
26 2114.0 182.767 68.000
26 2115.0 182.647 68.000
26 2116.0 182.528 68.000
26 2117.0 182.408 68.000
26 2118.0 182.288 68.000
26 2119.0 182.169 68.000
26 2120.0 182.049 68.000
26 2121.0 181.929 68.000
26 2122.0 181.810 68.000
26 2123.0 181.690 68.000
26 2124.0 181.571 68.000
26 2125.0 181.451 68.000
26 2126.0 181.331 68.000
26 2127.0 181.212 68.000
26 2128.0 181.092 68.000
26 2129.0 180.972 68.000
26 2130.0 180.853 68.000
26 2131.0 180.733 68.000
26 2132.0 180.614 68.000
26 2133.0 180.494 68.000
26 2134.0 180.374 68.000
26 2135.0 180.255 68.000
26 2136.0 180.135 68.000
26 2137.0 180.015 68.000
26 2138.0 179.896 68.000
26 2139.0 179.776 68.000
26 2140.0 179.657 68.000
26 2141.0 179.537 68.000
26 2142.0 179.417 68.000
26 2143.0 179.298 68.000
26 2144.0 179.178 68.000
26 2145.0 179.058 68.000
26 2146.0 178.939 68.000
26 2147.0 178.819 68.000
26 2148.0 178.700 68.000
26 2149.0 178.580 68.000
26 2150.0 178.460 68.000
26 2151.0 178.341 68.000
26 2152.0 178.221 68.000
26 2153.0 178.101 68.000
26 2154.0 177.982 68.000
26 2155.0 177.862 68.000
26 2156.0 177.743 68.000
26 2157.0 177.623 68.000
26 2158.0 177.503 68.000
26 2159.0 177.384 68.000
26 2160.0 177.264 68.000
26 2161.0 177.144 68.000
26 2162.0 177.025 68.000
26 2163.0 176.905 68.000
26 2164.0 176.785 68.000
26 2165.0 176.666 68.000
26 2166.0 176.546 68.000
26 2167.0 176.427 68.000
26 2168.0 176.307 68.000
26 2169.0 176.187 68.000
26 2170.0 176.068 68.000
26 2171.0 175.948 68.000
26 2172.0 175.828 68.000
26 2173.0 175.709 68.000
26 2174.0 175.589 68.000
26 2175.0 175.470 68.000
26 2176.0 175.350 68.000
26 2177.0 175.230 68.000
26 2178.0 175.111 68.000
26 2179.0 174.991 68.000
26 2180.0 174.871 68.000
26 2181.0 174.752 68.000
26 2182.0 174.632 68.000
26 2183.0 174.513 68.000
26 2184.0 174.393 68.000
26 2185.0 174.273 68.000
26 2186.0 174.154 68.000
26 2187.0 174.034 68.000
26 2188.0 173.914 68.000
26 2189.0 173.795 68.000
26 2190.0 173.675 68.000
26 2191.0 173.556 68.000
26 2192.0 173.436 68.000
26 2193.0 173.316 68.000
26 2194.0 173.197 68.000
26 2195.0 173.077 68.000
26 2196.0 172.957 68.000
26 2197.0 172.838 68.000
26 2198.0 172.718 68.000
26 2199.0 172.599 68.000
26 2200.0 172.479 68.000
26 2201.0 172.359 68.000
26 2202.0 172.240 68.000
26 2203.0 172.120 68.000
26 2204.0 172.000 68.000
26 2205.0 171.881 68.000
26 2206.0 171.761 68.000
26 2207.0 171.641 68.000
26 2208.0 171.522 68.000
26 2209.0 171.402 68.000
26 2210.0 171.283 68.000
26 2211.0 171.163 68.000
26 2212.0 171.043 68.000
26 2213.0 170.924 68.000
26 2214.0 170.804 68.000
26 2215.0 170.684 68.000
26 2216.0 170.565 68.000
26 2217.0 170.445 68.000
26 2218.0 170.326 68.000
26 2219.0 170.206 68.000
26 2220.0 170.086 68.000
26 2221.0 169.967 68.000
26 2222.0 169.847 68.000
26 2223.0 169.727 68.000
26 2224.0 169.608 68.000
26 2225.0 169.488 68.000
26 2226.0 169.369 68.000
26 2227.0 169.249 68.000
26 2228.0 169.129 68.000
26 2229.0 169.010 68.000
26 2230.0 168.890 68.000
26 2231.0 168.770 68.000
26 2232.0 168.651 68.000
26 2233.0 168.531 68.000
26 2234.0 168.412 68.000
26 2235.0 168.292 68.000
26 2236.0 168.172 68.000
26 2237.0 168.053 68.000
26 2238.0 167.933 68.000
26 2239.0 167.813 68.000
26 2240.0 167.694 68.000
26 2241.0 167.574 68.000
26 2242.0 167.455 68.000
26 2243.0 167.335 68.000
26 2244.0 167.215 68.000
26 2245.0 167.096 68.000
26 2246.0 166.976 68.000
26 2247.0 166.856 68.000
26 2248.0 166.737 68.000
26 2249.0 166.617 68.000
26 2250.0 166.498 68.000
26 2251.0 166.378 68.000
26 2252.0 166.258 68.000
26 2253.0 166.139 68.000
26 2254.0 166.019 68.000
26 2255.0 165.899 68.000
26 2256.0 165.780 68.000
26 2257.0 165.660 68.000
26 2258.0 165.540 68.000
26 2259.0 165.421 68.000
26 2260.0 165.301 68.000
26 2261.0 165.182 68.000
26 2262.0 165.062 68.000
26 2263.0 164.942 68.000
26 2264.0 164.823 68.000
26 2265.0 164.703 68.000
26 2266.0 164.583 68.000
26 2267.0 164.464 68.000
26 2268.0 164.344 68.000
26 2269.0 164.225 68.000
26 2270.0 164.105 68.000
26 2271.0 163.985 68.000
26 2272.0 163.866 68.000
26 2273.0 163.746 68.000
26 2274.0 163.626 68.000
26 2275.0 163.507 68.000
26 2276.0 163.387 68.000
26 2277.0 163.268 68.000
26 2278.0 163.148 68.000
26 2279.0 163.028 68.000
26 2280.0 162.909 68.000
26 2281.0 162.789 68.000
26 2282.0 162.669 68.000
26 2283.0 162.550 68.000
26 2284.0 162.430 68.000
26 2285.0 162.311 68.000
26 2286.0 162.191 68.000
26 2287.0 162.071 68.000
26 2288.0 161.952 68.000
26 2289.0 161.832 68.000
26 2290.0 161.712 68.000
26 2291.0 161.593 68.000
26 2292.0 161.473 68.000
26 2293.0 161.354 68.000
26 2294.0 161.234 68.000
26 2295.0 161.114 68.000
26 2296.0 160.995 68.000
26 2297.0 160.875 68.000
26 2298.0 160.755 68.000
26 2299.0 160.636 68.000
26 2300.0 160.516 68.000
26 2301.0 160.396 68.000
26 2302.0 160.277 68.000
26 2303.0 160.157 68.000
26 2304.0 160.038 68.000
26 2305.0 159.918 68.000
26 2306.0 159.798 68.000
26 2307.0 159.679 68.000
26 2308.0 159.559 68.000
26 2309.0 159.439 68.000
26 2310.0 159.320 68.000
26 2311.0 159.200 68.000
26 2312.0 159.081 68.000
26 2313.0 158.961 68.000
26 2314.0 158.841 68.000
26 2315.0 158.722 68.000
26 2316.0 158.602 68.000
26 2317.0 158.482 68.000
26 2318.0 158.363 68.000
26 2319.0 158.243 68.000
26 2320.0 158.124 68.000
26 2321.0 158.004 68.000
26 2322.0 157.884 68.000
26 2323.0 157.765 68.000
26 2324.0 157.645 68.000
26 2325.0 157.525 68.000
26 2326.0 157.406 68.000
26 2327.0 157.286 68.000
26 2328.0 157.167 68.000
26 2329.0 157.047 68.000
26 2330.0 156.927 68.000
26 2331.0 156.808 68.000
26 2332.0 156.688 68.000
26 2333.0 156.568 68.000
26 2334.0 156.449 68.000
26 2335.0 156.329 68.000
26 2336.0 156.210 68.000
26 2337.0 156.090 68.000
26 2338.0 155.970 68.000
26 2339.0 155.851 68.000
26 2340.0 155.731 68.000
26 2341.0 155.611 68.000
26 2342.0 155.492 68.000
26 2343.0 155.372 68.000
26 2344.0 155.252 68.000
26 2345.0 155.133 68.000
26 2346.0 155.013 68.000
26 2347.0 154.894 68.000
26 2348.0 154.774 68.000
26 2349.0 154.654 68.000
26 2350.0 154.535 68.000
26 2351.0 154.415 68.000
26 2352.0 154.295 68.000
26 2353.0 154.176 68.000
26 2354.0 154.056 68.000
26 2355.0 153.937 68.000
26 2356.0 153.817 68.000
26 2357.0 153.697 68.000
26 2358.0 153.578 68.000
26 2359.0 153.458 68.000
26 2360.0 153.338 68.000
26 2361.0 153.219 68.000
26 2362.0 153.099 68.000
26 2363.0 152.980 68.000
26 2364.0 152.860 68.000
26 2365.0 152.740 68.000
26 2366.0 152.621 68.000
26 2367.0 152.501 68.000
26 2368.0 152.381 68.000
26 2369.0 152.262 68.000
26 2370.0 152.142 68.000
26 2371.0 152.023 68.000
26 2372.0 151.903 68.000
26 2373.0 151.783 68.000
26 2374.0 151.664 68.000
26 2375.0 151.544 68.000
26 2376.0 151.424 68.000
26 2377.0 151.305 68.000
26 2378.0 151.185 68.000
26 2379.0 151.066 68.000
26 2380.0 150.946 68.000
26 2381.0 150.826 68.000
26 2382.0 150.707 68.000
26 2383.0 150.587 68.000
26 2384.0 150.467 68.000
26 2385.0 150.348 68.000
26 2386.0 150.228 68.000
26 2387.0 150.108 68.000
26 2388.0 149.989 68.000
26 2389.0 149.869 68.000
26 2390.0 149.750 68.000
26 2391.0 149.630 68.000
26 2392.0 149.510 68.000
26 2393.0 149.391 68.000
26 2394.0 149.271 68.000
26 2395.0 149.151 68.000
26 2396.0 149.032 68.000
26 2397.0 148.912 68.000
26 2398.0 148.793 68.000
26 2399.0 148.673 68.000
26 2400.0 148.553 68.000
26 2401.0 148.434 68.000
26 2402.0 148.314 68.000
26 2403.0 148.194 68.000
26 2404.0 148.075 68.000
26 2405.0 147.955 68.000
26 2406.0 147.836 68.000
26 2407.0 147.716 68.000
26 2408.0 147.596 68.000
26 2409.0 147.477 68.000
26 2410.0 147.357 68.000
26 2411.0 147.237 68.000
26 2412.0 147.118 68.000
26 2413.0 146.998 68.000
26 2414.0 146.879 68.000
26 2415.0 146.759 68.000
26 2416.0 146.639 68.000
26 2417.0 146.520 68.000
26 2418.0 146.400 68.000
26 2419.0 146.280 68.000
26 2420.0 146.161 68.000
26 2421.0 146.041 68.000
26 2422.0 145.922 68.000
26 2423.0 145.802 68.000
26 2424.0 145.682 68.000
26 2425.0 145.563 68.000
26 2426.0 145.443 68.000
26 2427.0 145.323 68.000
26 2428.0 145.204 68.000
26 2429.0 145.084 68.000
26 2430.0 144.964 68.000
26 2431.0 144.845 68.000
26 2432.0 144.725 68.000
26 2433.0 144.606 68.000
26 2434.0 144.486 68.000
26 2435.0 144.366 68.000
26 2436.0 144.247 68.000
26 2437.0 144.127 68.000
26 2438.0 144.007 68.000
26 2439.0 143.888 68.000
26 2440.0 143.768 68.000
26 2441.0 143.649 68.000
26 2442.0 143.529 68.000
26 2443.0 143.409 68.000
26 2444.0 143.290 68.000
26 2445.0 143.170 68.000
26 2446.0 143.050 68.000
26 2447.0 142.931 68.000
26 2448.0 142.811 68.000
26 2449.0 142.692 68.000
26 2450.0 142.572 68.000
26 2451.0 142.452 68.000
26 2452.0 142.333 68.000
26 2453.0 142.213 68.000
26 2454.0 142.093 68.000
26 2455.0 141.974 68.000
26 2456.0 141.854 68.000
26 2457.0 141.735 68.000
26 2458.0 141.615 68.000
26 2459.0 141.495 68.000
26 2460.0 141.376 68.000
26 2461.0 141.256 68.000
26 2462.0 141.136 68.000
26 2463.0 141.017 68.000
26 2464.0 140.897 68.000
26 2465.0 140.778 68.000
26 2466.0 140.658 68.000
26 2467.0 140.538 68.000
26 2468.0 140.419 68.000
26 2469.0 140.299 68.000
26 2470.0 140.179 68.000
26 2471.0 140.060 68.000
26 2472.0 139.940 68.000
26 2473.0 139.821 68.000
26 2474.0 139.701 68.000
26 2475.0 139.581 68.000
26 2476.0 139.462 68.000
26 2477.0 139.342 68.000
26 2478.0 139.222 68.000
26 2479.0 139.103 68.000
26 2480.0 138.983 68.000
26 2481.0 138.863 68.000
26 2482.0 138.744 68.000
26 2483.0 138.624 68.000
26 2484.0 138.505 68.000
26 2485.0 138.385 68.000
26 2486.0 138.265 68.000
26 2487.0 138.146 68.000
26 2488.0 138.026 68.000
26 2489.0 137.906 68.000
26 2490.0 137.787 68.000
26 2491.0 137.667 68.000
26 2492.0 137.548 68.000
26 2493.0 137.428 68.000
26 2494.0 137.308 68.000
26 2495.0 137.189 68.000
26 2496.0 137.069 68.000
26 2497.0 136.949 68.000
26 2498.0 136.830 68.000
26 2499.0 136.710 68.000
26 2500.0 136.591 68.000
26 2501.0 136.471 68.000
26 2502.0 136.351 68.000
26 2503.0 136.232 68.000
26 2504.0 136.112 68.000
26 2505.0 135.992 68.000
26 2506.0 135.873 68.000
26 2507.0 135.753 68.000
26 2508.0 135.634 68.000
26 2509.0 135.514 68.000
26 2510.0 135.394 68.000
26 2511.0 135.275 68.000
26 2512.0 135.155 68.000
26 2513.0 135.035 68.000
26 2514.0 134.916 68.000
26 2515.0 134.796 68.000
26 2516.0 134.677 68.000
26 2517.0 134.557 68.000
26 2518.0 134.437 68.000
26 2519.0 134.318 68.000
26 2520.0 134.198 68.000
26 2521.0 134.078 68.000
26 2522.0 133.959 68.000
26 2523.0 133.839 68.000
26 2524.0 133.719 68.000
26 2525.0 133.600 68.000
26 2526.0 133.480 68.000
26 2527.0 133.361 68.000
26 2528.0 133.241 68.000
26 2529.0 133.121 68.000
26 2530.0 133.002 68.000
26 2531.0 132.882 68.000
26 2532.0 132.762 68.000
26 2533.0 132.643 68.000
26 2534.0 132.523 68.000
26 2535.0 132.404 68.000
26 2536.0 132.284 68.000
26 2537.0 132.164 68.000
26 2538.0 132.045 68.000
26 2539.0 131.925 68.000
26 2540.0 131.805 68.000
26 2541.0 131.686 68.000
26 2542.0 131.566 68.000
26 2543.0 131.447 68.000
26 2544.0 131.327 68.000
26 2545.0 131.207 68.000
26 2546.0 131.088 68.000
26 2547.0 130.968 68.000
26 2548.0 130.848 68.000
26 2549.0 130.729 68.000
26 2550.0 130.609 68.000
26 2551.0 130.490 68.000
26 2552.0 130.370 68.000
26 2553.0 130.250 68.000
26 2554.0 130.131 68.000
26 2555.0 130.011 68.000
26 2556.0 129.891 68.000
26 2557.0 129.772 68.000
26 2558.0 129.652 68.000
26 2559.0 129.533 68.000
26 2560.0 129.413 68.000
26 2561.0 129.293 68.000
26 2562.0 129.174 68.000
26 2563.0 129.054 68.000
26 2564.0 128.934 68.000
26 2565.0 128.815 68.000
26 2566.0 128.695 68.000
26 2567.0 128.575 68.000
26 2568.0 128.456 68.000
26 2569.0 128.336 68.000
26 2570.0 128.217 68.000
26 2571.0 128.097 68.000
26 2572.0 127.977 68.000
26 2573.0 127.858 68.000
26 2574.0 127.738 68.000
26 2575.0 127.618 68.000
26 2576.0 127.499 68.000
26 2577.0 127.379 68.000
26 2578.0 127.260 68.000
26 2579.0 127.140 68.000
26 2580.0 127.020 68.000
26 2581.0 126.901 68.000
26 2582.0 126.781 68.000
26 2583.0 126.661 68.000
26 2584.0 126.542 68.000
26 2585.0 126.422 68.000
26 2586.0 126.303 68.000
26 2587.0 126.183 68.000
26 2588.0 126.063 68.000
26 2589.0 125.944 68.000
26 2590.0 125.824 68.000
26 2591.0 125.704 68.000
26 2592.0 125.585 68.000
26 2593.0 125.465 68.000
26 2594.0 125.346 68.000
26 2595.0 125.226 68.000
26 2596.0 125.106 68.000
26 2597.0 124.987 68.000
26 2598.0 124.867 68.000
26 2599.0 124.747 68.000
26 2600.0 124.628 68.000
26 2601.0 124.508 68.000
26 2602.0 124.389 68.000
26 2603.0 124.269 68.000
26 2604.0 124.149 68.000
26 2605.0 124.030 68.000
26 2606.0 123.910 68.000
26 2607.0 123.790 68.000
26 2608.0 123.671 68.000
26 2609.0 123.551 68.000
26 2610.0 123.432 68.000
26 2611.0 123.312 68.000
26 2612.0 123.192 68.000
26 2613.0 123.073 68.000
26 2614.0 122.953 68.000
26 2615.0 122.833 68.000
26 2616.0 122.714 68.000
26 2617.0 122.594 68.000
26 2618.0 122.474 68.000
26 2619.0 122.355 68.000
26 2620.0 122.235 68.000
26 2621.0 122.116 68.000
26 2622.0 121.996 68.000
26 2623.0 121.876 68.000
26 2624.0 121.757 68.000
26 2625.0 121.637 68.000
26 2626.0 121.517 68.000
26 2627.0 121.398 68.000
26 2628.0 121.278 68.000
26 2629.0 121.159 68.000
26 2630.0 121.039 68.000
26 2631.0 120.919 68.000
26 2632.0 120.800 68.000
26 2633.0 120.680 68.000
26 2634.0 120.560 68.000
26 2635.0 120.441 68.000
26 2636.0 120.321 68.000
26 2637.0 120.202 68.000
26 2638.0 120.082 68.000
26 2639.0 119.962 68.000
26 2640.0 119.843 68.000
26 2641.0 119.723 68.000
26 2642.0 119.603 68.000
26 2643.0 119.484 68.000
26 2644.0 119.364 68.000
26 2645.0 119.245 68.000
26 2646.0 119.125 68.000
26 2647.0 119.005 68.000
26 2648.0 118.886 68.000
26 2649.0 118.766 68.000
26 2650.0 118.646 68.000
26 2651.0 118.527 68.000
26 2652.0 118.407 68.000
26 2653.0 118.288 68.000
26 2654.0 118.168 68.000
26 2655.0 118.048 68.000
26 2656.0 117.929 68.000
26 2657.0 117.809 68.000
26 2658.0 117.689 68.000
26 2659.0 117.570 68.000
26 2660.0 117.450 68.000
26 2661.0 117.330 68.000
26 2662.0 117.211 68.000
26 2663.0 117.091 68.000
26 2664.0 116.972 68.000
26 2665.0 116.852 68.000
26 2666.0 116.732 68.000
26 2667.0 116.613 68.000
26 2668.0 116.493 68.000
26 2669.0 116.373 68.000
26 2670.0 116.254 68.000
26 2671.0 116.134 68.000
26 2672.0 116.015 68.000
26 2673.0 115.895 68.000
26 2674.0 115.775 68.000
26 2675.0 115.656 68.000
26 2676.0 115.536 68.000
26 2677.0 115.416 68.000
26 2678.0 115.297 68.000
26 2679.0 115.177 68.000
26 2680.0 115.058 68.000
26 2681.0 114.938 68.000
26 2682.0 114.818 68.000
26 2683.0 114.699 68.000
26 2684.0 114.579 68.000
26 2685.0 114.459 68.000
26 2686.0 114.340 68.000
26 2687.0 114.220 68.000
26 2688.0 114.101 68.000
26 2689.0 113.981 68.000
26 2690.0 113.861 68.000
26 2691.0 113.742 68.000
26 2692.0 113.622 68.000
26 2693.0 113.502 68.000
26 2694.0 113.383 68.000
26 2695.0 113.263 68.000
26 2696.0 113.144 68.000
26 2697.0 113.024 68.000
26 2698.0 112.904 68.000
26 2699.0 112.785 68.000
26 2700.0 112.665 68.000
26 2701.0 112.545 68.000
26 2702.0 112.426 68.000
26 2703.0 112.306 68.000
26 2704.0 112.186 68.000
26 2705.0 112.067 68.000
26 2706.0 111.947 68.000
26 2707.0 111.828 68.000
26 2708.0 111.708 68.000
26 2709.0 111.588 68.000
26 2710.0 111.469 68.000
26 2711.0 111.349 68.000
26 2712.0 111.229 68.000
26 2713.0 111.110 68.000
26 2714.0 110.990 68.000
26 2715.0 110.871 68.000
26 2716.0 110.751 68.000
26 2717.0 110.631 68.000
26 2718.0 110.512 68.000
26 2719.0 110.392 68.000
26 2720.0 110.272 68.000
26 2721.0 110.153 68.000
26 2722.0 110.033 68.000
26 2723.0 109.914 68.000
26 2724.0 109.794 68.000
26 2725.0 109.674 68.000
26 2726.0 109.555 68.000
26 2727.0 109.435 68.000
26 2728.0 109.315 68.000
26 2729.0 109.196 68.000
26 2730.0 109.076 68.000
26 2731.0 108.957 68.000
26 2732.0 108.837 68.000
26 2733.0 108.717 68.000
26 2734.0 108.598 68.000
26 2735.0 108.478 68.000
26 2736.0 108.358 68.000
26 2737.0 108.239 68.000
26 2738.0 108.119 68.000
26 2739.0 108.000 68.000
26 2740.0 107.880 68.000
26 2741.0 107.760 68.000
26 2742.0 107.641 68.000
26 2743.0 107.521 68.000
26 2744.0 107.401 68.000
26 2745.0 107.282 68.000
26 2746.0 107.162 68.000
26 2747.0 107.042 68.000
26 2748.0 106.923 68.000
26 2749.0 106.803 68.000
26 2750.0 106.684 68.000
26 2751.0 106.564 68.000
26 2752.0 106.444 68.000
26 2753.0 106.325 68.000
26 2754.0 106.205 68.000
26 2755.0 106.085 68.000
26 2756.0 105.966 68.000
26 2757.0 105.846 68.000
26 2758.0 105.727 68.000
26 2759.0 105.607 68.000
26 2760.0 105.487 68.000
26 2761.0 105.368 68.000
26 2762.0 105.248 68.000
26 2763.0 105.128 68.000
26 2764.0 105.009 68.000
26 2765.0 104.889 68.000
26 2766.0 104.770 68.000
26 2767.0 104.650 68.000
26 2768.0 104.530 68.000
26 2769.0 104.411 68.000
26 2770.0 104.291 68.000
26 2771.0 104.171 68.000
26 2772.0 104.052 68.000
26 2773.0 103.932 68.000
26 2774.0 103.813 68.000
26 2775.0 103.693 68.000
26 2776.0 103.573 68.000
26 2777.0 103.454 68.000
26 2778.0 103.334 68.000
26 2779.0 103.214 68.000
26 2780.0 103.095 68.000
26 2781.0 102.975 68.000
26 2782.0 102.856 68.000
26 2783.0 102.736 68.000
26 2784.0 102.616 68.000
26 2785.0 102.497 68.000
26 2786.0 102.377 68.000
26 2787.0 102.257 68.000
26 2788.0 102.138 68.000
26 2789.0 102.018 68.000
26 2790.0 101.899 68.000
26 2791.0 101.779 68.000
26 2792.0 101.659 68.000
26 2793.0 101.540 68.000
26 2794.0 101.420 68.000
26 2795.0 101.300 68.000
26 2796.0 101.181 68.000
26 2797.0 101.061 68.000
26 2798.0 100.941 68.000
26 2799.0 100.822 68.000
26 2800.0 100.702 68.000
26 2801.0 100.583 68.000
26 2802.0 100.463 68.000
26 2803.0 100.343 68.000
26 2804.0 100.224 68.000
26 2805.0 100.104 68.000
26 2806.0 99.984 68.000
26 2807.0 99.865 68.000
26 2808.0 99.745 68.000
26 2809.0 99.626 68.000
26 2810.0 99.506 68.000
26 2811.0 99.386 68.000
26 2812.0 99.267 68.000
26 2813.0 99.147 68.000
26 2814.0 99.027 68.000
26 2815.0 98.908 68.000
26 2816.0 98.788 68.000
26 2817.0 98.669 68.000
26 2818.0 98.549 68.000
26 2819.0 98.429 68.000
26 2820.0 98.310 68.000
26 2821.0 98.190 68.000
26 2822.0 98.070 68.000
26 2823.0 97.951 68.000
26 2824.0 97.831 68.000
26 2825.0 97.712 68.000
26 2826.0 97.592 68.000
26 2827.0 97.472 68.000
26 2828.0 97.353 68.000
26 2829.0 97.233 68.000
26 2830.0 97.113 68.000
26 2831.0 96.994 68.000
26 2832.0 96.874 68.000
26 2833.0 96.755 68.000
26 2834.0 96.635 68.000
26 2835.0 96.515 68.000
26 2836.0 96.396 68.000
26 2837.0 96.276 68.000
26 2838.0 96.156 68.000
26 2839.0 96.037 68.000
26 2840.0 95.917 68.000
26 2841.0 95.797 68.000
26 2842.0 95.678 68.000
26 2843.0 95.558 68.000
26 2844.0 95.439 68.000
26 2845.0 95.319 68.000
26 2846.0 95.199 68.000
26 2847.0 95.080 68.000
26 2848.0 94.960 68.000
26 2849.0 94.840 68.000
26 2850.0 94.721 68.000
26 2851.0 94.601 68.000
26 2852.0 94.482 68.000
26 2853.0 94.362 68.000
26 2854.0 94.242 68.000
26 2855.0 94.123 68.000
26 2856.0 94.003 68.000
26 2857.0 93.883 68.000
26 2858.0 93.764 68.000
26 2859.0 93.644 68.000
26 2860.0 93.525 68.000
26 2861.0 93.405 68.000
26 2862.0 93.285 68.000
26 2863.0 93.166 68.000
26 2864.0 93.046 68.000
26 2865.0 92.926 68.000
26 2866.0 92.807 68.000
26 2867.0 92.687 68.000
26 2868.0 92.568 68.000
26 2869.0 92.448 68.000
26 2870.0 92.328 68.000
26 2871.0 92.209 68.000
26 2872.0 92.089 68.000
26 2873.0 91.969 68.000
26 2874.0 91.850 68.000
26 2875.0 91.730 68.000
26 2876.0 91.611 68.000
26 2877.0 91.491 68.000
26 2878.0 91.371 68.000
26 2879.0 91.252 68.000
26 2880.0 91.132 68.000
26 2881.0 91.012 68.000
26 2882.0 90.893 68.000
26 2883.0 90.773 68.000
26 2884.0 90.653 68.000
26 2885.0 90.534 68.000
26 2886.0 90.414 68.000
26 2887.0 90.295 68.000
26 2888.0 90.175 68.000
26 2889.0 90.055 68.000
26 2890.0 89.936 68.000
26 2891.0 89.816 68.000
26 2892.0 89.696 68.000
26 2893.0 89.577 68.000
26 2894.0 89.457 68.000
26 2895.0 89.338 68.000
26 2896.0 89.218 68.000
26 2897.0 89.098 68.000
26 2898.0 88.979 68.000
26 2899.0 88.859 68.000
26 2900.0 88.739 68.000
26 2901.0 88.620 68.000
26 2902.0 88.500 68.000
26 2903.0 88.381 68.000
26 2904.0 88.261 68.000
26 2905.0 88.141 68.000
26 2906.0 88.022 68.000
26 2907.0 87.902 68.000
26 2908.0 87.782 68.000
26 2909.0 87.663 68.000
26 2910.0 87.543 68.000
26 2911.0 87.424 68.000
26 2912.0 87.304 68.000
26 2913.0 87.184 68.000
26 2914.0 87.065 68.000
26 2915.0 86.945 68.000
26 2916.0 86.825 68.000
26 2917.0 86.706 68.000
26 2918.0 86.586 68.000
26 2919.0 86.467 68.000
26 2920.0 86.347 68.000
26 2921.0 86.227 68.000
26 2922.0 86.108 68.000
26 2923.0 85.988 68.000
26 2924.0 85.868 68.000
26 2925.0 85.749 68.000
26 2926.0 85.629 68.000
26 2927.0 85.509 68.000
26 2928.0 85.390 68.000
26 2929.0 85.270 68.000
26 2930.0 85.151 68.000
26 2931.0 85.031 68.000
26 2932.0 84.911 68.000
26 2933.0 84.792 68.000
26 2934.0 84.672 68.000
26 2935.0 84.552 68.000
26 2936.0 84.433 68.000
26 2937.0 84.313 68.000
26 2938.0 84.194 68.000
26 2939.0 84.074 68.000
26 2940.0 83.954 68.000
26 2941.0 83.835 68.000
26 2942.0 83.715 68.000
26 2943.0 83.595 68.000
26 2944.0 83.476 68.000
26 2945.0 83.356 68.000
26 2946.0 83.237 68.000
26 2947.0 83.117 68.000
26 2948.0 82.997 68.000
26 2949.0 82.878 68.000
26 2950.0 82.758 68.000
26 2951.0 82.638 68.000
26 2952.0 82.519 68.000
26 2953.0 82.399 68.000
26 2954.0 82.280 68.000
26 2955.0 82.160 68.000
26 2956.0 82.040 68.000
26 2957.0 81.921 68.000
26 2958.0 81.801 68.000
26 2959.0 81.681 68.000
26 2960.0 81.562 68.000
26 2961.0 81.442 68.000
26 2962.0 81.323 68.000
26 2963.0 81.203 68.000
26 2964.0 81.083 68.000
26 2965.0 80.964 68.000
26 2966.0 80.844 68.000
26 2967.0 80.724 68.000
26 2968.0 80.605 68.000
26 2969.0 80.485 68.000
26 2970.0 80.366 68.000
26 2971.0 80.246 68.000
26 2972.0 80.126 68.000
26 2973.0 80.007 68.000
26 2974.0 79.887 68.000
26 2975.0 79.767 68.000
26 2976.0 79.648 68.000
26 2977.0 79.528 68.000
26 2978.0 79.408 68.000
26 2979.0 79.289 68.000
26 2980.0 79.169 68.000
26 2981.0 79.050 68.000
26 2982.0 78.930 68.000
26 2983.0 78.810 68.000
26 2984.0 78.691 68.000
26 2985.0 78.571 68.000
26 2986.0 78.451 68.000
26 2987.0 78.332 68.000
26 2988.0 78.212 68.000
26 2989.0 78.093 68.000
26 2990.0 77.973 68.000
26 2991.0 77.853 68.000
26 2992.0 77.734 68.000
26 2993.0 77.614 68.000
26 2994.0 77.494 68.000
26 2995.0 77.375 68.000
26 2996.0 77.255 68.000
26 2997.0 77.136 68.000
26 2998.0 77.016 68.000
26 2999.0 76.896 68.000
26 3000.0 76.777 68.000
26 3001.0 76.657 68.000
26 3002.0 76.537 68.000
26 3003.0 76.418 68.000
26 3004.0 76.298 68.000
26 3005.0 76.179 68.000
26 3006.0 76.059 68.000
26 3007.0 75.939 68.000
26 3008.0 75.820 68.000
26 3009.0 75.700 68.000
26 3010.0 75.580 68.000
26 3011.0 75.461 68.000
26 3012.0 75.341 68.000
26 3013.0 75.222 68.000
26 3014.0 75.102 68.000
26 3015.0 74.982 68.000
26 3016.0 74.863 68.000
26 3017.0 74.743 68.000
26 3018.0 74.623 68.000
26 3019.0 74.504 68.000
26 3020.0 74.384 68.000
26 3021.0 74.264 68.000
26 3022.0 74.145 68.000
26 3023.0 74.025 68.000
26 3024.0 73.906 68.000
26 3025.0 73.786 68.000
26 3026.0 73.666 68.000
26 3027.0 73.547 68.000
26 3028.0 73.427 68.000
26 3029.0 73.307 68.000
26 3030.0 73.188 68.000
26 3031.0 73.068 68.000
26 3032.0 72.949 68.000
26 3033.0 72.829 68.000
26 3034.0 72.709 68.000
26 3035.0 72.590 68.000
26 3036.0 72.470 68.000
26 3037.0 72.350 68.000
26 3038.0 72.231 68.000
26 3039.0 72.111 68.000
26 3040.0 71.992 68.000
26 3041.0 71.872 68.000
26 3042.0 71.752 68.000
26 3043.0 71.633 68.000
26 3044.0 71.513 68.000
26 3045.0 71.393 68.000
26 3046.0 71.274 68.000
26 3047.0 71.154 68.000
26 3048.0 71.035 68.000
26 3049.0 70.915 68.000
26 3050.0 70.795 68.000
26 3051.0 70.676 68.000
26 3052.0 70.556 68.000
26 3053.0 70.436 68.000
26 3054.0 70.317 68.000
26 3055.0 70.197 68.000
26 3056.0 70.078 68.000
26 3057.0 69.958 68.000
26 3058.0 69.838 68.000
26 3059.0 69.719 68.000
26 3060.0 69.599 68.000
26 3061.0 69.479 68.000
26 3062.0 69.360 68.000
26 3063.0 69.240 68.000
26 3064.0 69.120 68.000
26 3065.0 69.001 68.000
26 3066.0 68.881 68.000
26 3067.0 68.762 68.000
26 3068.0 68.642 68.000
26 3069.0 68.522 68.000
26 3070.0 68.403 68.000
26 3071.0 68.283 68.000
26 3072.0 68.163 68.000
26 3073.0 68.044 68.000
26 3074.0 67.924 68.000
26 3075.0 67.805 68.000
26 3076.0 67.685 68.000
26 3077.0 67.565 68.000
26 3078.0 67.446 68.000
26 3079.0 67.326 68.000
26 3080.0 67.206 68.000
26 3081.0 67.087 68.000
26 3082.0 66.967 68.000
26 3083.0 66.848 68.000
26 3084.0 66.728 68.000
26 3085.0 66.608 68.000
26 3086.0 66.489 68.000
26 3087.0 66.369 68.000
26 3088.0 66.249 68.000
26 3089.0 66.130 68.000
26 3090.0 66.010 68.000
26 3091.0 65.891 68.000
26 3092.0 65.771 68.000
26 3093.0 65.651 68.000
26 3094.0 65.532 68.000
26 3095.0 65.412 68.000
26 3096.0 65.292 68.000
26 3097.0 65.173 68.000
26 3098.0 65.053 68.000
26 3099.0 64.934 68.000
26 3100.0 64.814 68.000
26 3101.0 64.694 68.000
26 3102.0 64.575 68.000
26 3103.0 64.455 68.000
26 3104.0 64.335 68.000
26 3105.0 64.216 68.000
26 3106.0 64.096 68.000
26 3107.0 63.976 68.000
26 3108.0 63.857 68.000
26 3109.0 63.737 68.000
26 3110.0 63.618 68.000
26 3111.0 63.498 68.000
26 3112.0 63.378 68.000
26 3113.0 63.259 68.000
26 3114.0 63.139 68.000
26 3115.0 63.019 68.000
26 3116.0 62.900 68.000
26 3117.0 62.780 68.000
26 3118.0 62.661 68.000
26 3119.0 62.541 68.000
26 3120.0 62.421 68.000
26 3121.0 62.302 68.000
26 3122.0 62.182 68.000
26 3123.0 62.062 68.000
26 3124.0 61.943 68.000
26 3125.0 61.823 68.000
26 3126.0 61.704 68.000
26 3127.0 61.584 68.000
26 3128.0 61.464 68.000
26 3129.0 61.345 68.000
26 3130.0 61.225 68.000
26 3131.0 61.105 68.000
26 3132.0 60.986 68.000
26 3133.0 60.866 68.000
26 3134.0 60.747 68.000
26 3135.0 60.627 68.000
26 3136.0 60.507 68.000
26 3137.0 60.388 68.000
26 3138.0 60.268 68.000
26 3139.0 60.148 68.000
26 3140.0 60.029 68.000
26 3141.0 59.909 68.000
26 3142.0 59.790 68.000
26 3143.0 59.670 68.000
26 3144.0 59.550 68.000
26 3145.0 59.431 68.000
26 3146.0 59.311 68.000
26 3147.0 59.191 68.000
26 3148.0 59.072 68.000
26 3149.0 58.952 68.000
26 3150.0 58.833 68.000
26 3151.0 58.713 68.000
26 3152.0 58.593 68.000
26 3153.0 58.474 68.000
26 3154.0 58.354 68.000
26 3155.0 58.234 68.000
26 3156.0 58.115 68.000
26 3157.0 57.995 68.000
26 3158.0 57.875 68.000
26 3159.0 57.756 68.000
26 3160.0 57.636 68.000
26 3161.0 57.517 68.000
26 3162.0 57.397 68.000
26 3163.0 57.277 68.000
26 3164.0 57.158 68.000
26 3165.0 57.038 68.000
26 3166.0 56.918 68.000
26 3167.0 56.799 68.000
26 3168.0 56.679 68.000
26 3169.0 56.560 68.000
26 3170.0 56.440 68.000
26 3171.0 56.320 68.000
26 3172.0 56.201 68.000
26 3173.0 56.081 68.000
26 3174.0 55.961 68.000
26 3175.0 55.842 68.000
26 3176.0 55.722 68.000
26 3177.0 55.603 68.000
26 3178.0 55.483 68.000
26 3179.0 55.363 68.000
26 3180.0 55.244 68.000
26 3181.0 55.124 68.000
26 3182.0 55.004 68.000
26 3183.0 54.885 68.000
26 3184.0 54.765 68.000
26 3185.0 54.646 68.000
26 3186.0 54.526 68.000
26 3187.0 54.406 68.000
26 3188.0 54.287 68.000
26 3189.0 54.167 68.000
26 3190.0 54.047 68.000
26 3191.0 53.928 68.000
26 3192.0 53.808 68.000
26 3193.0 53.689 68.000
26 3194.0 53.569 68.000
26 3195.0 53.449 68.000
26 3196.0 53.330 68.000
26 3197.0 53.210 68.000
26 3198.0 53.090 68.000
26 3199.0 52.971 68.000
26 3200.0 52.851 68.000
26 3201.0 52.731 68.000
26 3202.0 52.612 68.000
26 3203.0 52.492 68.000
26 3204.0 52.373 68.000
26 3205.0 52.253 68.000
26 3206.0 52.133 68.000
26 3207.0 52.014 68.000
26 3208.0 51.894 68.000
26 3209.0 51.774 68.000
26 3210.0 51.655 68.000
26 3211.0 51.535 68.000
26 3212.0 51.416 68.000
26 3213.0 51.296 68.000
26 3214.0 51.176 68.000
26 3215.0 51.057 68.000
26 3216.0 50.937 68.000
26 3217.0 50.817 68.000
26 3218.0 50.698 68.000
26 3219.0 50.578 68.000
26 3220.0 50.459 68.000
26 3221.0 50.339 68.000
26 3222.0 50.219 68.000
26 3223.0 50.100 68.000
26 3224.0 49.980 68.000
26 3225.0 49.860 68.000
26 3226.0 49.741 68.000
26 3227.0 49.621 68.000
26 3228.0 49.502 68.000
26 3229.0 49.382 68.000
26 3230.0 49.262 68.000
26 3231.0 49.143 68.000
26 3232.0 49.023 68.000
26 3233.0 48.903 68.000
26 3234.0 48.784 68.000
26 3235.0 48.664 68.000
26 3236.0 48.545 68.000
26 3237.0 48.425 68.000
26 3238.0 48.305 68.000
26 3239.0 48.186 68.000
26 3240.0 48.066 68.000
26 3241.0 47.946 68.000
26 3242.0 47.827 68.000
26 3243.0 47.707 68.000
26 3244.0 47.587 68.000
26 3245.0 47.468 68.000
26 3246.0 47.348 68.000
26 3247.0 47.229 68.000
26 3248.0 47.109 68.000
26 3249.0 46.989 68.000
26 3250.0 46.870 68.000
26 3251.0 46.750 68.000
26 3252.0 46.630 68.000
26 3253.0 46.511 68.000
26 3254.0 46.391 68.000
26 3255.0 46.272 68.000
26 3256.0 46.152 68.000
26 3257.0 46.032 68.000
26 3258.0 45.913 68.000
26 3259.0 45.793 68.000
26 3260.0 45.673 68.000
26 3261.0 45.554 68.000
26 3262.0 45.434 68.000
26 3263.0 45.315 68.000
26 3264.0 45.195 68.000
26 3265.0 45.075 68.000
26 3266.0 44.956 68.000
26 3267.0 44.836 68.000
26 3268.0 44.716 68.000
26 3269.0 44.597 68.000
26 3270.0 44.477 68.000
26 3271.0 44.358 68.000
26 3272.0 44.238 68.000
26 3273.0 44.118 68.000
26 3274.0 43.999 68.000
26 3275.0 43.879 68.000
26 3276.0 43.759 68.000
26 3277.0 43.640 68.000
26 3278.0 43.520 68.000
26 3279.0 43.401 68.000
26 3280.0 43.281 68.000
26 3281.0 43.161 68.000
26 3282.0 43.042 68.000
26 3283.0 42.922 68.000
26 3284.0 42.802 68.000
26 3285.0 42.683 68.000
26 3286.0 42.563 68.000
26 3287.0 42.443 68.000
26 3288.0 42.324 68.000
26 3289.0 42.204 68.000
26 3290.0 42.085 68.000
26 3291.0 41.965 68.000
26 3292.0 41.845 68.000
26 3293.0 41.726 68.000
26 3294.0 41.606 68.000
26 3295.0 41.486 68.000
26 3296.0 41.367 68.000
26 3297.0 41.247 68.000
26 3298.0 41.128 68.000
26 3299.0 41.008 68.000
26 3300.0 40.888 68.000
26 3301.0 40.769 68.000
26 3302.0 40.649 68.000
26 3303.0 40.529 68.000
26 3304.0 40.410 68.000
26 3305.0 40.290 68.000
26 3306.0 40.171 68.000
26 3307.0 40.051 68.000
26 3308.0 39.931 68.000
26 3309.0 39.812 68.000
26 3310.0 39.692 68.000
26 3311.0 39.572 68.000
26 3312.0 39.453 68.000
26 3313.0 39.333 68.000
26 3314.0 39.214 68.000
26 3315.0 39.094 68.000
26 3316.0 38.974 68.000
26 3317.0 38.855 68.000
26 3318.0 38.735 68.000
26 3319.0 38.615 68.000
26 3320.0 38.496 68.000
26 3321.0 38.376 68.000
26 3322.0 38.257 68.000
26 3323.0 38.137 68.000
26 3324.0 38.017 68.000
26 3325.0 37.898 68.000
26 3326.0 37.778 68.000
26 3327.0 37.658 68.000
26 3328.0 37.539 68.000
26 3329.0 37.419 68.000
26 3330.0 37.300 68.000
26 3331.0 37.180 68.000
26 3332.0 37.060 68.000
26 3333.0 36.941 68.000
26 3334.0 36.821 68.000
26 3335.0 36.701 68.000
26 3336.0 36.582 68.000
26 3337.0 36.462 68.000
26 3338.0 36.342 68.000
26 3339.0 36.223 68.000
26 3340.0 36.103 68.000
26 3341.0 35.984 68.000
26 3342.0 35.864 68.000
26 3343.0 35.744 68.000
26 3344.0 35.625 68.000
26 3345.0 35.505 68.000
26 3346.0 35.385 68.000
26 3347.0 35.266 68.000
26 3348.0 35.146 68.000
26 3349.0 35.027 68.000
26 3350.0 34.907 68.000
26 3351.0 34.787 68.000
26 3352.0 34.668 68.000
26 3353.0 34.548 68.000
26 3354.0 34.428 68.000
26 3355.0 34.309 68.000
26 3356.0 34.189 68.000
26 3357.0 34.070 68.000
26 3358.0 33.950 68.000
26 3359.0 33.830 68.000
26 3360.0 33.711 68.000
26 3361.0 33.591 68.000
26 3362.0 33.471 68.000
26 3363.0 33.352 68.000
26 3364.0 33.232 68.000
26 3365.0 33.113 68.000
26 3366.0 32.993 68.000
26 3367.0 32.873 68.000
26 3368.0 32.754 68.000
26 3369.0 32.634 68.000
26 3370.0 32.514 68.000
26 3371.0 32.395 68.000
26 3372.0 32.275 68.000
26 3373.0 32.156 68.000
26 3374.0 32.036 68.000
26 3375.0 31.916 68.000
26 3376.0 31.797 68.000
26 3377.0 31.677 68.000
26 3378.0 31.557 68.000
26 3379.0 31.438 68.000
26 3380.0 31.318 68.000
26 3381.0 31.198 68.000
26 3382.0 31.079 68.000
26 3383.0 30.959 68.000
26 3384.0 30.840 68.000
26 3385.0 30.720 68.000
26 3386.0 30.600 68.000
26 3387.0 30.481 68.000
26 3388.0 30.361 68.000
26 3389.0 30.241 68.000
26 3390.0 30.122 68.000
26 3391.0 30.002 68.000
26 3392.0 29.883 68.000
26 3393.0 29.763 68.000
26 3394.0 29.643 68.000
26 3395.0 29.524 68.000
26 3396.0 29.404 68.000
26 3397.0 29.284 68.000
26 3398.0 29.165 68.000
26 3399.0 29.045 68.000
26 3400.0 28.926 68.000
26 3401.0 28.806 68.000
26 3402.0 28.686 68.000
26 3403.0 28.567 68.000
26 3404.0 28.447 68.000
26 3405.0 28.327 68.000
26 3406.0 28.208 68.000
26 3407.0 28.088 68.000
26 3408.0 27.969 68.000
26 3409.0 27.849 68.000
26 3410.0 27.729 68.000
26 3411.0 27.610 68.000
26 3412.0 27.490 68.000
26 3413.0 27.370 68.000
26 3414.0 27.251 68.000
26 3415.0 27.131 68.000
26 3416.0 27.012 68.000
26 3417.0 26.892 68.000
26 3418.0 26.772 68.000
26 3419.0 26.653 68.000
26 3420.0 26.533 68.000
26 3421.0 26.413 68.000
26 3422.0 26.294 68.000
26 3423.0 26.174 68.000
26 3424.0 26.054 68.000
26 3425.0 25.935 68.000
26 3426.0 25.815 68.000
26 3427.0 25.696 68.000
26 3428.0 25.576 68.000
26 3429.0 25.456 68.000
26 3430.0 25.337 68.000
26 3431.0 25.217 68.000
26 3432.0 25.097 68.000
26 3433.0 24.978 68.000
26 3434.0 24.858 68.000
26 3435.0 24.739 68.000
26 3436.0 24.619 68.000
26 3437.0 24.499 68.000
26 3438.0 24.380 68.000
26 3439.0 24.260 68.000
26 3440.0 24.140 68.000
26 3441.0 24.021 68.000
26 3442.0 23.901 68.000
26 3443.0 23.782 68.000
26 3444.0 23.662 68.000
26 3445.0 23.542 68.000
26 3446.0 23.423 68.000
26 3447.0 23.303 68.000
26 3448.0 23.183 68.000
26 3449.0 23.064 68.000
26 3450.0 22.944 68.000
26 3451.0 22.825 68.000
26 3452.0 22.705 68.000
26 3453.0 22.585 68.000
26 3454.0 22.466 68.000
26 3455.0 22.346 68.000
26 3456.0 22.226 68.000
26 3457.0 22.107 68.000
26 3458.0 21.987 68.000
26 3459.0 21.868 68.000
26 3460.0 21.748 68.000
26 3461.0 21.628 68.000
26 3462.0 21.509 68.000
26 3463.0 21.389 68.000
26 3464.0 21.269 68.000
26 3465.0 21.150 68.000
26 3466.0 21.030 68.000
26 3467.0 20.910 68.000
26 3468.0 20.791 68.000
26 3469.0 20.671 68.000
26 3470.0 20.552 68.000
26 3471.0 20.432 68.000
26 3472.0 20.312 68.000
26 3473.0 20.193 68.000
26 3474.0 20.073 68.000
26 3475.0 19.953 68.000
26 3476.0 19.834 68.000
26 3477.0 19.714 68.000
26 3478.0 19.595 68.000
26 3479.0 19.475 68.000
26 3480.0 19.355 68.000
26 3481.0 19.236 68.000
26 3482.0 19.116 68.000
26 3483.0 18.996 68.000
26 3484.0 18.877 68.000
26 3485.0 18.757 68.000
26 3486.0 18.638 68.000
26 3487.0 18.518 68.000
26 3488.0 18.398 68.000
26 3489.0 18.279 68.000
26 3490.0 18.159 68.000
26 3491.0 18.039 68.000
26 3492.0 17.920 68.000
26 3493.0 17.800 68.000
26 3494.0 17.681 68.000
26 3495.0 17.561 68.000
26 3496.0 17.441 68.000
26 3497.0 17.322 68.000
26 3498.0 17.202 68.000
26 3499.0 17.082 68.000
26 3500.0 16.963 68.000
26 3501.0 16.843 68.000
26 3502.0 16.724 68.000
26 3503.0 16.604 68.000
26 3504.0 16.484 68.000
26 3505.0 16.365 68.000
26 3506.0 16.245 68.000
26 3507.0 16.125 68.000
26 3508.0 16.006 68.000
26 3509.0 15.886 68.000
26 3510.0 15.767 68.000
26 3511.0 15.647 68.000
26 3512.0 15.527 68.000
26 3513.0 15.408 68.000
26 3514.0 15.288 68.000
26 3515.0 15.168 68.000
26 3516.0 15.049 68.000
26 3517.0 14.929 68.000
26 3518.0 14.809 68.000
26 3519.0 14.690 68.000
26 3520.0 14.570 68.000
26 3521.0 14.451 68.000
26 3522.0 14.331 68.000
26 3523.0 14.211 68.000
26 3524.0 14.092 68.000
26 3525.0 13.972 68.000
26 3526.0 13.852 68.000
26 3527.0 13.733 68.000
26 3528.0 13.613 68.000
26 3529.0 13.494 68.000
26 3530.0 13.374 68.000
26 3531.0 13.254 68.000
26 3532.0 13.135 68.000
26 3533.0 13.015 68.000
26 3534.0 12.895 68.000
26 3535.0 12.776 68.000
26 3536.0 12.656 68.000
26 3537.0 12.537 68.000
26 3538.0 12.417 68.000
26 3539.0 12.297 68.000
26 3540.0 12.178 68.000
26 3541.0 12.058 68.000
26 3542.0 11.938 68.000
26 3543.0 11.819 68.000
26 3544.0 11.699 68.000
26 3545.0 11.580 68.000
26 3546.0 11.460 68.000
26 3547.0 11.340 68.000
26 3548.0 11.221 68.000
26 3549.0 11.101 68.000
26 3550.0 10.981 68.000
26 3551.0 10.862 68.000
26 3552.0 10.742 68.000
26 3553.0 10.623 68.000
26 3554.0 10.503 68.000
26 3555.0 10.383 68.000
26 3556.0 10.264 68.000
26 3557.0 10.144 68.000
26 3558.0 10.024 68.000
26 3559.0 9.905 68.000
26 3560.0 9.785 68.000
26 3561.0 9.665 68.000
26 3562.0 9.546 68.000
26 3563.0 9.426 68.000
26 3564.0 9.307 68.000
26 3565.0 9.187 68.000
26 3566.0 9.067 68.000
26 3567.0 8.948 68.000
26 3568.0 8.828 68.000
26 3569.0 8.708 68.000
26 3570.0 8.589 68.000
26 3571.0 8.469 68.000
26 3572.0 8.350 68.000
26 3573.0 8.230 68.000
26 3574.0 8.110 68.000
26 3575.0 7.991 68.000
26 3576.0 7.871 68.000
26 3577.0 7.751 68.000
26 3578.0 7.632 68.000
26 3579.0 7.512 68.000
26 3580.0 7.393 68.000
26 3581.0 7.273 68.000
26 3582.0 7.153 68.000
26 3583.0 7.034 68.000
26 3584.0 6.914 68.000
26 3585.0 6.794 68.000
26 3586.0 6.675 68.000
26 3587.0 6.555 68.000
26 3588.0 6.436 68.000
26 3589.0 6.316 68.000
26 3590.0 6.196 68.000
26 3591.0 6.077 68.000
26 3592.0 5.957 68.000
26 3593.0 5.837 68.000
26 3594.0 5.718 68.000
26 3595.0 5.598 68.000
26 3596.0 5.479 68.000
26 3597.0 5.359 68.000
26 3598.0 5.239 68.000
26 3599.0 5.120 68.000
26 3600.0 5.000 68.000
