# Cooja mobility data: grid40node LOW coverage
# Mobile sink: mote 7 in Cooja (id 6 = 0-indexed for mobility plugin)
# Start position: (0.0, 125.0)
# Path length: 362.50 m
# Total simulation time: 3600 s (1 hour)
# No static phase; mobile sink starts moving at t=0
# Speed: 0.1007 m/s (trajectory completes in exactly 1 hour)
# Format: <node_id> <time_s> <x_m> <y_m>
6 0.0 0.000 125.000
6 1.0 0.101 125.000
6 2.0 0.201 125.000
6 3.0 0.302 125.000
6 4.0 0.403 125.000
6 5.0 0.503 125.000
6 6.0 0.604 125.000
6 7.0 0.705 125.000
6 8.0 0.806 125.000
6 9.0 0.906 125.000
6 10.0 1.007 125.000
6 11.0 1.108 125.000
6 12.0 1.208 125.000
6 13.0 1.309 125.000
6 14.0 1.410 125.000
6 15.0 1.510 125.000
6 16.0 1.611 125.000
6 17.0 1.712 125.000
6 18.0 1.812 125.000
6 19.0 1.913 125.000
6 20.0 2.014 125.000
6 21.0 2.115 125.000
6 22.0 2.215 125.000
6 23.0 2.316 125.000
6 24.0 2.417 125.000
6 25.0 2.517 125.000
6 26.0 2.618 125.000
6 27.0 2.719 125.000
6 28.0 2.819 125.000
6 29.0 2.920 125.000
6 30.0 3.021 125.000
6 31.0 3.122 125.000
6 32.0 3.222 125.000
6 33.0 3.323 125.000
6 34.0 3.424 125.000
6 35.0 3.524 125.000
6 36.0 3.625 125.000
6 37.0 3.726 125.000
6 38.0 3.826 125.000
6 39.0 3.927 125.000
6 40.0 4.028 125.000
6 41.0 4.128 125.000
6 42.0 4.229 125.000
6 43.0 4.330 125.000
6 44.0 4.431 125.000
6 45.0 4.531 125.000
6 46.0 4.632 125.000
6 47.0 4.733 125.000
6 48.0 4.833 125.000
6 49.0 4.934 125.000
6 50.0 5.035 125.000
6 51.0 5.135 125.000
6 52.0 5.236 125.000
6 53.0 5.337 125.000
6 54.0 5.438 125.000
6 55.0 5.538 125.000
6 56.0 5.639 125.000
6 57.0 5.740 125.000
6 58.0 5.840 125.000
6 59.0 5.941 125.000
6 60.0 6.042 125.000
6 61.0 6.142 125.000
6 62.0 6.243 125.000
6 63.0 6.344 125.000
6 64.0 6.444 125.000
6 65.0 6.545 125.000
6 66.0 6.646 125.000
6 67.0 6.747 125.000
6 68.0 6.847 125.000
6 69.0 6.948 125.000
6 70.0 7.049 125.000
6 71.0 7.149 125.000
6 72.0 7.250 125.000
6 73.0 7.351 125.000
6 74.0 7.451 125.000
6 75.0 7.552 125.000
6 76.0 7.653 125.000
6 77.0 7.753 125.000
6 78.0 7.854 125.000
6 79.0 7.955 125.000
6 80.0 8.056 125.000
6 81.0 8.156 125.000
6 82.0 8.257 125.000
6 83.0 8.358 125.000
6 84.0 8.458 125.000
6 85.0 8.559 125.000
6 86.0 8.660 125.000
6 87.0 8.760 125.000
6 88.0 8.861 125.000
6 89.0 8.962 125.000
6 90.0 9.062 125.000
6 91.0 9.163 125.000
6 92.0 9.264 125.000
6 93.0 9.365 125.000
6 94.0 9.465 125.000
6 95.0 9.566 125.000
6 96.0 9.667 125.000
6 97.0 9.767 125.000
6 98.0 9.868 125.000
6 99.0 9.969 125.000
6 100.0 10.069 125.000
6 101.0 10.170 125.000
6 102.0 10.271 125.000
6 103.0 10.372 125.000
6 104.0 10.472 125.000
6 105.0 10.573 125.000
6 106.0 10.674 125.000
6 107.0 10.774 125.000
6 108.0 10.875 125.000
6 109.0 10.976 125.000
6 110.0 11.076 125.000
6 111.0 11.177 125.000
6 112.0 11.278 125.000
6 113.0 11.378 125.000
6 114.0 11.479 125.000
6 115.0 11.580 125.000
6 116.0 11.681 125.000
6 117.0 11.781 125.000
6 118.0 11.882 125.000
6 119.0 11.983 125.000
6 120.0 12.083 125.000
6 121.0 12.184 125.000
6 122.0 12.285 125.000
6 123.0 12.385 125.000
6 124.0 12.486 125.000
6 125.0 12.587 125.000
6 126.0 12.688 125.000
6 127.0 12.788 125.000
6 128.0 12.889 125.000
6 129.0 12.990 125.000
6 130.0 13.090 125.000
6 131.0 13.191 125.000
6 132.0 13.292 125.000
6 133.0 13.392 125.000
6 134.0 13.493 125.000
6 135.0 13.594 125.000
6 136.0 13.694 125.000
6 137.0 13.795 125.000
6 138.0 13.896 125.000
6 139.0 13.997 125.000
6 140.0 14.097 125.000
6 141.0 14.198 125.000
6 142.0 14.299 125.000
6 143.0 14.399 125.000
6 144.0 14.500 125.000
6 145.0 14.601 125.000
6 146.0 14.701 125.000
6 147.0 14.802 125.000
6 148.0 14.903 125.000
6 149.0 15.003 125.000
6 150.0 15.104 125.000
6 151.0 15.205 125.000
6 152.0 15.306 125.000
6 153.0 15.406 125.000
6 154.0 15.507 125.000
6 155.0 15.608 125.000
6 156.0 15.708 125.000
6 157.0 15.809 125.000
6 158.0 15.910 125.000
6 159.0 16.010 125.000
6 160.0 16.111 125.000
6 161.0 16.212 125.000
6 162.0 16.312 125.000
6 163.0 16.413 125.000
6 164.0 16.514 125.000
6 165.0 16.615 125.000
6 166.0 16.715 125.000
6 167.0 16.816 125.000
6 168.0 16.917 125.000
6 169.0 17.017 125.000
6 170.0 17.118 125.000
6 171.0 17.219 125.000
6 172.0 17.319 125.000
6 173.0 17.420 125.000
6 174.0 17.521 125.000
6 175.0 17.622 125.000
6 176.0 17.722 125.000
6 177.0 17.823 125.000
6 178.0 17.924 125.000
6 179.0 18.024 125.000
6 180.0 18.125 125.000
6 181.0 18.226 125.000
6 182.0 18.326 125.000
6 183.0 18.427 125.000
6 184.0 18.528 125.000
6 185.0 18.628 125.000
6 186.0 18.729 125.000
6 187.0 18.830 125.000
6 188.0 18.931 125.000
6 189.0 19.031 125.000
6 190.0 19.132 125.000
6 191.0 19.233 125.000
6 192.0 19.333 125.000
6 193.0 19.434 125.000
6 194.0 19.535 125.000
6 195.0 19.635 125.000
6 196.0 19.736 125.000
6 197.0 19.837 125.000
6 198.0 19.938 125.000
6 199.0 20.038 125.000
6 200.0 20.139 125.000
6 201.0 20.240 125.000
6 202.0 20.340 125.000
6 203.0 20.441 125.000
6 204.0 20.542 125.000
6 205.0 20.642 125.000
6 206.0 20.743 125.000
6 207.0 20.844 125.000
6 208.0 20.944 125.000
6 209.0 21.045 125.000
6 210.0 21.146 125.000
6 211.0 21.247 125.000
6 212.0 21.347 125.000
6 213.0 21.448 125.000
6 214.0 21.549 125.000
6 215.0 21.649 125.000
6 216.0 21.750 125.000
6 217.0 21.851 125.000
6 218.0 21.951 125.000
6 219.0 22.052 125.000
6 220.0 22.153 125.000
6 221.0 22.253 125.000
6 222.0 22.354 125.000
6 223.0 22.455 125.000
6 224.0 22.556 125.000
6 225.0 22.656 125.000
6 226.0 22.757 125.000
6 227.0 22.858 125.000
6 228.0 22.958 125.000
6 229.0 23.059 125.000
6 230.0 23.160 125.000
6 231.0 23.260 125.000
6 232.0 23.361 125.000
6 233.0 23.462 125.000
6 234.0 23.562 125.000
6 235.0 23.663 125.000
6 236.0 23.764 125.000
6 237.0 23.865 125.000
6 238.0 23.965 125.000
6 239.0 24.066 125.000
6 240.0 24.167 125.000
6 241.0 24.267 125.000
6 242.0 24.368 125.000
6 243.0 24.469 125.000
6 244.0 24.569 125.000
6 245.0 24.670 125.000
6 246.0 24.771 125.000
6 247.0 24.872 125.000
6 248.0 24.972 125.000
6 249.0 25.073 125.000
6 250.0 25.174 125.000
6 251.0 25.274 125.000
6 252.0 25.375 125.000
6 253.0 25.476 125.000
6 254.0 25.576 125.000
6 255.0 25.677 125.000
6 256.0 25.778 125.000
6 257.0 25.878 125.000
6 258.0 25.979 125.000
6 259.0 26.080 125.000
6 260.0 26.181 125.000
6 261.0 26.281 125.000
6 262.0 26.382 125.000
6 263.0 26.483 125.000
6 264.0 26.583 125.000
6 265.0 26.684 125.000
6 266.0 26.785 125.000
6 267.0 26.885 125.000
6 268.0 26.986 125.000
6 269.0 27.087 125.000
6 270.0 27.188 125.000
6 271.0 27.288 125.000
6 272.0 27.389 125.000
6 273.0 27.490 125.000
6 274.0 27.590 125.000
6 275.0 27.691 125.000
6 276.0 27.792 125.000
6 277.0 27.892 125.000
6 278.0 27.993 125.000
6 279.0 28.094 125.000
6 280.0 28.194 125.000
6 281.0 28.295 125.000
6 282.0 28.396 125.000
6 283.0 28.497 125.000
6 284.0 28.597 125.000
6 285.0 28.698 125.000
6 286.0 28.799 125.000
6 287.0 28.899 125.000
6 288.0 29.000 125.000
6 289.0 29.101 125.000
6 290.0 29.201 125.000
6 291.0 29.302 125.000
6 292.0 29.403 125.000
6 293.0 29.503 125.000
6 294.0 29.604 125.000
6 295.0 29.705 125.000
6 296.0 29.806 125.000
6 297.0 29.906 125.000
6 298.0 30.007 125.000
6 299.0 30.108 125.000
6 300.0 30.208 125.000
6 301.0 30.309 125.000
6 302.0 30.410 125.000
6 303.0 30.510 125.000
6 304.0 30.611 125.000
6 305.0 30.712 125.000
6 306.0 30.812 125.000
6 307.0 30.913 125.000
6 308.0 31.014 125.000
6 309.0 31.115 125.000
6 310.0 31.215 125.000
6 311.0 31.316 125.000
6 312.0 31.417 125.000
6 313.0 31.517 125.000
6 314.0 31.618 125.000
6 315.0 31.719 125.000
6 316.0 31.819 125.000
6 317.0 31.920 125.000
6 318.0 32.021 125.000
6 319.0 32.122 125.000
6 320.0 32.222 125.000
6 321.0 32.323 125.000
6 322.0 32.424 125.000
6 323.0 32.524 125.000
6 324.0 32.625 125.000
6 325.0 32.726 125.000
6 326.0 32.826 125.000
6 327.0 32.927 125.000
6 328.0 33.028 125.000
6 329.0 33.128 125.000
6 330.0 33.229 125.000
6 331.0 33.330 125.000
6 332.0 33.431 125.000
6 333.0 33.531 125.000
6 334.0 33.632 125.000
6 335.0 33.733 125.000
6 336.0 33.833 125.000
6 337.0 33.934 125.000
6 338.0 34.035 125.000
6 339.0 34.135 125.000
6 340.0 34.236 125.000
6 341.0 34.337 125.000
6 342.0 34.438 125.000
6 343.0 34.538 125.000
6 344.0 34.639 125.000
6 345.0 34.740 125.000
6 346.0 34.840 125.000
6 347.0 34.941 125.000
6 348.0 35.042 125.000
6 349.0 35.142 125.000
6 350.0 35.243 125.000
6 351.0 35.344 125.000
6 352.0 35.444 125.000
6 353.0 35.545 125.000
6 354.0 35.646 125.000
6 355.0 35.747 125.000
6 356.0 35.847 125.000
6 357.0 35.948 125.000
6 358.0 36.049 125.000
6 359.0 36.149 125.000
6 360.0 36.250 125.000
6 361.0 36.351 125.000
6 362.0 36.451 125.000
6 363.0 36.552 125.000
6 364.0 36.653 125.000
6 365.0 36.753 125.000
6 366.0 36.854 125.000
6 367.0 36.955 125.000
6 368.0 37.056 125.000
6 369.0 37.156 125.000
6 370.0 37.257 125.000
6 371.0 37.358 125.000
6 372.0 37.458 125.000
6 373.0 37.559 125.000
6 374.0 37.660 125.000
6 375.0 37.760 125.000
6 376.0 37.861 125.000
6 377.0 37.962 125.000
6 378.0 38.062 125.000
6 379.0 38.163 125.000
6 380.0 38.264 125.000
6 381.0 38.365 125.000
6 382.0 38.465 125.000
6 383.0 38.566 125.000
6 384.0 38.667 125.000
6 385.0 38.767 125.000
6 386.0 38.868 125.000
6 387.0 38.969 125.000
6 388.0 39.069 125.000
6 389.0 39.170 125.000
6 390.0 39.271 125.000
6 391.0 39.372 125.000
6 392.0 39.472 125.000
6 393.0 39.573 125.000
6 394.0 39.674 125.000
6 395.0 39.774 125.000
6 396.0 39.875 125.000
6 397.0 39.976 125.000
6 398.0 40.076 125.000
6 399.0 40.177 125.000
6 400.0 40.278 125.000
6 401.0 40.378 125.000
6 402.0 40.479 125.000
6 403.0 40.580 125.000
6 404.0 40.681 125.000
6 405.0 40.781 125.000
6 406.0 40.882 125.000
6 407.0 40.983 125.000
6 408.0 41.083 125.000
6 409.0 41.184 125.000
6 410.0 41.285 125.000
6 411.0 41.385 125.000
6 412.0 41.486 125.000
6 413.0 41.587 125.000
6 414.0 41.688 125.000
6 415.0 41.788 125.000
6 416.0 41.889 125.000
6 417.0 41.990 125.000
6 418.0 42.090 125.000
6 419.0 42.191 125.000
6 420.0 42.292 125.000
6 421.0 42.392 125.000
6 422.0 42.493 125.000
6 423.0 42.594 125.000
6 424.0 42.694 125.000
6 425.0 42.795 125.000
6 426.0 42.896 125.000
6 427.0 42.997 125.000
6 428.0 43.097 125.000
6 429.0 43.198 125.000
6 430.0 43.299 125.000
6 431.0 43.399 125.000
6 432.0 43.500 125.000
6 433.0 43.601 125.000
6 434.0 43.701 125.000
6 435.0 43.802 125.000
6 436.0 43.903 125.000
6 437.0 44.003 125.000
6 438.0 44.104 125.000
6 439.0 44.205 125.000
6 440.0 44.306 125.000
6 441.0 44.406 125.000
6 442.0 44.507 125.000
6 443.0 44.608 125.000
6 444.0 44.708 125.000
6 445.0 44.809 125.000
6 446.0 44.910 125.000
6 447.0 45.010 125.000
6 448.0 45.111 125.000
6 449.0 45.212 125.000
6 450.0 45.312 125.000
6 451.0 45.413 125.000
6 452.0 45.514 125.000
6 453.0 45.615 125.000
6 454.0 45.715 125.000
6 455.0 45.816 125.000
6 456.0 45.917 125.000
6 457.0 46.017 125.000
6 458.0 46.118 125.000
6 459.0 46.219 125.000
6 460.0 46.319 125.000
6 461.0 46.420 125.000
6 462.0 46.521 125.000
6 463.0 46.622 125.000
6 464.0 46.722 125.000
6 465.0 46.823 125.000
6 466.0 46.924 125.000
6 467.0 47.024 125.000
6 468.0 47.125 125.000
6 469.0 47.226 125.000
6 470.0 47.326 125.000
6 471.0 47.427 125.000
6 472.0 47.528 125.000
6 473.0 47.628 125.000
6 474.0 47.729 125.000
6 475.0 47.830 125.000
6 476.0 47.931 125.000
6 477.0 48.031 125.000
6 478.0 48.132 125.000
6 479.0 48.233 125.000
6 480.0 48.333 125.000
6 481.0 48.434 125.000
6 482.0 48.535 125.000
6 483.0 48.635 125.000
6 484.0 48.736 125.000
6 485.0 48.837 125.000
6 486.0 48.938 125.000
6 487.0 49.038 125.000
6 488.0 49.139 125.000
6 489.0 49.240 125.000
6 490.0 49.340 125.000
6 491.0 49.441 125.000
6 492.0 49.542 125.000
6 493.0 49.642 125.000
6 494.0 49.743 125.000
6 495.0 49.844 125.000
6 496.0 49.944 125.000
6 497.0 50.045 125.000
6 498.0 50.146 125.000
6 499.0 50.247 125.000
6 500.0 50.347 125.000
6 501.0 50.448 125.000
6 502.0 50.549 125.000
6 503.0 50.649 125.000
6 504.0 50.750 125.000
6 505.0 50.851 125.000
6 506.0 50.951 125.000
6 507.0 51.052 125.000
6 508.0 51.153 125.000
6 509.0 51.253 125.000
6 510.0 51.354 125.000
6 511.0 51.455 125.000
6 512.0 51.556 125.000
6 513.0 51.656 125.000
6 514.0 51.757 125.000
6 515.0 51.858 125.000
6 516.0 51.958 125.000
6 517.0 52.059 125.000
6 518.0 52.160 125.000
6 519.0 52.260 125.000
6 520.0 52.361 125.000
6 521.0 52.462 125.000
6 522.0 52.562 125.000
6 523.0 52.663 125.000
6 524.0 52.764 125.000
6 525.0 52.865 125.000
6 526.0 52.965 125.000
6 527.0 53.066 125.000
6 528.0 53.167 125.000
6 529.0 53.267 125.000
6 530.0 53.368 125.000
6 531.0 53.469 125.000
6 532.0 53.569 125.000
6 533.0 53.670 125.000
6 534.0 53.771 125.000
6 535.0 53.872 125.000
6 536.0 53.972 125.000
6 537.0 54.073 125.000
6 538.0 54.174 125.000
6 539.0 54.274 125.000
6 540.0 54.375 125.000
6 541.0 54.476 125.000
6 542.0 54.576 125.000
6 543.0 54.677 125.000
6 544.0 54.778 125.000
6 545.0 54.878 125.000
6 546.0 54.979 125.000
6 547.0 55.080 125.000
6 548.0 55.181 125.000
6 549.0 55.281 125.000
6 550.0 55.382 125.000
6 551.0 55.483 125.000
6 552.0 55.583 125.000
6 553.0 55.684 125.000
6 554.0 55.785 125.000
6 555.0 55.885 125.000
6 556.0 55.986 125.000
6 557.0 56.087 125.000
6 558.0 56.188 125.000
6 559.0 56.288 125.000
6 560.0 56.389 125.000
6 561.0 56.490 125.000
6 562.0 56.590 125.000
6 563.0 56.691 125.000
6 564.0 56.792 125.000
6 565.0 56.892 125.000
6 566.0 56.993 125.000
6 567.0 57.094 125.000
6 568.0 57.194 125.000
6 569.0 57.295 125.000
6 570.0 57.396 125.000
6 571.0 57.497 125.000
6 572.0 57.597 125.000
6 573.0 57.698 125.000
6 574.0 57.799 125.000
6 575.0 57.899 125.000
6 576.0 58.000 125.000
6 577.0 58.101 125.000
6 578.0 58.201 125.000
6 579.0 58.302 125.000
6 580.0 58.403 125.000
6 581.0 58.503 125.000
6 582.0 58.604 125.000
6 583.0 58.705 125.000
6 584.0 58.806 125.000
6 585.0 58.906 125.000
6 586.0 59.007 125.000
6 587.0 59.108 125.000
6 588.0 59.208 125.000
6 589.0 59.309 125.000
6 590.0 59.410 125.000
6 591.0 59.510 125.000
6 592.0 59.611 125.000
6 593.0 59.712 125.000
6 594.0 59.812 125.000
6 595.0 59.913 125.000
6 596.0 60.014 125.000
6 597.0 60.115 125.000
6 598.0 60.215 125.000
6 599.0 60.316 125.000
6 600.0 60.417 125.000
6 601.0 60.517 125.000
6 602.0 60.618 125.000
6 603.0 60.719 125.000
6 604.0 60.819 125.000
6 605.0 60.920 125.000
6 606.0 61.021 125.000
6 607.0 61.122 125.000
6 608.0 61.222 125.000
6 609.0 61.323 125.000
6 610.0 61.424 125.000
6 611.0 61.524 125.000
6 612.0 61.625 125.000
6 613.0 61.726 125.000
6 614.0 61.826 125.000
6 615.0 61.927 125.000
6 616.0 62.028 125.000
6 617.0 62.128 125.000
6 618.0 62.229 125.000
6 619.0 62.330 125.000
6 620.0 62.431 125.000
6 621.0 62.531 125.000
6 622.0 62.632 125.000
6 623.0 62.733 125.000
6 624.0 62.833 125.000
6 625.0 62.934 125.000
6 626.0 63.035 125.000
6 627.0 63.135 125.000
6 628.0 63.236 125.000
6 629.0 63.337 125.000
6 630.0 63.438 125.000
6 631.0 63.538 125.000
6 632.0 63.639 125.000
6 633.0 63.740 125.000
6 634.0 63.840 125.000
6 635.0 63.941 125.000
6 636.0 64.042 125.000
6 637.0 64.142 125.000
6 638.0 64.243 125.000
6 639.0 64.344 125.000
6 640.0 64.444 125.000
6 641.0 64.545 125.000
6 642.0 64.646 125.000
6 643.0 64.747 125.000
6 644.0 64.847 125.000
6 645.0 64.948 125.000
6 646.0 65.049 125.000
6 647.0 65.149 125.000
6 648.0 65.250 125.000
6 649.0 65.351 125.000
6 650.0 65.451 125.000
6 651.0 65.552 125.000
6 652.0 65.653 125.000
6 653.0 65.753 125.000
6 654.0 65.854 125.000
6 655.0 65.955 125.000
6 656.0 66.056 125.000
6 657.0 66.156 125.000
6 658.0 66.257 125.000
6 659.0 66.358 125.000
6 660.0 66.458 125.000
6 661.0 66.559 125.000
6 662.0 66.660 125.000
6 663.0 66.760 125.000
6 664.0 66.861 125.000
6 665.0 66.962 125.000
6 666.0 67.062 125.000
6 667.0 67.163 125.000
6 668.0 67.264 125.000
6 669.0 67.365 125.000
6 670.0 67.465 125.000
6 671.0 67.566 125.000
6 672.0 67.667 125.000
6 673.0 67.767 125.000
6 674.0 67.868 125.000
6 675.0 67.969 125.000
6 676.0 68.069 125.000
6 677.0 68.170 125.000
6 678.0 68.271 125.000
6 679.0 68.372 125.000
6 680.0 68.472 125.000
6 681.0 68.573 125.000
6 682.0 68.674 125.000
6 683.0 68.774 125.000
6 684.0 68.875 125.000
6 685.0 68.976 125.000
6 686.0 69.076 125.000
6 687.0 69.177 125.000
6 688.0 69.278 125.000
6 689.0 69.378 125.000
6 690.0 69.479 125.000
6 691.0 69.580 125.000
6 692.0 69.681 125.000
6 693.0 69.781 125.000
6 694.0 69.882 125.000
6 695.0 69.983 125.000
6 696.0 70.083 125.000
6 697.0 70.184 125.000
6 698.0 70.285 125.000
6 699.0 70.385 125.000
6 700.0 70.486 125.000
6 701.0 70.587 125.000
6 702.0 70.688 125.000
6 703.0 70.788 125.000
6 704.0 70.889 125.000
6 705.0 70.990 125.000
6 706.0 71.090 125.000
6 707.0 71.191 125.000
6 708.0 71.292 125.000
6 709.0 71.392 125.000
6 710.0 71.493 125.000
6 711.0 71.594 125.000
6 712.0 71.694 125.000
6 713.0 71.795 125.000
6 714.0 71.896 125.000
6 715.0 71.997 125.000
6 716.0 72.097 125.000
6 717.0 72.198 125.000
6 718.0 72.299 125.000
6 719.0 72.399 125.000
6 720.0 72.500 125.000
6 721.0 72.601 125.000
6 722.0 72.701 125.000
6 723.0 72.802 125.000
6 724.0 72.903 125.000
6 725.0 73.003 125.000
6 726.0 73.104 125.000
6 727.0 73.205 125.000
6 728.0 73.306 125.000
6 729.0 73.406 125.000
6 730.0 73.507 125.000
6 731.0 73.608 125.000
6 732.0 73.708 125.000
6 733.0 73.809 125.000
6 734.0 73.910 125.000
6 735.0 74.010 125.000
6 736.0 74.111 125.000
6 737.0 74.212 125.000
6 738.0 74.312 125.000
6 739.0 74.413 125.000
6 740.0 74.514 125.000
6 741.0 74.615 125.000
6 742.0 74.715 125.000
6 743.0 74.816 125.000
6 744.0 74.917 125.000
6 745.0 75.017 125.000
6 746.0 75.118 125.000
6 747.0 75.219 125.000
6 748.0 75.319 125.000
6 749.0 75.420 125.000
6 750.0 75.521 125.000
6 751.0 75.622 125.000
6 752.0 75.722 125.000
6 753.0 75.823 125.000
6 754.0 75.924 125.000
6 755.0 76.024 125.000
6 756.0 76.125 125.000
6 757.0 76.226 125.000
6 758.0 76.326 125.000
6 759.0 76.427 125.000
6 760.0 76.528 125.000
6 761.0 76.628 125.000
6 762.0 76.729 125.000
6 763.0 76.830 125.000
6 764.0 76.931 125.000
6 765.0 77.031 125.000
6 766.0 77.132 125.000
6 767.0 77.233 125.000
6 768.0 77.333 125.000
6 769.0 77.434 125.000
6 770.0 77.535 125.000
6 771.0 77.635 125.000
6 772.0 77.736 125.000
6 773.0 77.837 125.000
6 774.0 77.938 125.000
6 775.0 78.038 125.000
6 776.0 78.139 125.000
6 777.0 78.240 125.000
6 778.0 78.340 125.000
6 779.0 78.441 125.000
6 780.0 78.542 125.000
6 781.0 78.642 125.000
6 782.0 78.743 125.000
6 783.0 78.844 125.000
6 784.0 78.944 125.000
6 785.0 79.045 125.000
6 786.0 79.146 125.000
6 787.0 79.247 125.000
6 788.0 79.347 125.000
6 789.0 79.448 125.000
6 790.0 79.549 125.000
6 791.0 79.649 125.000
6 792.0 79.750 125.000
6 793.0 79.851 125.000
6 794.0 79.951 125.000
6 795.0 80.052 125.000
6 796.0 80.153 125.000
6 797.0 80.253 125.000
6 798.0 80.354 125.000
6 799.0 80.455 125.000
6 800.0 80.556 125.000
6 801.0 80.656 125.000
6 802.0 80.757 125.000
6 803.0 80.858 125.000
6 804.0 80.958 125.000
6 805.0 81.059 125.000
6 806.0 81.160 125.000
6 807.0 81.260 125.000
6 808.0 81.361 125.000
6 809.0 81.462 125.000
6 810.0 81.562 125.000
6 811.0 81.663 125.000
6 812.0 81.764 125.000
6 813.0 81.865 125.000
6 814.0 81.965 125.000
6 815.0 82.066 125.000
6 816.0 82.167 125.000
6 817.0 82.267 125.000
6 818.0 82.368 125.000
6 819.0 82.469 125.000
6 820.0 82.569 125.000
6 821.0 82.670 125.000
6 822.0 82.771 125.000
6 823.0 82.872 125.000
6 824.0 82.972 125.000
6 825.0 83.073 125.000
6 826.0 83.174 125.000
6 827.0 83.274 125.000
6 828.0 83.375 125.000
6 829.0 83.476 125.000
6 830.0 83.576 125.000
6 831.0 83.677 125.000
6 832.0 83.778 125.000
6 833.0 83.878 125.000
6 834.0 83.979 125.000
6 835.0 84.080 125.000
6 836.0 84.181 125.000
6 837.0 84.281 125.000
6 838.0 84.382 125.000
6 839.0 84.483 125.000
6 840.0 84.583 125.000
6 841.0 84.684 125.000
6 842.0 84.785 125.000
6 843.0 84.885 125.000
6 844.0 84.986 125.000
6 845.0 85.087 125.000
6 846.0 85.188 125.000
6 847.0 85.288 125.000
6 848.0 85.389 125.000
6 849.0 85.490 125.000
6 850.0 85.590 125.000
6 851.0 85.691 125.000
6 852.0 85.792 125.000
6 853.0 85.892 125.000
6 854.0 85.993 125.000
6 855.0 86.094 125.000
6 856.0 86.194 125.000
6 857.0 86.295 125.000
6 858.0 86.396 125.000
6 859.0 86.497 125.000
6 860.0 86.597 125.000
6 861.0 86.698 125.000
6 862.0 86.799 125.000
6 863.0 86.899 125.000
6 864.0 87.000 125.000
6 865.0 87.101 125.000
6 866.0 87.201 125.000
6 867.0 87.302 125.000
6 868.0 87.403 125.000
6 869.0 87.503 125.000
6 870.0 87.604 125.000
6 871.0 87.705 125.000
6 872.0 87.806 125.000
6 873.0 87.906 125.000
6 874.0 88.007 125.000
6 875.0 88.108 125.000
6 876.0 88.208 125.000
6 877.0 88.309 125.000
6 878.0 88.410 125.000
6 879.0 88.510 125.000
6 880.0 88.611 125.000
6 881.0 88.712 125.000
6 882.0 88.812 125.000
6 883.0 88.913 125.000
6 884.0 89.014 125.000
6 885.0 89.115 125.000
6 886.0 89.215 125.000
6 887.0 89.316 125.000
6 888.0 89.417 125.000
6 889.0 89.517 125.000
6 890.0 89.618 125.000
6 891.0 89.719 125.000
6 892.0 89.819 125.000
6 893.0 89.920 125.000
6 894.0 90.021 125.000
6 895.0 90.122 125.000
6 896.0 90.222 125.000
6 897.0 90.323 125.000
6 898.0 90.424 125.000
6 899.0 90.524 125.000
6 900.0 90.625 125.000
6 901.0 90.726 125.000
6 902.0 90.826 125.000
6 903.0 90.927 125.000
6 904.0 91.028 125.000
6 905.0 91.128 125.000
6 906.0 91.229 125.000
6 907.0 91.330 125.000
6 908.0 91.431 125.000
6 909.0 91.531 125.000
6 910.0 91.632 125.000
6 911.0 91.733 125.000
6 912.0 91.833 125.000
6 913.0 91.934 125.000
6 914.0 92.035 125.000
6 915.0 92.135 125.000
6 916.0 92.236 125.000
6 917.0 92.337 125.000
6 918.0 92.438 125.000
6 919.0 92.538 125.000
6 920.0 92.639 125.000
6 921.0 92.740 125.000
6 922.0 92.840 125.000
6 923.0 92.941 125.000
6 924.0 93.042 125.000
6 925.0 93.142 125.000
6 926.0 93.243 125.000
6 927.0 93.344 125.000
6 928.0 93.444 125.000
6 929.0 93.545 125.000
6 930.0 93.646 125.000
6 931.0 93.747 125.000
6 932.0 93.847 125.000
6 933.0 93.948 125.000
6 934.0 94.049 125.000
6 935.0 94.149 125.000
6 936.0 94.250 125.000
6 937.0 94.351 125.000
6 938.0 94.451 125.000
6 939.0 94.552 125.000
6 940.0 94.653 125.000
6 941.0 94.753 125.000
6 942.0 94.854 125.000
6 943.0 94.955 125.000
6 944.0 95.056 125.000
6 945.0 95.156 125.000
6 946.0 95.257 125.000
6 947.0 95.358 125.000
6 948.0 95.458 125.000
6 949.0 95.559 125.000
6 950.0 95.660 125.000
6 951.0 95.760 125.000
6 952.0 95.861 125.000
6 953.0 95.962 125.000
6 954.0 96.062 125.000
6 955.0 96.163 125.000
6 956.0 96.264 125.000
6 957.0 96.365 125.000
6 958.0 96.465 125.000
6 959.0 96.566 125.000
6 960.0 96.667 125.000
6 961.0 96.767 125.000
6 962.0 96.868 125.000
6 963.0 96.969 125.000
6 964.0 97.069 125.000
6 965.0 97.170 125.000
6 966.0 97.271 125.000
6 967.0 97.372 125.000
6 968.0 97.472 125.000
6 969.0 97.573 125.000
6 970.0 97.674 125.000
6 971.0 97.774 125.000
6 972.0 97.875 125.000
6 973.0 97.976 125.000
6 974.0 98.076 125.000
6 975.0 98.177 125.000
6 976.0 98.278 125.000
6 977.0 98.378 125.000
6 978.0 98.479 125.000
6 979.0 98.580 125.000
6 980.0 98.681 125.000
6 981.0 98.781 125.000
6 982.0 98.882 125.000
6 983.0 98.983 125.000
6 984.0 99.083 125.000
6 985.0 99.184 125.000
6 986.0 99.285 125.000
6 987.0 99.385 125.000
6 988.0 99.486 125.000
6 989.0 99.587 125.000
6 990.0 99.688 125.000
6 991.0 99.788 125.000
6 992.0 99.889 125.000
6 993.0 99.990 125.000
6 994.0 100.090 125.000
6 995.0 100.191 125.000
6 996.0 100.292 125.000
6 997.0 100.392 125.000
6 998.0 100.493 125.000
6 999.0 100.594 125.000
6 1000.0 100.694 125.000
6 1001.0 100.795 125.000
6 1002.0 100.896 125.000
6 1003.0 100.997 125.000
6 1004.0 101.097 125.000
6 1005.0 101.198 125.000
6 1006.0 101.299 125.000
6 1007.0 101.399 125.000
6 1008.0 101.500 125.000
6 1009.0 101.601 125.000
6 1010.0 101.701 125.000
6 1011.0 101.802 125.000
6 1012.0 101.903 125.000
6 1013.0 102.003 125.000
6 1014.0 102.104 125.000
6 1015.0 102.205 125.000
6 1016.0 102.306 125.000
6 1017.0 102.406 125.000
6 1018.0 102.507 125.000
6 1019.0 102.608 125.000
6 1020.0 102.708 125.000
6 1021.0 102.809 125.000
6 1022.0 102.910 125.000
6 1023.0 103.010 125.000
6 1024.0 103.111 125.000
6 1025.0 103.212 125.000
6 1026.0 103.312 125.000
6 1027.0 103.413 125.000
6 1028.0 103.514 125.000
6 1029.0 103.615 125.000
6 1030.0 103.715 125.000
6 1031.0 103.816 125.000
6 1032.0 103.917 125.000
6 1033.0 104.017 125.000
6 1034.0 104.118 125.000
6 1035.0 104.219 125.000
6 1036.0 104.319 125.000
6 1037.0 104.420 125.000
6 1038.0 104.521 125.000
6 1039.0 104.622 125.000
6 1040.0 104.722 125.000
6 1041.0 104.823 125.000
6 1042.0 104.924 125.000
6 1043.0 105.024 125.000
6 1044.0 105.125 125.000
6 1045.0 105.226 125.000
6 1046.0 105.326 125.000
6 1047.0 105.427 125.000
6 1048.0 105.528 125.000
6 1049.0 105.628 125.000
6 1050.0 105.729 125.000
6 1051.0 105.830 125.000
6 1052.0 105.931 125.000
6 1053.0 106.031 125.000
6 1054.0 106.132 125.000
6 1055.0 106.233 125.000
6 1056.0 106.333 125.000
6 1057.0 106.434 125.000
6 1058.0 106.535 125.000
6 1059.0 106.635 125.000
6 1060.0 106.736 125.000
6 1061.0 106.837 125.000
6 1062.0 106.938 125.000
6 1063.0 107.038 125.000
6 1064.0 107.139 125.000
6 1065.0 107.240 125.000
6 1066.0 107.340 125.000
6 1067.0 107.441 125.000
6 1068.0 107.542 125.000
6 1069.0 107.642 125.000
6 1070.0 107.743 125.000
6 1071.0 107.844 125.000
6 1072.0 107.944 125.000
6 1073.0 108.045 125.000
6 1074.0 108.146 125.000
6 1075.0 108.247 125.000
6 1076.0 108.347 125.000
6 1077.0 108.448 125.000
6 1078.0 108.549 125.000
6 1079.0 108.649 125.000
6 1080.0 108.750 125.000
6 1081.0 108.851 125.000
6 1082.0 108.951 125.000
6 1083.0 109.052 125.000
6 1084.0 109.153 125.000
6 1085.0 109.253 125.000
6 1086.0 109.354 125.000
6 1087.0 109.455 125.000
6 1088.0 109.556 125.000
6 1089.0 109.656 125.000
6 1090.0 109.757 125.000
6 1091.0 109.858 125.000
6 1092.0 109.958 125.000
6 1093.0 110.059 125.000
6 1094.0 110.160 125.000
6 1095.0 110.260 125.000
6 1096.0 110.361 125.000
6 1097.0 110.462 125.000
6 1098.0 110.562 125.000
6 1099.0 110.663 125.000
6 1100.0 110.764 125.000
6 1101.0 110.865 125.000
6 1102.0 110.965 125.000
6 1103.0 111.066 125.000
6 1104.0 111.167 125.000
6 1105.0 111.267 125.000
6 1106.0 111.368 125.000
6 1107.0 111.469 125.000
6 1108.0 111.569 125.000
6 1109.0 111.670 125.000
6 1110.0 111.771 125.000
6 1111.0 111.872 125.000
6 1112.0 111.972 125.000
6 1113.0 112.073 125.000
6 1114.0 112.174 125.000
6 1115.0 112.274 125.000
6 1116.0 112.375 125.000
6 1117.0 112.476 125.000
6 1118.0 112.576 125.000
6 1119.0 112.677 125.000
6 1120.0 112.778 125.000
6 1121.0 112.878 125.000
6 1122.0 112.979 125.000
6 1123.0 113.080 125.000
6 1124.0 113.181 125.000
6 1125.0 113.281 125.000
6 1126.0 113.382 125.000
6 1127.0 113.483 125.000
6 1128.0 113.583 125.000
6 1129.0 113.684 125.000
6 1130.0 113.785 125.000
6 1131.0 113.885 125.000
6 1132.0 113.986 125.000
6 1133.0 114.087 125.000
6 1134.0 114.188 125.000
6 1135.0 114.288 125.000
6 1136.0 114.389 125.000
6 1137.0 114.490 125.000
6 1138.0 114.590 125.000
6 1139.0 114.691 125.000
6 1140.0 114.792 125.000
6 1141.0 114.892 125.000
6 1142.0 114.993 125.000
6 1143.0 115.094 125.000
6 1144.0 115.194 125.000
6 1145.0 115.295 125.000
6 1146.0 115.396 125.000
6 1147.0 115.497 125.000
6 1148.0 115.597 125.000
6 1149.0 115.698 125.000
6 1150.0 115.799 125.000
6 1151.0 115.899 125.000
6 1152.0 116.000 125.000
6 1153.0 116.101 125.000
6 1154.0 116.201 125.000
6 1155.0 116.302 125.000
6 1156.0 116.403 125.000
6 1157.0 116.503 125.000
6 1158.0 116.604 125.000
6 1159.0 116.705 125.000
6 1160.0 116.806 125.000
6 1161.0 116.906 125.000
6 1162.0 117.007 125.000
6 1163.0 117.108 125.000
6 1164.0 117.208 125.000
6 1165.0 117.309 125.000
6 1166.0 117.410 125.000
6 1167.0 117.510 125.000
6 1168.0 117.611 125.000
6 1169.0 117.712 125.000
6 1170.0 117.812 125.000
6 1171.0 117.913 125.000
6 1172.0 118.014 125.000
6 1173.0 118.115 125.000
6 1174.0 118.215 125.000
6 1175.0 118.316 125.000
6 1176.0 118.417 125.000
6 1177.0 118.517 125.000
6 1178.0 118.618 125.000
6 1179.0 118.719 125.000
6 1180.0 118.819 125.000
6 1181.0 118.920 125.000
6 1182.0 119.021 125.000
6 1183.0 119.122 125.000
6 1184.0 119.222 125.000
6 1185.0 119.323 125.000
6 1186.0 119.424 125.000
6 1187.0 119.524 125.000
6 1188.0 119.625 125.000
6 1189.0 119.726 125.000
6 1190.0 119.826 125.000
6 1191.0 119.927 125.000
6 1192.0 120.028 125.000
6 1193.0 120.128 125.000
6 1194.0 120.229 125.000
6 1195.0 120.330 125.000
6 1196.0 120.431 125.000
6 1197.0 120.531 125.000
6 1198.0 120.632 125.000
6 1199.0 120.733 125.000
6 1200.0 120.833 125.000
6 1201.0 120.934 125.000
6 1202.0 121.035 125.000
6 1203.0 121.135 125.000
6 1204.0 121.236 125.000
6 1205.0 121.337 125.000
6 1206.0 121.438 125.000
6 1207.0 121.538 125.000
6 1208.0 121.639 125.000
6 1209.0 121.740 125.000
6 1210.0 121.840 125.000
6 1211.0 121.941 125.000
6 1212.0 122.042 125.000
6 1213.0 122.142 125.000
6 1214.0 122.243 125.000
6 1215.0 122.344 125.000
6 1216.0 122.444 125.000
6 1217.0 122.545 125.000
6 1218.0 122.646 125.000
6 1219.0 122.747 125.000
6 1220.0 122.847 125.000
6 1221.0 122.948 125.000
6 1222.0 123.049 125.000
6 1223.0 123.149 125.000
6 1224.0 123.250 125.000
6 1225.0 123.351 125.000
6 1226.0 123.451 125.000
6 1227.0 123.552 125.000
6 1228.0 123.653 125.000
6 1229.0 123.753 125.000
6 1230.0 123.854 125.000
6 1231.0 123.955 125.000
6 1232.0 124.056 125.000
6 1233.0 124.156 125.000
6 1234.0 124.257 125.000
6 1235.0 124.358 125.000
6 1236.0 124.458 125.000
6 1237.0 124.559 125.000
6 1238.0 124.660 125.000
6 1239.0 124.760 125.000
6 1240.0 124.861 125.000
6 1241.0 124.962 125.000
6 1242.0 125.062 125.000
6 1243.0 125.163 125.000
6 1244.0 125.264 125.000
6 1245.0 125.365 125.000
6 1246.0 125.465 125.000
6 1247.0 125.566 125.000
6 1248.0 125.667 125.000
6 1249.0 125.767 125.000
6 1250.0 125.868 125.000
6 1251.0 125.969 125.000
6 1252.0 126.069 125.000
6 1253.0 126.170 125.000
6 1254.0 126.271 125.000
6 1255.0 126.372 125.000
6 1256.0 126.472 125.000
6 1257.0 126.573 125.000
6 1258.0 126.674 125.000
6 1259.0 126.774 125.000
6 1260.0 126.875 125.000
6 1261.0 126.976 125.000
6 1262.0 127.076 125.000
6 1263.0 127.177 125.000
6 1264.0 127.278 125.000
6 1265.0 127.378 125.000
6 1266.0 127.479 125.000
6 1267.0 127.580 125.000
6 1268.0 127.681 125.000
6 1269.0 127.781 125.000
6 1270.0 127.882 125.000
6 1271.0 127.983 125.000
6 1272.0 128.083 125.000
6 1273.0 128.184 125.000
6 1274.0 128.285 125.000
6 1275.0 128.385 125.000
6 1276.0 128.486 125.000
6 1277.0 128.587 125.000
6 1278.0 128.688 125.000
6 1279.0 128.788 125.000
6 1280.0 128.889 125.000
6 1281.0 128.990 125.000
6 1282.0 129.090 125.000
6 1283.0 129.191 125.000
6 1284.0 129.292 125.000
6 1285.0 129.392 125.000
6 1286.0 129.493 125.000
6 1287.0 129.594 125.000
6 1288.0 129.694 125.000
6 1289.0 129.795 125.000
6 1290.0 129.896 125.000
6 1291.0 129.997 125.000
6 1292.0 130.097 125.000
6 1293.0 130.198 125.000
6 1294.0 130.299 125.000
6 1295.0 130.399 125.000
6 1296.0 130.500 125.000
6 1297.0 130.601 125.000
6 1298.0 130.701 125.000
6 1299.0 130.802 125.000
6 1300.0 130.903 125.000
6 1301.0 131.003 125.000
6 1302.0 131.104 125.000
6 1303.0 131.205 125.000
6 1304.0 131.306 125.000
6 1305.0 131.406 125.000
6 1306.0 131.507 125.000
6 1307.0 131.608 125.000
6 1308.0 131.708 125.000
6 1309.0 131.809 125.000
6 1310.0 131.910 125.000
6 1311.0 132.010 125.000
6 1312.0 132.111 125.000
6 1313.0 132.212 125.000
6 1314.0 132.312 125.000
6 1315.0 132.413 125.000
6 1316.0 132.514 125.000
6 1317.0 132.615 125.000
6 1318.0 132.715 125.000
6 1319.0 132.816 125.000
6 1320.0 132.917 125.000
6 1321.0 133.017 125.000
6 1322.0 133.118 125.000
6 1323.0 133.219 125.000
6 1324.0 133.319 125.000
6 1325.0 133.420 125.000
6 1326.0 133.521 125.000
6 1327.0 133.622 125.000
6 1328.0 133.722 125.000
6 1329.0 133.823 125.000
6 1330.0 133.924 125.000
6 1331.0 134.024 125.000
6 1332.0 134.125 125.000
6 1333.0 134.226 125.000
6 1334.0 134.326 125.000
6 1335.0 134.427 125.000
6 1336.0 134.528 125.000
6 1337.0 134.628 125.000
6 1338.0 134.729 125.000
6 1339.0 134.830 125.000
6 1340.0 134.931 125.000
6 1341.0 135.031 125.000
6 1342.0 135.132 125.000
6 1343.0 135.233 125.000
6 1344.0 135.333 125.000
6 1345.0 135.434 125.000
6 1346.0 135.535 125.000
6 1347.0 135.635 125.000
6 1348.0 135.736 125.000
6 1349.0 135.837 125.000
6 1350.0 135.938 125.000
6 1351.0 136.038 125.000
6 1352.0 136.139 125.000
6 1353.0 136.240 125.000
6 1354.0 136.340 125.000
6 1355.0 136.441 125.000
6 1356.0 136.542 125.000
6 1357.0 136.642 125.000
6 1358.0 136.743 125.000
6 1359.0 136.844 125.000
6 1360.0 136.944 125.000
6 1361.0 137.045 125.000
6 1362.0 137.146 125.000
6 1363.0 137.247 125.000
6 1364.0 137.347 125.000
6 1365.0 137.448 125.000
6 1366.0 137.549 125.000
6 1367.0 137.649 125.000
6 1368.0 137.750 125.000
6 1369.0 137.851 125.000
6 1370.0 137.951 125.000
6 1371.0 138.052 125.000
6 1372.0 138.153 125.000
6 1373.0 138.253 125.000
6 1374.0 138.354 125.000
6 1375.0 138.455 125.000
6 1376.0 138.556 125.000
6 1377.0 138.656 125.000
6 1378.0 138.757 125.000
6 1379.0 138.858 125.000
6 1380.0 138.958 125.000
6 1381.0 139.059 125.000
6 1382.0 139.160 125.000
6 1383.0 139.260 125.000
6 1384.0 139.361 125.000
6 1385.0 139.462 125.000
6 1386.0 139.562 125.000
6 1387.0 139.663 125.000
6 1388.0 139.764 125.000
6 1389.0 139.865 125.000
6 1390.0 139.965 125.000
6 1391.0 140.066 125.000
6 1392.0 140.167 125.000
6 1393.0 140.267 125.000
6 1394.0 140.368 125.000
6 1395.0 140.469 125.000
6 1396.0 140.569 125.000
6 1397.0 140.670 125.000
6 1398.0 140.771 125.000
6 1399.0 140.872 125.000
6 1400.0 140.972 125.000
6 1401.0 141.073 125.000
6 1402.0 141.174 125.000
6 1403.0 141.274 125.000
6 1404.0 141.375 125.000
6 1405.0 141.476 125.000
6 1406.0 141.576 125.000
6 1407.0 141.677 125.000
6 1408.0 141.778 125.000
6 1409.0 141.878 125.000
6 1410.0 141.979 125.000
6 1411.0 142.080 125.000
6 1412.0 142.181 125.000
6 1413.0 142.281 125.000
6 1414.0 142.382 125.000
6 1415.0 142.483 125.000
6 1416.0 142.583 125.000
6 1417.0 142.684 125.000
6 1418.0 142.785 125.000
6 1419.0 142.885 125.000
6 1420.0 142.986 125.000
6 1421.0 143.087 125.000
6 1422.0 143.188 125.000
6 1423.0 143.288 125.000
6 1424.0 143.389 125.000
6 1425.0 143.490 125.000
6 1426.0 143.590 125.000
6 1427.0 143.691 125.000
6 1428.0 143.792 125.000
6 1429.0 143.892 125.000
6 1430.0 143.993 125.000
6 1431.0 144.094 125.000
6 1432.0 144.194 125.000
6 1433.0 144.295 125.000
6 1434.0 144.396 125.000
6 1435.0 144.497 125.000
6 1436.0 144.597 125.000
6 1437.0 144.698 125.000
6 1438.0 144.799 125.000
6 1439.0 144.899 125.000
6 1440.0 145.000 125.000
6 1441.0 145.101 125.000
6 1442.0 145.201 125.000
6 1443.0 145.302 125.000
6 1444.0 145.403 125.000
6 1445.0 145.503 125.000
6 1446.0 145.604 125.000
6 1447.0 145.705 125.000
6 1448.0 145.806 125.000
6 1449.0 145.906 125.000
6 1450.0 146.007 125.000
6 1451.0 146.108 125.000
6 1452.0 146.208 125.000
6 1453.0 146.309 125.000
6 1454.0 146.410 125.000
6 1455.0 146.510 125.000
6 1456.0 146.611 125.000
6 1457.0 146.712 125.000
6 1458.0 146.812 125.000
6 1459.0 146.913 125.000
6 1460.0 147.014 125.000
6 1461.0 147.115 125.000
6 1462.0 147.215 125.000
6 1463.0 147.316 125.000
6 1464.0 147.417 125.000
6 1465.0 147.517 125.000
6 1466.0 147.618 125.000
6 1467.0 147.719 125.000
6 1468.0 147.819 125.000
6 1469.0 147.920 125.000
6 1470.0 148.021 125.000
6 1471.0 148.122 125.000
6 1472.0 148.222 125.000
6 1473.0 148.323 125.000
6 1474.0 148.424 125.000
6 1475.0 148.524 125.000
6 1476.0 148.625 125.000
6 1477.0 148.726 125.000
6 1478.0 148.826 125.000
6 1479.0 148.927 125.000
6 1480.0 149.028 125.000
6 1481.0 149.128 125.000
6 1482.0 149.229 125.000
6 1483.0 149.330 125.000
6 1484.0 149.431 125.000
6 1485.0 149.531 125.000
6 1486.0 149.632 125.000
6 1487.0 149.733 125.000
6 1488.0 149.833 125.000
6 1489.0 149.934 125.000
6 1490.0 150.000 124.965
6 1491.0 150.000 124.865
6 1492.0 150.000 124.764
6 1493.0 150.000 124.663
6 1494.0 150.000 124.562
6 1495.0 150.000 124.462
6 1496.0 150.000 124.361
6 1497.0 150.000 124.260
6 1498.0 150.000 124.160
6 1499.0 150.000 124.059
6 1500.0 150.000 123.958
6 1501.0 150.000 123.858
6 1502.0 150.000 123.757
6 1503.0 150.000 123.656
6 1504.0 150.000 123.556
6 1505.0 150.000 123.455
6 1506.0 150.000 123.354
6 1507.0 150.000 123.253
6 1508.0 150.000 123.153
6 1509.0 150.000 123.052
6 1510.0 150.000 122.951
6 1511.0 150.000 122.851
6 1512.0 150.000 122.750
6 1513.0 150.000 122.649
6 1514.0 150.000 122.549
6 1515.0 150.000 122.448
6 1516.0 150.000 122.347
6 1517.0 150.000 122.247
6 1518.0 150.000 122.146
6 1519.0 150.000 122.045
6 1520.0 150.000 121.944
6 1521.0 150.000 121.844
6 1522.0 150.000 121.743
6 1523.0 150.000 121.642
6 1524.0 150.000 121.542
6 1525.0 150.000 121.441
6 1526.0 150.000 121.340
6 1527.0 150.000 121.240
6 1528.0 150.000 121.139
6 1529.0 150.000 121.038
6 1530.0 150.000 120.938
6 1531.0 150.000 120.837
6 1532.0 150.000 120.736
6 1533.0 150.000 120.635
6 1534.0 150.000 120.535
6 1535.0 150.000 120.434
6 1536.0 150.000 120.333
6 1537.0 150.000 120.233
6 1538.0 150.000 120.132
6 1539.0 150.000 120.031
6 1540.0 150.000 119.931
6 1541.0 150.000 119.830
6 1542.0 150.000 119.729
6 1543.0 150.000 119.628
6 1544.0 150.000 119.528
6 1545.0 150.000 119.427
6 1546.0 150.000 119.326
6 1547.0 150.000 119.226
6 1548.0 150.000 119.125
6 1549.0 150.000 119.024
6 1550.0 150.000 118.924
6 1551.0 150.000 118.823
6 1552.0 150.000 118.722
6 1553.0 150.000 118.622
6 1554.0 150.000 118.521
6 1555.0 150.000 118.420
6 1556.0 150.000 118.319
6 1557.0 150.000 118.219
6 1558.0 150.000 118.118
6 1559.0 150.000 118.017
6 1560.0 150.000 117.917
6 1561.0 150.000 117.816
6 1562.0 150.000 117.715
6 1563.0 150.000 117.615
6 1564.0 150.000 117.514
6 1565.0 150.000 117.413
6 1566.0 150.000 117.312
6 1567.0 150.000 117.212
6 1568.0 150.000 117.111
6 1569.0 150.000 117.010
6 1570.0 150.000 116.910
6 1571.0 150.000 116.809
6 1572.0 150.000 116.708
6 1573.0 150.000 116.608
6 1574.0 150.000 116.507
6 1575.0 150.000 116.406
6 1576.0 150.000 116.306
6 1577.0 150.000 116.205
6 1578.0 150.000 116.104
6 1579.0 150.000 116.003
6 1580.0 150.000 115.903
6 1581.0 150.000 115.802
6 1582.0 150.000 115.701
6 1583.0 150.000 115.601
6 1584.0 150.000 115.500
6 1585.0 150.000 115.399
6 1586.0 150.000 115.299
6 1587.0 150.000 115.198
6 1588.0 150.000 115.097
6 1589.0 150.000 114.997
6 1590.0 150.000 114.896
6 1591.0 150.000 114.795
6 1592.0 150.000 114.694
6 1593.0 150.000 114.594
6 1594.0 150.000 114.493
6 1595.0 150.000 114.392
6 1596.0 150.000 114.292
6 1597.0 150.000 114.191
6 1598.0 150.000 114.090
6 1599.0 150.000 113.990
6 1600.0 150.000 113.889
6 1601.0 150.000 113.788
6 1602.0 150.000 113.688
6 1603.0 150.000 113.587
6 1604.0 150.000 113.486
6 1605.0 150.000 113.385
6 1606.0 150.000 113.285
6 1607.0 150.000 113.184
6 1608.0 150.000 113.083
6 1609.0 150.000 112.983
6 1610.0 150.000 112.882
6 1611.0 150.000 112.781
6 1612.0 150.000 112.681
6 1613.0 150.000 112.580
6 1614.0 150.000 112.479
6 1615.0 150.000 112.378
6 1616.0 150.000 112.278
6 1617.0 150.000 112.177
6 1618.0 150.000 112.076
6 1619.0 150.000 111.976
6 1620.0 150.000 111.875
6 1621.0 150.000 111.774
6 1622.0 150.000 111.674
6 1623.0 150.000 111.573
6 1624.0 150.000 111.472
6 1625.0 150.000 111.372
6 1626.0 150.000 111.271
6 1627.0 150.000 111.170
6 1628.0 150.000 111.069
6 1629.0 150.000 110.969
6 1630.0 150.000 110.868
6 1631.0 150.000 110.767
6 1632.0 150.000 110.667
6 1633.0 150.000 110.566
6 1634.0 150.000 110.465
6 1635.0 150.000 110.365
6 1636.0 150.000 110.264
6 1637.0 150.000 110.163
6 1638.0 150.000 110.062
6 1639.0 150.000 109.962
6 1640.0 150.000 109.861
6 1641.0 150.000 109.760
6 1642.0 150.000 109.660
6 1643.0 150.000 109.559
6 1644.0 150.000 109.458
6 1645.0 150.000 109.358
6 1646.0 150.000 109.257
6 1647.0 150.000 109.156
6 1648.0 150.000 109.056
6 1649.0 150.000 108.955
6 1650.0 150.000 108.854
6 1651.0 150.000 108.753
6 1652.0 150.000 108.653
6 1653.0 150.000 108.552
6 1654.0 150.000 108.451
6 1655.0 150.000 108.351
6 1656.0 150.000 108.250
6 1657.0 150.000 108.149
6 1658.0 150.000 108.049
6 1659.0 150.000 107.948
6 1660.0 150.000 107.847
6 1661.0 150.000 107.747
6 1662.0 150.000 107.646
6 1663.0 150.000 107.545
6 1664.0 150.000 107.444
6 1665.0 150.000 107.344
6 1666.0 150.000 107.243
6 1667.0 150.000 107.142
6 1668.0 150.000 107.042
6 1669.0 150.000 106.941
6 1670.0 150.000 106.840
6 1671.0 150.000 106.740
6 1672.0 150.000 106.639
6 1673.0 150.000 106.538
6 1674.0 150.000 106.438
6 1675.0 150.000 106.337
6 1676.0 150.000 106.236
6 1677.0 150.000 106.135
6 1678.0 150.000 106.035
6 1679.0 150.000 105.934
6 1680.0 150.000 105.833
6 1681.0 150.000 105.733
6 1682.0 150.000 105.632
6 1683.0 150.000 105.531
6 1684.0 150.000 105.431
6 1685.0 150.000 105.330
6 1686.0 150.000 105.229
6 1687.0 150.000 105.128
6 1688.0 150.000 105.028
6 1689.0 150.000 104.927
6 1690.0 150.000 104.826
6 1691.0 150.000 104.726
6 1692.0 150.000 104.625
6 1693.0 150.000 104.524
6 1694.0 150.000 104.424
6 1695.0 150.000 104.323
6 1696.0 150.000 104.222
6 1697.0 150.000 104.122
6 1698.0 150.000 104.021
6 1699.0 150.000 103.920
6 1700.0 150.000 103.819
6 1701.0 150.000 103.719
6 1702.0 150.000 103.618
6 1703.0 150.000 103.517
6 1704.0 150.000 103.417
6 1705.0 150.000 103.316
6 1706.0 150.000 103.215
6 1707.0 150.000 103.115
6 1708.0 150.000 103.014
6 1709.0 150.000 102.913
6 1710.0 150.000 102.812
6 1711.0 150.000 102.712
6 1712.0 150.000 102.611
6 1713.0 150.000 102.510
6 1714.0 150.000 102.410
6 1715.0 150.000 102.309
6 1716.0 150.000 102.208
6 1717.0 150.000 102.108
6 1718.0 150.000 102.007
6 1719.0 150.000 101.906
6 1720.0 150.000 101.806
6 1721.0 150.000 101.705
6 1722.0 150.000 101.604
6 1723.0 150.000 101.503
6 1724.0 150.000 101.403
6 1725.0 150.000 101.302
6 1726.0 150.000 101.201
6 1727.0 150.000 101.101
6 1728.0 150.000 101.000
6 1729.0 150.000 100.899
6 1730.0 150.000 100.799
6 1731.0 150.000 100.698
6 1732.0 150.000 100.597
6 1733.0 150.000 100.497
6 1734.0 150.000 100.396
6 1735.0 150.000 100.295
6 1736.0 150.000 100.194
6 1737.0 150.000 100.094
6 1738.0 150.000 99.993
6 1739.0 150.000 99.892
6 1740.0 150.000 99.792
6 1741.0 150.000 99.691
6 1742.0 150.000 99.590
6 1743.0 150.000 99.490
6 1744.0 150.000 99.389
6 1745.0 150.000 99.288
6 1746.0 150.000 99.188
6 1747.0 150.000 99.087
6 1748.0 150.000 98.986
6 1749.0 150.000 98.885
6 1750.0 150.000 98.785
6 1751.0 150.000 98.684
6 1752.0 150.000 98.583
6 1753.0 150.000 98.483
6 1754.0 150.000 98.382
6 1755.0 150.000 98.281
6 1756.0 150.000 98.181
6 1757.0 150.000 98.080
6 1758.0 150.000 97.979
6 1759.0 150.000 97.878
6 1760.0 150.000 97.778
6 1761.0 150.000 97.677
6 1762.0 150.000 97.576
6 1763.0 150.000 97.476
6 1764.0 150.000 97.375
6 1765.0 150.000 97.274
6 1766.0 150.000 97.174
6 1767.0 150.000 97.073
6 1768.0 150.000 96.972
6 1769.0 150.000 96.872
6 1770.0 150.000 96.771
6 1771.0 150.000 96.670
6 1772.0 150.000 96.569
6 1773.0 150.000 96.469
6 1774.0 150.000 96.368
6 1775.0 150.000 96.267
6 1776.0 150.000 96.167
6 1777.0 150.000 96.066
6 1778.0 150.000 95.965
6 1779.0 150.000 95.865
6 1780.0 150.000 95.764
6 1781.0 150.000 95.663
6 1782.0 150.000 95.562
6 1783.0 150.000 95.462
6 1784.0 150.000 95.361
6 1785.0 150.000 95.260
6 1786.0 150.000 95.160
6 1787.0 150.000 95.059
6 1788.0 150.000 94.958
6 1789.0 150.000 94.858
6 1790.0 150.000 94.757
6 1791.0 150.000 94.656
6 1792.0 150.000 94.556
6 1793.0 150.000 94.455
6 1794.0 150.000 94.354
6 1795.0 150.000 94.253
6 1796.0 150.000 94.153
6 1797.0 150.000 94.052
6 1798.0 150.000 93.951
6 1799.0 150.000 93.851
6 1800.0 150.000 93.750
6 1801.0 150.000 93.649
6 1802.0 150.000 93.549
6 1803.0 150.000 93.448
6 1804.0 150.000 93.347
6 1805.0 150.000 93.247
6 1806.0 150.000 93.146
6 1807.0 150.000 93.045
6 1808.0 150.000 92.944
6 1809.0 150.000 92.844
6 1810.0 150.000 92.743
6 1811.0 150.000 92.642
6 1812.0 150.000 92.542
6 1813.0 150.000 92.441
6 1814.0 150.000 92.340
6 1815.0 150.000 92.240
6 1816.0 150.000 92.139
6 1817.0 150.000 92.038
6 1818.0 150.000 91.938
6 1819.0 150.000 91.837
6 1820.0 150.000 91.736
6 1821.0 150.000 91.635
6 1822.0 150.000 91.535
6 1823.0 150.000 91.434
6 1824.0 150.000 91.333
6 1825.0 150.000 91.233
6 1826.0 150.000 91.132
6 1827.0 150.000 91.031
6 1828.0 150.000 90.931
6 1829.0 150.000 90.830
6 1830.0 150.000 90.729
6 1831.0 150.000 90.628
6 1832.0 150.000 90.528
6 1833.0 150.000 90.427
6 1834.0 150.000 90.326
6 1835.0 150.000 90.226
6 1836.0 150.000 90.125
6 1837.0 150.000 90.024
6 1838.0 150.000 89.924
6 1839.0 150.000 89.823
6 1840.0 150.000 89.722
6 1841.0 150.000 89.622
6 1842.0 150.000 89.521
6 1843.0 150.000 89.420
6 1844.0 150.000 89.319
6 1845.0 150.000 89.219
6 1846.0 150.000 89.118
6 1847.0 150.000 89.017
6 1848.0 150.000 88.917
6 1849.0 150.000 88.816
6 1850.0 150.000 88.715
6 1851.0 150.000 88.615
6 1852.0 150.000 88.514
6 1853.0 150.000 88.413
6 1854.0 150.000 88.312
6 1855.0 150.000 88.212
6 1856.0 150.000 88.111
6 1857.0 150.000 88.010
6 1858.0 150.000 87.910
6 1859.0 150.000 87.809
6 1860.0 150.000 87.708
6 1861.0 150.000 87.608
6 1862.0 150.000 87.507
6 1863.0 150.000 87.406
6 1864.0 150.000 87.306
6 1865.0 150.000 87.205
6 1866.0 150.000 87.104
6 1867.0 150.000 87.003
6 1868.0 150.000 86.903
6 1869.0 150.000 86.802
6 1870.0 150.000 86.701
6 1871.0 150.000 86.601
6 1872.0 150.000 86.500
6 1873.0 150.000 86.399
6 1874.0 150.000 86.299
6 1875.0 150.000 86.198
6 1876.0 150.000 86.097
6 1877.0 150.000 85.997
6 1878.0 150.000 85.896
6 1879.0 150.000 85.795
6 1880.0 150.000 85.694
6 1881.0 150.000 85.594
6 1882.0 150.000 85.493
6 1883.0 150.000 85.392
6 1884.0 150.000 85.292
6 1885.0 150.000 85.191
6 1886.0 150.000 85.090
6 1887.0 150.000 84.990
6 1888.0 150.000 84.889
6 1889.0 150.000 84.788
6 1890.0 150.000 84.688
6 1891.0 150.000 84.587
6 1892.0 150.000 84.486
6 1893.0 150.000 84.385
6 1894.0 150.000 84.285
6 1895.0 150.000 84.184
6 1896.0 150.000 84.083
6 1897.0 150.000 83.983
6 1898.0 150.000 83.882
6 1899.0 150.000 83.781
6 1900.0 150.000 83.681
6 1901.0 150.000 83.580
6 1902.0 150.000 83.479
6 1903.0 150.000 83.378
6 1904.0 150.000 83.278
6 1905.0 150.000 83.177
6 1906.0 150.000 83.076
6 1907.0 150.000 82.976
6 1908.0 150.000 82.875
6 1909.0 150.000 82.774
6 1910.0 150.000 82.674
6 1911.0 150.000 82.573
6 1912.0 150.000 82.472
6 1913.0 150.000 82.372
6 1914.0 150.000 82.271
6 1915.0 150.000 82.170
6 1916.0 150.000 82.069
6 1917.0 150.000 81.969
6 1918.0 150.000 81.868
6 1919.0 150.000 81.767
6 1920.0 150.000 81.667
6 1921.0 150.000 81.566
6 1922.0 150.000 81.465
6 1923.0 150.000 81.365
6 1924.0 150.000 81.264
6 1925.0 150.000 81.163
6 1926.0 150.000 81.062
6 1927.0 150.000 80.962
6 1928.0 150.000 80.861
6 1929.0 150.000 80.760
6 1930.0 150.000 80.660
6 1931.0 150.000 80.559
6 1932.0 150.000 80.458
6 1933.0 150.000 80.358
6 1934.0 150.000 80.257
6 1935.0 150.000 80.156
6 1936.0 150.000 80.056
6 1937.0 150.000 79.955
6 1938.0 150.000 79.854
6 1939.0 150.000 79.753
6 1940.0 150.000 79.653
6 1941.0 150.000 79.552
6 1942.0 150.000 79.451
6 1943.0 150.000 79.351
6 1944.0 150.000 79.250
6 1945.0 150.000 79.149
6 1946.0 150.000 79.049
6 1947.0 150.000 78.948
6 1948.0 150.000 78.847
6 1949.0 150.000 78.747
6 1950.0 150.000 78.646
6 1951.0 150.000 78.545
6 1952.0 150.000 78.444
6 1953.0 150.000 78.344
6 1954.0 150.000 78.243
6 1955.0 150.000 78.142
6 1956.0 150.000 78.042
6 1957.0 150.000 77.941
6 1958.0 150.000 77.840
6 1959.0 150.000 77.740
6 1960.0 150.000 77.639
6 1961.0 150.000 77.538
6 1962.0 150.000 77.438
6 1963.0 150.000 77.337
6 1964.0 150.000 77.236
6 1965.0 150.000 77.135
6 1966.0 150.000 77.035
6 1967.0 150.000 76.934
6 1968.0 150.000 76.833
6 1969.0 150.000 76.733
6 1970.0 150.000 76.632
6 1971.0 150.000 76.531
6 1972.0 150.000 76.431
6 1973.0 150.000 76.330
6 1974.0 150.000 76.229
6 1975.0 150.000 76.128
6 1976.0 150.000 76.028
6 1977.0 150.000 75.927
6 1978.0 150.000 75.826
6 1979.0 150.000 75.726
6 1980.0 150.000 75.625
6 1981.0 150.000 75.524
6 1982.0 150.000 75.424
6 1983.0 150.000 75.323
6 1984.0 150.000 75.222
6 1985.0 150.000 75.122
6 1986.0 150.000 75.021
6 1987.0 150.000 74.920
6 1988.0 150.000 74.819
6 1989.0 150.000 74.719
6 1990.0 150.000 74.618
6 1991.0 150.000 74.517
6 1992.0 150.000 74.417
6 1993.0 150.000 74.316
6 1994.0 150.000 74.215
6 1995.0 150.000 74.115
6 1996.0 150.000 74.014
6 1997.0 150.000 73.913
6 1998.0 150.000 73.812
6 1999.0 150.000 73.712
6 2000.0 150.000 73.611
6 2001.0 150.000 73.510
6 2002.0 150.000 73.410
6 2003.0 150.000 73.309
6 2004.0 150.000 73.208
6 2005.0 150.000 73.108
6 2006.0 150.000 73.007
6 2007.0 150.000 72.906
6 2008.0 150.000 72.806
6 2009.0 150.000 72.705
6 2010.0 150.000 72.604
6 2011.0 150.000 72.503
6 2012.0 150.000 72.403
6 2013.0 150.000 72.302
6 2014.0 150.000 72.201
6 2015.0 150.000 72.101
6 2016.0 150.000 72.000
6 2017.0 150.000 71.899
6 2018.0 150.000 71.799
6 2019.0 150.000 71.698
6 2020.0 150.000 71.597
6 2021.0 150.000 71.497
6 2022.0 150.000 71.396
6 2023.0 150.000 71.295
6 2024.0 150.000 71.194
6 2025.0 150.000 71.094
6 2026.0 150.000 70.993
6 2027.0 150.000 70.892
6 2028.0 150.000 70.792
6 2029.0 150.000 70.691
6 2030.0 150.000 70.590
6 2031.0 150.000 70.490
6 2032.0 150.000 70.389
6 2033.0 150.000 70.288
6 2034.0 150.000 70.188
6 2035.0 150.000 70.087
6 2036.0 150.000 69.986
6 2037.0 150.000 69.885
6 2038.0 150.000 69.785
6 2039.0 150.000 69.684
6 2040.0 150.000 69.583
6 2041.0 150.000 69.483
6 2042.0 150.000 69.382
6 2043.0 150.000 69.281
6 2044.0 150.000 69.181
6 2045.0 150.000 69.080
6 2046.0 150.000 68.979
6 2047.0 150.000 68.878
6 2048.0 150.000 68.778
6 2049.0 150.000 68.677
6 2050.0 150.000 68.576
6 2051.0 150.000 68.476
6 2052.0 150.000 68.375
6 2053.0 150.000 68.274
6 2054.0 150.000 68.174
6 2055.0 150.000 68.073
6 2056.0 150.000 67.972
6 2057.0 150.000 67.872
6 2058.0 150.000 67.771
6 2059.0 150.000 67.670
6 2060.0 150.000 67.569
6 2061.0 150.000 67.469
6 2062.0 150.000 67.368
6 2063.0 150.000 67.267
6 2064.0 150.000 67.167
6 2065.0 150.000 67.066
6 2066.0 150.000 66.965
6 2067.0 150.000 66.865
6 2068.0 150.000 66.764
6 2069.0 150.000 66.663
6 2070.0 150.000 66.562
6 2071.0 150.000 66.462
6 2072.0 150.000 66.361
6 2073.0 150.000 66.260
6 2074.0 150.000 66.160
6 2075.0 150.000 66.059
6 2076.0 150.000 65.958
6 2077.0 150.000 65.858
6 2078.0 150.000 65.757
6 2079.0 150.000 65.656
6 2080.0 150.000 65.556
6 2081.0 150.000 65.455
6 2082.0 150.000 65.354
6 2083.0 150.000 65.253
6 2084.0 150.000 65.153
6 2085.0 150.000 65.052
6 2086.0 150.000 64.951
6 2087.0 150.000 64.851
6 2088.0 150.000 64.750
6 2089.0 150.000 64.649
6 2090.0 150.000 64.549
6 2091.0 150.000 64.448
6 2092.0 150.000 64.347
6 2093.0 150.000 64.247
6 2094.0 150.000 64.146
6 2095.0 150.000 64.045
6 2096.0 150.000 63.944
6 2097.0 150.000 63.844
6 2098.0 150.000 63.743
6 2099.0 150.000 63.642
6 2100.0 150.000 63.542
6 2101.0 150.000 63.441
6 2102.0 150.000 63.340
6 2103.0 150.000 63.240
6 2104.0 150.000 63.139
6 2105.0 150.000 63.038
6 2106.0 150.000 62.938
6 2107.0 150.000 62.837
6 2108.0 150.000 62.736
6 2109.0 150.000 62.635
6 2110.0 150.000 62.535
6 2111.0 149.934 62.500
6 2112.0 149.833 62.500
6 2113.0 149.733 62.500
6 2114.0 149.632 62.500
6 2115.0 149.531 62.500
6 2116.0 149.431 62.500
6 2117.0 149.330 62.500
6 2118.0 149.229 62.500
6 2119.0 149.128 62.500
6 2120.0 149.028 62.500
6 2121.0 148.927 62.500
6 2122.0 148.826 62.500
6 2123.0 148.726 62.500
6 2124.0 148.625 62.500
6 2125.0 148.524 62.500
6 2126.0 148.424 62.500
6 2127.0 148.323 62.500
6 2128.0 148.222 62.500
6 2129.0 148.122 62.500
6 2130.0 148.021 62.500
6 2131.0 147.920 62.500
6 2132.0 147.819 62.500
6 2133.0 147.719 62.500
6 2134.0 147.618 62.500
6 2135.0 147.517 62.500
6 2136.0 147.417 62.500
6 2137.0 147.316 62.500
6 2138.0 147.215 62.500
6 2139.0 147.115 62.500
6 2140.0 147.014 62.500
6 2141.0 146.913 62.500
6 2142.0 146.812 62.500
6 2143.0 146.712 62.500
6 2144.0 146.611 62.500
6 2145.0 146.510 62.500
6 2146.0 146.410 62.500
6 2147.0 146.309 62.500
6 2148.0 146.208 62.500
6 2149.0 146.108 62.500
6 2150.0 146.007 62.500
6 2151.0 145.906 62.500
6 2152.0 145.806 62.500
6 2153.0 145.705 62.500
6 2154.0 145.604 62.500
6 2155.0 145.503 62.500
6 2156.0 145.403 62.500
6 2157.0 145.302 62.500
6 2158.0 145.201 62.500
6 2159.0 145.101 62.500
6 2160.0 145.000 62.500
6 2161.0 144.899 62.500
6 2162.0 144.799 62.500
6 2163.0 144.698 62.500
6 2164.0 144.597 62.500
6 2165.0 144.497 62.500
6 2166.0 144.396 62.500
6 2167.0 144.295 62.500
6 2168.0 144.194 62.500
6 2169.0 144.094 62.500
6 2170.0 143.993 62.500
6 2171.0 143.892 62.500
6 2172.0 143.792 62.500
6 2173.0 143.691 62.500
6 2174.0 143.590 62.500
6 2175.0 143.490 62.500
6 2176.0 143.389 62.500
6 2177.0 143.288 62.500
6 2178.0 143.188 62.500
6 2179.0 143.087 62.500
6 2180.0 142.986 62.500
6 2181.0 142.885 62.500
6 2182.0 142.785 62.500
6 2183.0 142.684 62.500
6 2184.0 142.583 62.500
6 2185.0 142.483 62.500
6 2186.0 142.382 62.500
6 2187.0 142.281 62.500
6 2188.0 142.181 62.500
6 2189.0 142.080 62.500
6 2190.0 141.979 62.500
6 2191.0 141.878 62.500
6 2192.0 141.778 62.500
6 2193.0 141.677 62.500
6 2194.0 141.576 62.500
6 2195.0 141.476 62.500
6 2196.0 141.375 62.500
6 2197.0 141.274 62.500
6 2198.0 141.174 62.500
6 2199.0 141.073 62.500
6 2200.0 140.972 62.500
6 2201.0 140.872 62.500
6 2202.0 140.771 62.500
6 2203.0 140.670 62.500
6 2204.0 140.569 62.500
6 2205.0 140.469 62.500
6 2206.0 140.368 62.500
6 2207.0 140.267 62.500
6 2208.0 140.167 62.500
6 2209.0 140.066 62.500
6 2210.0 139.965 62.500
6 2211.0 139.865 62.500
6 2212.0 139.764 62.500
6 2213.0 139.663 62.500
6 2214.0 139.562 62.500
6 2215.0 139.462 62.500
6 2216.0 139.361 62.500
6 2217.0 139.260 62.500
6 2218.0 139.160 62.500
6 2219.0 139.059 62.500
6 2220.0 138.958 62.500
6 2221.0 138.858 62.500
6 2222.0 138.757 62.500
6 2223.0 138.656 62.500
6 2224.0 138.556 62.500
6 2225.0 138.455 62.500
6 2226.0 138.354 62.500
6 2227.0 138.253 62.500
6 2228.0 138.153 62.500
6 2229.0 138.052 62.500
6 2230.0 137.951 62.500
6 2231.0 137.851 62.500
6 2232.0 137.750 62.500
6 2233.0 137.649 62.500
6 2234.0 137.549 62.500
6 2235.0 137.448 62.500
6 2236.0 137.347 62.500
6 2237.0 137.247 62.500
6 2238.0 137.146 62.500
6 2239.0 137.045 62.500
6 2240.0 136.944 62.500
6 2241.0 136.844 62.500
6 2242.0 136.743 62.500
6 2243.0 136.642 62.500
6 2244.0 136.542 62.500
6 2245.0 136.441 62.500
6 2246.0 136.340 62.500
6 2247.0 136.240 62.500
6 2248.0 136.139 62.500
6 2249.0 136.038 62.500
6 2250.0 135.938 62.500
6 2251.0 135.837 62.500
6 2252.0 135.736 62.500
6 2253.0 135.635 62.500
6 2254.0 135.535 62.500
6 2255.0 135.434 62.500
6 2256.0 135.333 62.500
6 2257.0 135.233 62.500
6 2258.0 135.132 62.500
6 2259.0 135.031 62.500
6 2260.0 134.931 62.500
6 2261.0 134.830 62.500
6 2262.0 134.729 62.500
6 2263.0 134.628 62.500
6 2264.0 134.528 62.500
6 2265.0 134.427 62.500
6 2266.0 134.326 62.500
6 2267.0 134.226 62.500
6 2268.0 134.125 62.500
6 2269.0 134.024 62.500
6 2270.0 133.924 62.500
6 2271.0 133.823 62.500
6 2272.0 133.722 62.500
6 2273.0 133.622 62.500
6 2274.0 133.521 62.500
6 2275.0 133.420 62.500
6 2276.0 133.319 62.500
6 2277.0 133.219 62.500
6 2278.0 133.118 62.500
6 2279.0 133.017 62.500
6 2280.0 132.917 62.500
6 2281.0 132.816 62.500
6 2282.0 132.715 62.500
6 2283.0 132.615 62.500
6 2284.0 132.514 62.500
6 2285.0 132.413 62.500
6 2286.0 132.312 62.500
6 2287.0 132.212 62.500
6 2288.0 132.111 62.500
6 2289.0 132.010 62.500
6 2290.0 131.910 62.500
6 2291.0 131.809 62.500
6 2292.0 131.708 62.500
6 2293.0 131.608 62.500
6 2294.0 131.507 62.500
6 2295.0 131.406 62.500
6 2296.0 131.306 62.500
6 2297.0 131.205 62.500
6 2298.0 131.104 62.500
6 2299.0 131.003 62.500
6 2300.0 130.903 62.500
6 2301.0 130.802 62.500
6 2302.0 130.701 62.500
6 2303.0 130.601 62.500
6 2304.0 130.500 62.500
6 2305.0 130.399 62.500
6 2306.0 130.299 62.500
6 2307.0 130.198 62.500
6 2308.0 130.097 62.500
6 2309.0 129.997 62.500
6 2310.0 129.896 62.500
6 2311.0 129.795 62.500
6 2312.0 129.694 62.500
6 2313.0 129.594 62.500
6 2314.0 129.493 62.500
6 2315.0 129.392 62.500
6 2316.0 129.292 62.500
6 2317.0 129.191 62.500
6 2318.0 129.090 62.500
6 2319.0 128.990 62.500
6 2320.0 128.889 62.500
6 2321.0 128.788 62.500
6 2322.0 128.688 62.500
6 2323.0 128.587 62.500
6 2324.0 128.486 62.500
6 2325.0 128.385 62.500
6 2326.0 128.285 62.500
6 2327.0 128.184 62.500
6 2328.0 128.083 62.500
6 2329.0 127.983 62.500
6 2330.0 127.882 62.500
6 2331.0 127.781 62.500
6 2332.0 127.681 62.500
6 2333.0 127.580 62.500
6 2334.0 127.479 62.500
6 2335.0 127.378 62.500
6 2336.0 127.278 62.500
6 2337.0 127.177 62.500
6 2338.0 127.076 62.500
6 2339.0 126.976 62.500
6 2340.0 126.875 62.500
6 2341.0 126.774 62.500
6 2342.0 126.674 62.500
6 2343.0 126.573 62.500
6 2344.0 126.472 62.500
6 2345.0 126.372 62.500
6 2346.0 126.271 62.500
6 2347.0 126.170 62.500
6 2348.0 126.069 62.500
6 2349.0 125.969 62.500
6 2350.0 125.868 62.500
6 2351.0 125.767 62.500
6 2352.0 125.667 62.500
6 2353.0 125.566 62.500
6 2354.0 125.465 62.500
6 2355.0 125.365 62.500
6 2356.0 125.264 62.500
6 2357.0 125.163 62.500
6 2358.0 125.062 62.500
6 2359.0 124.962 62.500
6 2360.0 124.861 62.500
6 2361.0 124.760 62.500
6 2362.0 124.660 62.500
6 2363.0 124.559 62.500
6 2364.0 124.458 62.500
6 2365.0 124.358 62.500
6 2366.0 124.257 62.500
6 2367.0 124.156 62.500
6 2368.0 124.056 62.500
6 2369.0 123.955 62.500
6 2370.0 123.854 62.500
6 2371.0 123.753 62.500
6 2372.0 123.653 62.500
6 2373.0 123.552 62.500
6 2374.0 123.451 62.500
6 2375.0 123.351 62.500
6 2376.0 123.250 62.500
6 2377.0 123.149 62.500
6 2378.0 123.049 62.500
6 2379.0 122.948 62.500
6 2380.0 122.847 62.500
6 2381.0 122.747 62.500
6 2382.0 122.646 62.500
6 2383.0 122.545 62.500
6 2384.0 122.444 62.500
6 2385.0 122.344 62.500
6 2386.0 122.243 62.500
6 2387.0 122.142 62.500
6 2388.0 122.042 62.500
6 2389.0 121.941 62.500
6 2390.0 121.840 62.500
6 2391.0 121.740 62.500
6 2392.0 121.639 62.500
6 2393.0 121.538 62.500
6 2394.0 121.438 62.500
6 2395.0 121.337 62.500
6 2396.0 121.236 62.500
6 2397.0 121.135 62.500
6 2398.0 121.035 62.500
6 2399.0 120.934 62.500
6 2400.0 120.833 62.500
6 2401.0 120.733 62.500
6 2402.0 120.632 62.500
6 2403.0 120.531 62.500
6 2404.0 120.431 62.500
6 2405.0 120.330 62.500
6 2406.0 120.229 62.500
6 2407.0 120.128 62.500
6 2408.0 120.028 62.500
6 2409.0 119.927 62.500
6 2410.0 119.826 62.500
6 2411.0 119.726 62.500
6 2412.0 119.625 62.500
6 2413.0 119.524 62.500
6 2414.0 119.424 62.500
6 2415.0 119.323 62.500
6 2416.0 119.222 62.500
6 2417.0 119.122 62.500
6 2418.0 119.021 62.500
6 2419.0 118.920 62.500
6 2420.0 118.819 62.500
6 2421.0 118.719 62.500
6 2422.0 118.618 62.500
6 2423.0 118.517 62.500
6 2424.0 118.417 62.500
6 2425.0 118.316 62.500
6 2426.0 118.215 62.500
6 2427.0 118.115 62.500
6 2428.0 118.014 62.500
6 2429.0 117.913 62.500
6 2430.0 117.812 62.500
6 2431.0 117.712 62.500
6 2432.0 117.611 62.500
6 2433.0 117.510 62.500
6 2434.0 117.410 62.500
6 2435.0 117.309 62.500
6 2436.0 117.208 62.500
6 2437.0 117.108 62.500
6 2438.0 117.007 62.500
6 2439.0 116.906 62.500
6 2440.0 116.806 62.500
6 2441.0 116.705 62.500
6 2442.0 116.604 62.500
6 2443.0 116.503 62.500
6 2444.0 116.403 62.500
6 2445.0 116.302 62.500
6 2446.0 116.201 62.500
6 2447.0 116.101 62.500
6 2448.0 116.000 62.500
6 2449.0 115.899 62.500
6 2450.0 115.799 62.500
6 2451.0 115.698 62.500
6 2452.0 115.597 62.500
6 2453.0 115.497 62.500
6 2454.0 115.396 62.500
6 2455.0 115.295 62.500
6 2456.0 115.194 62.500
6 2457.0 115.094 62.500
6 2458.0 114.993 62.500
6 2459.0 114.892 62.500
6 2460.0 114.792 62.500
6 2461.0 114.691 62.500
6 2462.0 114.590 62.500
6 2463.0 114.490 62.500
6 2464.0 114.389 62.500
6 2465.0 114.288 62.500
6 2466.0 114.188 62.500
6 2467.0 114.087 62.500
6 2468.0 113.986 62.500
6 2469.0 113.885 62.500
6 2470.0 113.785 62.500
6 2471.0 113.684 62.500
6 2472.0 113.583 62.500
6 2473.0 113.483 62.500
6 2474.0 113.382 62.500
6 2475.0 113.281 62.500
6 2476.0 113.181 62.500
6 2477.0 113.080 62.500
6 2478.0 112.979 62.500
6 2479.0 112.878 62.500
6 2480.0 112.778 62.500
6 2481.0 112.677 62.500
6 2482.0 112.576 62.500
6 2483.0 112.476 62.500
6 2484.0 112.375 62.500
6 2485.0 112.274 62.500
6 2486.0 112.174 62.500
6 2487.0 112.073 62.500
6 2488.0 111.972 62.500
6 2489.0 111.872 62.500
6 2490.0 111.771 62.500
6 2491.0 111.670 62.500
6 2492.0 111.569 62.500
6 2493.0 111.469 62.500
6 2494.0 111.368 62.500
6 2495.0 111.267 62.500
6 2496.0 111.167 62.500
6 2497.0 111.066 62.500
6 2498.0 110.965 62.500
6 2499.0 110.865 62.500
6 2500.0 110.764 62.500
6 2501.0 110.663 62.500
6 2502.0 110.562 62.500
6 2503.0 110.462 62.500
6 2504.0 110.361 62.500
6 2505.0 110.260 62.500
6 2506.0 110.160 62.500
6 2507.0 110.059 62.500
6 2508.0 109.958 62.500
6 2509.0 109.858 62.500
6 2510.0 109.757 62.500
6 2511.0 109.656 62.500
6 2512.0 109.556 62.500
6 2513.0 109.455 62.500
6 2514.0 109.354 62.500
6 2515.0 109.253 62.500
6 2516.0 109.153 62.500
6 2517.0 109.052 62.500
6 2518.0 108.951 62.500
6 2519.0 108.851 62.500
6 2520.0 108.750 62.500
6 2521.0 108.649 62.500
6 2522.0 108.549 62.500
6 2523.0 108.448 62.500
6 2524.0 108.347 62.500
6 2525.0 108.247 62.500
6 2526.0 108.146 62.500
6 2527.0 108.045 62.500
6 2528.0 107.944 62.500
6 2529.0 107.844 62.500
6 2530.0 107.743 62.500
6 2531.0 107.642 62.500
6 2532.0 107.542 62.500
6 2533.0 107.441 62.500
6 2534.0 107.340 62.500
6 2535.0 107.240 62.500
6 2536.0 107.139 62.500
6 2537.0 107.038 62.500
6 2538.0 106.938 62.500
6 2539.0 106.837 62.500
6 2540.0 106.736 62.500
6 2541.0 106.635 62.500
6 2542.0 106.535 62.500
6 2543.0 106.434 62.500
6 2544.0 106.333 62.500
6 2545.0 106.233 62.500
6 2546.0 106.132 62.500
6 2547.0 106.031 62.500
6 2548.0 105.931 62.500
6 2549.0 105.830 62.500
6 2550.0 105.729 62.500
6 2551.0 105.628 62.500
6 2552.0 105.528 62.500
6 2553.0 105.427 62.500
6 2554.0 105.326 62.500
6 2555.0 105.226 62.500
6 2556.0 105.125 62.500
6 2557.0 105.024 62.500
6 2558.0 104.924 62.500
6 2559.0 104.823 62.500
6 2560.0 104.722 62.500
6 2561.0 104.622 62.500
6 2562.0 104.521 62.500
6 2563.0 104.420 62.500
6 2564.0 104.319 62.500
6 2565.0 104.219 62.500
6 2566.0 104.118 62.500
6 2567.0 104.017 62.500
6 2568.0 103.917 62.500
6 2569.0 103.816 62.500
6 2570.0 103.715 62.500
6 2571.0 103.615 62.500
6 2572.0 103.514 62.500
6 2573.0 103.413 62.500
6 2574.0 103.312 62.500
6 2575.0 103.212 62.500
6 2576.0 103.111 62.500
6 2577.0 103.010 62.500
6 2578.0 102.910 62.500
6 2579.0 102.809 62.500
6 2580.0 102.708 62.500
6 2581.0 102.608 62.500
6 2582.0 102.507 62.500
6 2583.0 102.406 62.500
6 2584.0 102.306 62.500
6 2585.0 102.205 62.500
6 2586.0 102.104 62.500
6 2587.0 102.003 62.500
6 2588.0 101.903 62.500
6 2589.0 101.802 62.500
6 2590.0 101.701 62.500
6 2591.0 101.601 62.500
6 2592.0 101.500 62.500
6 2593.0 101.399 62.500
6 2594.0 101.299 62.500
6 2595.0 101.198 62.500
6 2596.0 101.097 62.500
6 2597.0 100.997 62.500
6 2598.0 100.896 62.500
6 2599.0 100.795 62.500
6 2600.0 100.694 62.500
6 2601.0 100.594 62.500
6 2602.0 100.493 62.500
6 2603.0 100.392 62.500
6 2604.0 100.292 62.500
6 2605.0 100.191 62.500
6 2606.0 100.090 62.500
6 2607.0 99.990 62.500
6 2608.0 99.889 62.500
6 2609.0 99.788 62.500
6 2610.0 99.688 62.500
6 2611.0 99.587 62.500
6 2612.0 99.486 62.500
6 2613.0 99.385 62.500
6 2614.0 99.285 62.500
6 2615.0 99.184 62.500
6 2616.0 99.083 62.500
6 2617.0 98.983 62.500
6 2618.0 98.882 62.500
6 2619.0 98.781 62.500
6 2620.0 98.681 62.500
6 2621.0 98.580 62.500
6 2622.0 98.479 62.500
6 2623.0 98.378 62.500
6 2624.0 98.278 62.500
6 2625.0 98.177 62.500
6 2626.0 98.076 62.500
6 2627.0 97.976 62.500
6 2628.0 97.875 62.500
6 2629.0 97.774 62.500
6 2630.0 97.674 62.500
6 2631.0 97.573 62.500
6 2632.0 97.472 62.500
6 2633.0 97.372 62.500
6 2634.0 97.271 62.500
6 2635.0 97.170 62.500
6 2636.0 97.069 62.500
6 2637.0 96.969 62.500
6 2638.0 96.868 62.500
6 2639.0 96.767 62.500
6 2640.0 96.667 62.500
6 2641.0 96.566 62.500
6 2642.0 96.465 62.500
6 2643.0 96.365 62.500
6 2644.0 96.264 62.500
6 2645.0 96.163 62.500
6 2646.0 96.062 62.500
6 2647.0 95.962 62.500
6 2648.0 95.861 62.500
6 2649.0 95.760 62.500
6 2650.0 95.660 62.500
6 2651.0 95.559 62.500
6 2652.0 95.458 62.500
6 2653.0 95.358 62.500
6 2654.0 95.257 62.500
6 2655.0 95.156 62.500
6 2656.0 95.056 62.500
6 2657.0 94.955 62.500
6 2658.0 94.854 62.500
6 2659.0 94.753 62.500
6 2660.0 94.653 62.500
6 2661.0 94.552 62.500
6 2662.0 94.451 62.500
6 2663.0 94.351 62.500
6 2664.0 94.250 62.500
6 2665.0 94.149 62.500
6 2666.0 94.049 62.500
6 2667.0 93.948 62.500
6 2668.0 93.847 62.500
6 2669.0 93.747 62.500
6 2670.0 93.646 62.500
6 2671.0 93.545 62.500
6 2672.0 93.444 62.500
6 2673.0 93.344 62.500
6 2674.0 93.243 62.500
6 2675.0 93.142 62.500
6 2676.0 93.042 62.500
6 2677.0 92.941 62.500
6 2678.0 92.840 62.500
6 2679.0 92.740 62.500
6 2680.0 92.639 62.500
6 2681.0 92.538 62.500
6 2682.0 92.438 62.500
6 2683.0 92.337 62.500
6 2684.0 92.236 62.500
6 2685.0 92.135 62.500
6 2686.0 92.035 62.500
6 2687.0 91.934 62.500
6 2688.0 91.833 62.500
6 2689.0 91.733 62.500
6 2690.0 91.632 62.500
6 2691.0 91.531 62.500
6 2692.0 91.431 62.500
6 2693.0 91.330 62.500
6 2694.0 91.229 62.500
6 2695.0 91.128 62.500
6 2696.0 91.028 62.500
6 2697.0 90.927 62.500
6 2698.0 90.826 62.500
6 2699.0 90.726 62.500
6 2700.0 90.625 62.500
6 2701.0 90.524 62.500
6 2702.0 90.424 62.500
6 2703.0 90.323 62.500
6 2704.0 90.222 62.500
6 2705.0 90.122 62.500
6 2706.0 90.021 62.500
6 2707.0 89.920 62.500
6 2708.0 89.819 62.500
6 2709.0 89.719 62.500
6 2710.0 89.618 62.500
6 2711.0 89.517 62.500
6 2712.0 89.417 62.500
6 2713.0 89.316 62.500
6 2714.0 89.215 62.500
6 2715.0 89.115 62.500
6 2716.0 89.014 62.500
6 2717.0 88.913 62.500
6 2718.0 88.812 62.500
6 2719.0 88.712 62.500
6 2720.0 88.611 62.500
6 2721.0 88.510 62.500
6 2722.0 88.410 62.500
6 2723.0 88.309 62.500
6 2724.0 88.208 62.500
6 2725.0 88.108 62.500
6 2726.0 88.007 62.500
6 2727.0 87.906 62.500
6 2728.0 87.806 62.500
6 2729.0 87.705 62.500
6 2730.0 87.604 62.500
6 2731.0 87.503 62.500
6 2732.0 87.403 62.500
6 2733.0 87.302 62.500
6 2734.0 87.201 62.500
6 2735.0 87.101 62.500
6 2736.0 87.000 62.500
6 2737.0 86.899 62.500
6 2738.0 86.799 62.500
6 2739.0 86.698 62.500
6 2740.0 86.597 62.500
6 2741.0 86.497 62.500
6 2742.0 86.396 62.500
6 2743.0 86.295 62.500
6 2744.0 86.194 62.500
6 2745.0 86.094 62.500
6 2746.0 85.993 62.500
6 2747.0 85.892 62.500
6 2748.0 85.792 62.500
6 2749.0 85.691 62.500
6 2750.0 85.590 62.500
6 2751.0 85.490 62.500
6 2752.0 85.389 62.500
6 2753.0 85.288 62.500
6 2754.0 85.188 62.500
6 2755.0 85.087 62.500
6 2756.0 84.986 62.500
6 2757.0 84.885 62.500
6 2758.0 84.785 62.500
6 2759.0 84.684 62.500
6 2760.0 84.583 62.500
6 2761.0 84.483 62.500
6 2762.0 84.382 62.500
6 2763.0 84.281 62.500
6 2764.0 84.181 62.500
6 2765.0 84.080 62.500
6 2766.0 83.979 62.500
6 2767.0 83.878 62.500
6 2768.0 83.778 62.500
6 2769.0 83.677 62.500
6 2770.0 83.576 62.500
6 2771.0 83.476 62.500
6 2772.0 83.375 62.500
6 2773.0 83.274 62.500
6 2774.0 83.174 62.500
6 2775.0 83.073 62.500
6 2776.0 82.972 62.500
6 2777.0 82.872 62.500
6 2778.0 82.771 62.500
6 2779.0 82.670 62.500
6 2780.0 82.569 62.500
6 2781.0 82.469 62.500
6 2782.0 82.368 62.500
6 2783.0 82.267 62.500
6 2784.0 82.167 62.500
6 2785.0 82.066 62.500
6 2786.0 81.965 62.500
6 2787.0 81.865 62.500
6 2788.0 81.764 62.500
6 2789.0 81.663 62.500
6 2790.0 81.562 62.500
6 2791.0 81.462 62.500
6 2792.0 81.361 62.500
6 2793.0 81.260 62.500
6 2794.0 81.160 62.500
6 2795.0 81.059 62.500
6 2796.0 80.958 62.500
6 2797.0 80.858 62.500
6 2798.0 80.757 62.500
6 2799.0 80.656 62.500
6 2800.0 80.556 62.500
6 2801.0 80.455 62.500
6 2802.0 80.354 62.500
6 2803.0 80.253 62.500
6 2804.0 80.153 62.500
6 2805.0 80.052 62.500
6 2806.0 79.951 62.500
6 2807.0 79.851 62.500
6 2808.0 79.750 62.500
6 2809.0 79.649 62.500
6 2810.0 79.549 62.500
6 2811.0 79.448 62.500
6 2812.0 79.347 62.500
6 2813.0 79.247 62.500
6 2814.0 79.146 62.500
6 2815.0 79.045 62.500
6 2816.0 78.944 62.500
6 2817.0 78.844 62.500
6 2818.0 78.743 62.500
6 2819.0 78.642 62.500
6 2820.0 78.542 62.500
6 2821.0 78.441 62.500
6 2822.0 78.340 62.500
6 2823.0 78.240 62.500
6 2824.0 78.139 62.500
6 2825.0 78.038 62.500
6 2826.0 77.938 62.500
6 2827.0 77.837 62.500
6 2828.0 77.736 62.500
6 2829.0 77.635 62.500
6 2830.0 77.535 62.500
6 2831.0 77.434 62.500
6 2832.0 77.333 62.500
6 2833.0 77.233 62.500
6 2834.0 77.132 62.500
6 2835.0 77.031 62.500
6 2836.0 76.931 62.500
6 2837.0 76.830 62.500
6 2838.0 76.729 62.500
6 2839.0 76.628 62.500
6 2840.0 76.528 62.500
6 2841.0 76.427 62.500
6 2842.0 76.326 62.500
6 2843.0 76.226 62.500
6 2844.0 76.125 62.500
6 2845.0 76.024 62.500
6 2846.0 75.924 62.500
6 2847.0 75.823 62.500
6 2848.0 75.722 62.500
6 2849.0 75.622 62.500
6 2850.0 75.521 62.500
6 2851.0 75.420 62.500
6 2852.0 75.319 62.500
6 2853.0 75.219 62.500
6 2854.0 75.118 62.500
6 2855.0 75.017 62.500
6 2856.0 74.917 62.500
6 2857.0 74.816 62.500
6 2858.0 74.715 62.500
6 2859.0 74.615 62.500
6 2860.0 74.514 62.500
6 2861.0 74.413 62.500
6 2862.0 74.312 62.500
6 2863.0 74.212 62.500
6 2864.0 74.111 62.500
6 2865.0 74.010 62.500
6 2866.0 73.910 62.500
6 2867.0 73.809 62.500
6 2868.0 73.708 62.500
6 2869.0 73.608 62.500
6 2870.0 73.507 62.500
6 2871.0 73.406 62.500
6 2872.0 73.306 62.500
6 2873.0 73.205 62.500
6 2874.0 73.104 62.500
6 2875.0 73.003 62.500
6 2876.0 72.903 62.500
6 2877.0 72.802 62.500
6 2878.0 72.701 62.500
6 2879.0 72.601 62.500
6 2880.0 72.500 62.500
6 2881.0 72.399 62.500
6 2882.0 72.299 62.500
6 2883.0 72.198 62.500
6 2884.0 72.097 62.500
6 2885.0 71.997 62.500
6 2886.0 71.896 62.500
6 2887.0 71.795 62.500
6 2888.0 71.694 62.500
6 2889.0 71.594 62.500
6 2890.0 71.493 62.500
6 2891.0 71.392 62.500
6 2892.0 71.292 62.500
6 2893.0 71.191 62.500
6 2894.0 71.090 62.500
6 2895.0 70.990 62.500
6 2896.0 70.889 62.500
6 2897.0 70.788 62.500
6 2898.0 70.687 62.500
6 2899.0 70.587 62.500
6 2900.0 70.486 62.500
6 2901.0 70.385 62.500
6 2902.0 70.285 62.500
6 2903.0 70.184 62.500
6 2904.0 70.083 62.500
6 2905.0 69.983 62.500
6 2906.0 69.882 62.500
6 2907.0 69.781 62.500
6 2908.0 69.681 62.500
6 2909.0 69.580 62.500
6 2910.0 69.479 62.500
6 2911.0 69.378 62.500
6 2912.0 69.278 62.500
6 2913.0 69.177 62.500
6 2914.0 69.076 62.500
6 2915.0 68.976 62.500
6 2916.0 68.875 62.500
6 2917.0 68.774 62.500
6 2918.0 68.674 62.500
6 2919.0 68.573 62.500
6 2920.0 68.472 62.500
6 2921.0 68.372 62.500
6 2922.0 68.271 62.500
6 2923.0 68.170 62.500
6 2924.0 68.069 62.500
6 2925.0 67.969 62.500
6 2926.0 67.868 62.500
6 2927.0 67.767 62.500
6 2928.0 67.667 62.500
6 2929.0 67.566 62.500
6 2930.0 67.465 62.500
6 2931.0 67.365 62.500
6 2932.0 67.264 62.500
6 2933.0 67.163 62.500
6 2934.0 67.063 62.500
6 2935.0 66.962 62.500
6 2936.0 66.861 62.500
6 2937.0 66.760 62.500
6 2938.0 66.660 62.500
6 2939.0 66.559 62.500
6 2940.0 66.458 62.500
6 2941.0 66.358 62.500
6 2942.0 66.257 62.500
6 2943.0 66.156 62.500
6 2944.0 66.056 62.500
6 2945.0 65.955 62.500
6 2946.0 65.854 62.500
6 2947.0 65.753 62.500
6 2948.0 65.653 62.500
6 2949.0 65.552 62.500
6 2950.0 65.451 62.500
6 2951.0 65.351 62.500
6 2952.0 65.250 62.500
6 2953.0 65.149 62.500
6 2954.0 65.049 62.500
6 2955.0 64.948 62.500
6 2956.0 64.847 62.500
6 2957.0 64.747 62.500
6 2958.0 64.646 62.500
6 2959.0 64.545 62.500
6 2960.0 64.444 62.500
6 2961.0 64.344 62.500
6 2962.0 64.243 62.500
6 2963.0 64.142 62.500
6 2964.0 64.042 62.500
6 2965.0 63.941 62.500
6 2966.0 63.840 62.500
6 2967.0 63.740 62.500
6 2968.0 63.639 62.500
6 2969.0 63.538 62.500
6 2970.0 63.438 62.500
6 2971.0 63.337 62.500
6 2972.0 63.236 62.500
6 2973.0 63.135 62.500
6 2974.0 63.035 62.500
6 2975.0 62.934 62.500
6 2976.0 62.833 62.500
6 2977.0 62.733 62.500
6 2978.0 62.632 62.500
6 2979.0 62.531 62.500
6 2980.0 62.431 62.500
6 2981.0 62.330 62.500
6 2982.0 62.229 62.500
6 2983.0 62.128 62.500
6 2984.0 62.028 62.500
6 2985.0 61.927 62.500
6 2986.0 61.826 62.500
6 2987.0 61.726 62.500
6 2988.0 61.625 62.500
6 2989.0 61.524 62.500
6 2990.0 61.424 62.500
6 2991.0 61.323 62.500
6 2992.0 61.222 62.500
6 2993.0 61.122 62.500
6 2994.0 61.021 62.500
6 2995.0 60.920 62.500
6 2996.0 60.819 62.500
6 2997.0 60.719 62.500
6 2998.0 60.618 62.500
6 2999.0 60.517 62.500
6 3000.0 60.417 62.500
6 3001.0 60.316 62.500
6 3002.0 60.215 62.500
6 3003.0 60.115 62.500
6 3004.0 60.014 62.500
6 3005.0 59.913 62.500
6 3006.0 59.813 62.500
6 3007.0 59.712 62.500
6 3008.0 59.611 62.500
6 3009.0 59.510 62.500
6 3010.0 59.410 62.500
6 3011.0 59.309 62.500
6 3012.0 59.208 62.500
6 3013.0 59.108 62.500
6 3014.0 59.007 62.500
6 3015.0 58.906 62.500
6 3016.0 58.806 62.500
6 3017.0 58.705 62.500
6 3018.0 58.604 62.500
6 3019.0 58.503 62.500
6 3020.0 58.403 62.500
6 3021.0 58.302 62.500
6 3022.0 58.201 62.500
6 3023.0 58.101 62.500
6 3024.0 58.000 62.500
6 3025.0 57.899 62.500
6 3026.0 57.799 62.500
6 3027.0 57.698 62.500
6 3028.0 57.597 62.500
6 3029.0 57.497 62.500
6 3030.0 57.396 62.500
6 3031.0 57.295 62.500
6 3032.0 57.194 62.500
6 3033.0 57.094 62.500
6 3034.0 56.993 62.500
6 3035.0 56.892 62.500
6 3036.0 56.792 62.500
6 3037.0 56.691 62.500
6 3038.0 56.590 62.500
6 3039.0 56.490 62.500
6 3040.0 56.389 62.500
6 3041.0 56.288 62.500
6 3042.0 56.188 62.500
6 3043.0 56.087 62.500
6 3044.0 55.986 62.500
6 3045.0 55.885 62.500
6 3046.0 55.785 62.500
6 3047.0 55.684 62.500
6 3048.0 55.583 62.500
6 3049.0 55.483 62.500
6 3050.0 55.382 62.500
6 3051.0 55.281 62.500
6 3052.0 55.181 62.500
6 3053.0 55.080 62.500
6 3054.0 54.979 62.500
6 3055.0 54.878 62.500
6 3056.0 54.778 62.500
6 3057.0 54.677 62.500
6 3058.0 54.576 62.500
6 3059.0 54.476 62.500
6 3060.0 54.375 62.500
6 3061.0 54.274 62.500
6 3062.0 54.174 62.500
6 3063.0 54.073 62.500
6 3064.0 53.972 62.500
6 3065.0 53.872 62.500
6 3066.0 53.771 62.500
6 3067.0 53.670 62.500
6 3068.0 53.569 62.500
6 3069.0 53.469 62.500
6 3070.0 53.368 62.500
6 3071.0 53.267 62.500
6 3072.0 53.167 62.500
6 3073.0 53.066 62.500
6 3074.0 52.965 62.500
6 3075.0 52.865 62.500
6 3076.0 52.764 62.500
6 3077.0 52.663 62.500
6 3078.0 52.562 62.500
6 3079.0 52.462 62.500
6 3080.0 52.361 62.500
6 3081.0 52.260 62.500
6 3082.0 52.160 62.500
6 3083.0 52.059 62.500
6 3084.0 51.958 62.500
6 3085.0 51.858 62.500
6 3086.0 51.757 62.500
6 3087.0 51.656 62.500
6 3088.0 51.556 62.500
6 3089.0 51.455 62.500
6 3090.0 51.354 62.500
6 3091.0 51.253 62.500
6 3092.0 51.153 62.500
6 3093.0 51.052 62.500
6 3094.0 50.951 62.500
6 3095.0 50.851 62.500
6 3096.0 50.750 62.500
6 3097.0 50.649 62.500
6 3098.0 50.549 62.500
6 3099.0 50.448 62.500
6 3100.0 50.347 62.500
6 3101.0 50.247 62.500
6 3102.0 50.146 62.500
6 3103.0 50.045 62.500
6 3104.0 49.944 62.500
6 3105.0 49.844 62.500
6 3106.0 49.743 62.500
6 3107.0 49.642 62.500
6 3108.0 49.542 62.500
6 3109.0 49.441 62.500
6 3110.0 49.340 62.500
6 3111.0 49.240 62.500
6 3112.0 49.139 62.500
6 3113.0 49.038 62.500
6 3114.0 48.938 62.500
6 3115.0 48.837 62.500
6 3116.0 48.736 62.500
6 3117.0 48.635 62.500
6 3118.0 48.535 62.500
6 3119.0 48.434 62.500
6 3120.0 48.333 62.500
6 3121.0 48.233 62.500
6 3122.0 48.132 62.500
6 3123.0 48.031 62.500
6 3124.0 47.931 62.500
6 3125.0 47.830 62.500
6 3126.0 47.729 62.500
6 3127.0 47.628 62.500
6 3128.0 47.528 62.500
6 3129.0 47.427 62.500
6 3130.0 47.326 62.500
6 3131.0 47.226 62.500
6 3132.0 47.125 62.500
6 3133.0 47.024 62.500
6 3134.0 46.924 62.500
6 3135.0 46.823 62.500
6 3136.0 46.722 62.500
6 3137.0 46.622 62.500
6 3138.0 46.521 62.500
6 3139.0 46.420 62.500
6 3140.0 46.319 62.500
6 3141.0 46.219 62.500
6 3142.0 46.118 62.500
6 3143.0 46.017 62.500
6 3144.0 45.917 62.500
6 3145.0 45.816 62.500
6 3146.0 45.715 62.500
6 3147.0 45.615 62.500
6 3148.0 45.514 62.500
6 3149.0 45.413 62.500
6 3150.0 45.312 62.500
6 3151.0 45.212 62.500
6 3152.0 45.111 62.500
6 3153.0 45.010 62.500
6 3154.0 44.910 62.500
6 3155.0 44.809 62.500
6 3156.0 44.708 62.500
6 3157.0 44.608 62.500
6 3158.0 44.507 62.500
6 3159.0 44.406 62.500
6 3160.0 44.306 62.500
6 3161.0 44.205 62.500
6 3162.0 44.104 62.500
6 3163.0 44.003 62.500
6 3164.0 43.903 62.500
6 3165.0 43.802 62.500
6 3166.0 43.701 62.500
6 3167.0 43.601 62.500
6 3168.0 43.500 62.500
6 3169.0 43.399 62.500
6 3170.0 43.299 62.500
6 3171.0 43.198 62.500
6 3172.0 43.097 62.500
6 3173.0 42.997 62.500
6 3174.0 42.896 62.500
6 3175.0 42.795 62.500
6 3176.0 42.694 62.500
6 3177.0 42.594 62.500
6 3178.0 42.493 62.500
6 3179.0 42.392 62.500
6 3180.0 42.292 62.500
6 3181.0 42.191 62.500
6 3182.0 42.090 62.500
6 3183.0 41.990 62.500
6 3184.0 41.889 62.500
6 3185.0 41.788 62.500
6 3186.0 41.688 62.500
6 3187.0 41.587 62.500
6 3188.0 41.486 62.500
6 3189.0 41.385 62.500
6 3190.0 41.285 62.500
6 3191.0 41.184 62.500
6 3192.0 41.083 62.500
6 3193.0 40.983 62.500
6 3194.0 40.882 62.500
6 3195.0 40.781 62.500
6 3196.0 40.681 62.500
6 3197.0 40.580 62.500
6 3198.0 40.479 62.500
6 3199.0 40.378 62.500
6 3200.0 40.278 62.500
6 3201.0 40.177 62.500
6 3202.0 40.076 62.500
6 3203.0 39.976 62.500
6 3204.0 39.875 62.500
6 3205.0 39.774 62.500
6 3206.0 39.674 62.500
6 3207.0 39.573 62.500
6 3208.0 39.472 62.500
6 3209.0 39.372 62.500
6 3210.0 39.271 62.500
6 3211.0 39.170 62.500
6 3212.0 39.069 62.500
6 3213.0 38.969 62.500
6 3214.0 38.868 62.500
6 3215.0 38.767 62.500
6 3216.0 38.667 62.500
6 3217.0 38.566 62.500
6 3218.0 38.465 62.500
6 3219.0 38.365 62.500
6 3220.0 38.264 62.500
6 3221.0 38.163 62.500
6 3222.0 38.062 62.500
6 3223.0 37.962 62.500
6 3224.0 37.861 62.500
6 3225.0 37.760 62.500
6 3226.0 37.660 62.500
6 3227.0 37.559 62.500
6 3228.0 37.458 62.500
6 3229.0 37.358 62.500
6 3230.0 37.257 62.500
6 3231.0 37.156 62.500
6 3232.0 37.056 62.500
6 3233.0 36.955 62.500
6 3234.0 36.854 62.500
6 3235.0 36.753 62.500
6 3236.0 36.653 62.500
6 3237.0 36.552 62.500
6 3238.0 36.451 62.500
6 3239.0 36.351 62.500
6 3240.0 36.250 62.500
6 3241.0 36.149 62.500
6 3242.0 36.049 62.500
6 3243.0 35.948 62.500
6 3244.0 35.847 62.500
6 3245.0 35.747 62.500
6 3246.0 35.646 62.500
6 3247.0 35.545 62.500
6 3248.0 35.444 62.500
6 3249.0 35.344 62.500
6 3250.0 35.243 62.500
6 3251.0 35.142 62.500
6 3252.0 35.042 62.500
6 3253.0 34.941 62.500
6 3254.0 34.840 62.500
6 3255.0 34.740 62.500
6 3256.0 34.639 62.500
6 3257.0 34.538 62.500
6 3258.0 34.438 62.500
6 3259.0 34.337 62.500
6 3260.0 34.236 62.500
6 3261.0 34.135 62.500
6 3262.0 34.035 62.500
6 3263.0 33.934 62.500
6 3264.0 33.833 62.500
6 3265.0 33.733 62.500
6 3266.0 33.632 62.500
6 3267.0 33.531 62.500
6 3268.0 33.431 62.500
6 3269.0 33.330 62.500
6 3270.0 33.229 62.500
6 3271.0 33.128 62.500
6 3272.0 33.028 62.500
6 3273.0 32.927 62.500
6 3274.0 32.826 62.500
6 3275.0 32.726 62.500
6 3276.0 32.625 62.500
6 3277.0 32.524 62.500
6 3278.0 32.424 62.500
6 3279.0 32.323 62.500
6 3280.0 32.222 62.500
6 3281.0 32.122 62.500
6 3282.0 32.021 62.500
6 3283.0 31.920 62.500
6 3284.0 31.819 62.500
6 3285.0 31.719 62.500
6 3286.0 31.618 62.500
6 3287.0 31.517 62.500
6 3288.0 31.417 62.500
6 3289.0 31.316 62.500
6 3290.0 31.215 62.500
6 3291.0 31.115 62.500
6 3292.0 31.014 62.500
6 3293.0 30.913 62.500
6 3294.0 30.812 62.500
6 3295.0 30.712 62.500
6 3296.0 30.611 62.500
6 3297.0 30.510 62.500
6 3298.0 30.410 62.500
6 3299.0 30.309 62.500
6 3300.0 30.208 62.500
6 3301.0 30.108 62.500
6 3302.0 30.007 62.500
6 3303.0 29.906 62.500
6 3304.0 29.806 62.500
6 3305.0 29.705 62.500
6 3306.0 29.604 62.500
6 3307.0 29.503 62.500
6 3308.0 29.403 62.500
6 3309.0 29.302 62.500
6 3310.0 29.201 62.500
6 3311.0 29.101 62.500
6 3312.0 29.000 62.500
6 3313.0 28.899 62.500
6 3314.0 28.799 62.500
6 3315.0 28.698 62.500
6 3316.0 28.597 62.500
6 3317.0 28.497 62.500
6 3318.0 28.396 62.500
6 3319.0 28.295 62.500
6 3320.0 28.194 62.500
6 3321.0 28.094 62.500
6 3322.0 27.993 62.500
6 3323.0 27.892 62.500
6 3324.0 27.792 62.500
6 3325.0 27.691 62.500
6 3326.0 27.590 62.500
6 3327.0 27.490 62.500
6 3328.0 27.389 62.500
6 3329.0 27.288 62.500
6 3330.0 27.188 62.500
6 3331.0 27.087 62.500
6 3332.0 26.986 62.500
6 3333.0 26.885 62.500
6 3334.0 26.785 62.500
6 3335.0 26.684 62.500
6 3336.0 26.583 62.500
6 3337.0 26.483 62.500
6 3338.0 26.382 62.500
6 3339.0 26.281 62.500
6 3340.0 26.181 62.500
6 3341.0 26.080 62.500
6 3342.0 25.979 62.500
6 3343.0 25.878 62.500
6 3344.0 25.778 62.500
6 3345.0 25.677 62.500
6 3346.0 25.576 62.500
6 3347.0 25.476 62.500
6 3348.0 25.375 62.500
6 3349.0 25.274 62.500
6 3350.0 25.174 62.500
6 3351.0 25.073 62.500
6 3352.0 24.972 62.500
6 3353.0 24.872 62.500
6 3354.0 24.771 62.500
6 3355.0 24.670 62.500
6 3356.0 24.569 62.500
6 3357.0 24.469 62.500
6 3358.0 24.368 62.500
6 3359.0 24.267 62.500
6 3360.0 24.167 62.500
6 3361.0 24.066 62.500
6 3362.0 23.965 62.500
6 3363.0 23.865 62.500
6 3364.0 23.764 62.500
6 3365.0 23.663 62.500
6 3366.0 23.562 62.500
6 3367.0 23.462 62.500
6 3368.0 23.361 62.500
6 3369.0 23.260 62.500
6 3370.0 23.160 62.500
6 3371.0 23.059 62.500
6 3372.0 22.958 62.500
6 3373.0 22.858 62.500
6 3374.0 22.757 62.500
6 3375.0 22.656 62.500
6 3376.0 22.556 62.500
6 3377.0 22.455 62.500
6 3378.0 22.354 62.500
6 3379.0 22.253 62.500
6 3380.0 22.153 62.500
6 3381.0 22.052 62.500
6 3382.0 21.951 62.500
6 3383.0 21.851 62.500
6 3384.0 21.750 62.500
6 3385.0 21.649 62.500
6 3386.0 21.549 62.500
6 3387.0 21.448 62.500
6 3388.0 21.347 62.500
6 3389.0 21.247 62.500
6 3390.0 21.146 62.500
6 3391.0 21.045 62.500
6 3392.0 20.944 62.500
6 3393.0 20.844 62.500
6 3394.0 20.743 62.500
6 3395.0 20.642 62.500
6 3396.0 20.542 62.500
6 3397.0 20.441 62.500
6 3398.0 20.340 62.500
6 3399.0 20.240 62.500
6 3400.0 20.139 62.500
6 3401.0 20.038 62.500
6 3402.0 19.938 62.500
6 3403.0 19.837 62.500
6 3404.0 19.736 62.500
6 3405.0 19.635 62.500
6 3406.0 19.535 62.500
6 3407.0 19.434 62.500
6 3408.0 19.333 62.500
6 3409.0 19.233 62.500
6 3410.0 19.132 62.500
6 3411.0 19.031 62.500
6 3412.0 18.931 62.500
6 3413.0 18.830 62.500
6 3414.0 18.729 62.500
6 3415.0 18.628 62.500
6 3416.0 18.528 62.500
6 3417.0 18.427 62.500
6 3418.0 18.326 62.500
6 3419.0 18.226 62.500
6 3420.0 18.125 62.500
6 3421.0 18.024 62.500
6 3422.0 17.924 62.500
6 3423.0 17.823 62.500
6 3424.0 17.722 62.500
6 3425.0 17.622 62.500
6 3426.0 17.521 62.500
6 3427.0 17.420 62.500
6 3428.0 17.319 62.500
6 3429.0 17.219 62.500
6 3430.0 17.118 62.500
6 3431.0 17.017 62.500
6 3432.0 16.917 62.500
6 3433.0 16.816 62.500
6 3434.0 16.715 62.500
6 3435.0 16.615 62.500
6 3436.0 16.514 62.500
6 3437.0 16.413 62.500
6 3438.0 16.312 62.500
6 3439.0 16.212 62.500
6 3440.0 16.111 62.500
6 3441.0 16.010 62.500
6 3442.0 15.910 62.500
6 3443.0 15.809 62.500
6 3444.0 15.708 62.500
6 3445.0 15.608 62.500
6 3446.0 15.507 62.500
6 3447.0 15.406 62.500
6 3448.0 15.306 62.500
6 3449.0 15.205 62.500
6 3450.0 15.104 62.500
6 3451.0 15.003 62.500
6 3452.0 14.903 62.500
6 3453.0 14.802 62.500
6 3454.0 14.701 62.500
6 3455.0 14.601 62.500
6 3456.0 14.500 62.500
6 3457.0 14.399 62.500
6 3458.0 14.299 62.500
6 3459.0 14.198 62.500
6 3460.0 14.097 62.500
6 3461.0 13.997 62.500
6 3462.0 13.896 62.500
6 3463.0 13.795 62.500
6 3464.0 13.694 62.500
6 3465.0 13.594 62.500
6 3466.0 13.493 62.500
6 3467.0 13.392 62.500
6 3468.0 13.292 62.500
6 3469.0 13.191 62.500
6 3470.0 13.090 62.500
6 3471.0 12.990 62.500
6 3472.0 12.889 62.500
6 3473.0 12.788 62.500
6 3474.0 12.688 62.500
6 3475.0 12.587 62.500
6 3476.0 12.486 62.500
6 3477.0 12.385 62.500
6 3478.0 12.285 62.500
6 3479.0 12.184 62.500
6 3480.0 12.083 62.500
6 3481.0 11.983 62.500
6 3482.0 11.882 62.500
6 3483.0 11.781 62.500
6 3484.0 11.681 62.500
6 3485.0 11.580 62.500
6 3486.0 11.479 62.500
6 3487.0 11.378 62.500
6 3488.0 11.278 62.500
6 3489.0 11.177 62.500
6 3490.0 11.076 62.500
6 3491.0 10.976 62.500
6 3492.0 10.875 62.500
6 3493.0 10.774 62.500
6 3494.0 10.674 62.500
6 3495.0 10.573 62.500
6 3496.0 10.472 62.500
6 3497.0 10.372 62.500
6 3498.0 10.271 62.500
6 3499.0 10.170 62.500
6 3500.0 10.069 62.500
6 3501.0 9.969 62.500
6 3502.0 9.868 62.500
6 3503.0 9.767 62.500
6 3504.0 9.667 62.500
6 3505.0 9.566 62.500
6 3506.0 9.465 62.500
6 3507.0 9.365 62.500
6 3508.0 9.264 62.500
6 3509.0 9.163 62.500
6 3510.0 9.062 62.500
6 3511.0 8.962 62.500
6 3512.0 8.861 62.500
6 3513.0 8.760 62.500
6 3514.0 8.660 62.500
6 3515.0 8.559 62.500
6 3516.0 8.458 62.500
6 3517.0 8.358 62.500
6 3518.0 8.257 62.500
6 3519.0 8.156 62.500
6 3520.0 8.056 62.500
6 3521.0 7.955 62.500
6 3522.0 7.854 62.500
6 3523.0 7.753 62.500
6 3524.0 7.653 62.500
6 3525.0 7.552 62.500
6 3526.0 7.451 62.500
6 3527.0 7.351 62.500
6 3528.0 7.250 62.500
6 3529.0 7.149 62.500
6 3530.0 7.049 62.500
6 3531.0 6.948 62.500
6 3532.0 6.847 62.500
6 3533.0 6.747 62.500
6 3534.0 6.646 62.500
6 3535.0 6.545 62.500
6 3536.0 6.444 62.500
6 3537.0 6.344 62.500
6 3538.0 6.243 62.500
6 3539.0 6.142 62.500
6 3540.0 6.042 62.500
6 3541.0 5.941 62.500
6 3542.0 5.840 62.500
6 3543.0 5.740 62.500
6 3544.0 5.639 62.500
6 3545.0 5.538 62.500
6 3546.0 5.438 62.500
6 3547.0 5.337 62.500
6 3548.0 5.236 62.500
6 3549.0 5.135 62.500
6 3550.0 5.035 62.500
6 3551.0 4.934 62.500
6 3552.0 4.833 62.500
6 3553.0 4.733 62.500
6 3554.0 4.632 62.500
6 3555.0 4.531 62.500
6 3556.0 4.431 62.500
6 3557.0 4.330 62.500
6 3558.0 4.229 62.500
6 3559.0 4.128 62.500
6 3560.0 4.028 62.500
6 3561.0 3.927 62.500
6 3562.0 3.826 62.500
6 3563.0 3.726 62.500
6 3564.0 3.625 62.500
6 3565.0 3.524 62.500
6 3566.0 3.424 62.500
6 3567.0 3.323 62.500
6 3568.0 3.222 62.500
6 3569.0 3.122 62.500
6 3570.0 3.021 62.500
6 3571.0 2.920 62.500
6 3572.0 2.819 62.500
6 3573.0 2.719 62.500
6 3574.0 2.618 62.500
6 3575.0 2.517 62.500
6 3576.0 2.417 62.500
6 3577.0 2.316 62.500
6 3578.0 2.215 62.500
6 3579.0 2.115 62.500
6 3580.0 2.014 62.500
6 3581.0 1.913 62.500
6 3582.0 1.812 62.500
6 3583.0 1.712 62.500
6 3584.0 1.611 62.500
6 3585.0 1.510 62.500
6 3586.0 1.410 62.500
6 3587.0 1.309 62.500
6 3588.0 1.208 62.500
6 3589.0 1.108 62.500
6 3590.0 1.007 62.500
6 3591.0 0.906 62.500
6 3592.0 0.806 62.500
6 3593.0 0.705 62.500
6 3594.0 0.604 62.500
6 3595.0 0.503 62.500
6 3596.0 0.403 62.500
6 3597.0 0.302 62.500
6 3598.0 0.201 62.500
6 3599.0 0.101 62.500
6 3600.0 0.000 62.500
