# Cooja mobility data: grid40node HIGH coverage
# Mobile sink: mote 7 in Cooja (id 6 = 0-indexed for mobility plugin)
# Start position: (0.0, 125.0)
# Path length: 575.00 m
# Total simulation time: 3600 s (1 hour)
# No static phase; mobile sink starts moving at t=0
# Speed: 0.1597 m/s (trajectory completes in exactly 1 hour)
# Format: <node_id> <time_s> <x_m> <y_m>
6 0.0 0.000 125.000
6 1.0 0.160 125.000
6 2.0 0.319 125.000
6 3.0 0.479 125.000
6 4.0 0.639 125.000
6 5.0 0.799 125.000
6 6.0 0.958 125.000
6 7.0 1.118 125.000
6 8.0 1.278 125.000
6 9.0 1.438 125.000
6 10.0 1.597 125.000
6 11.0 1.757 125.000
6 12.0 1.917 125.000
6 13.0 2.076 125.000
6 14.0 2.236 125.000
6 15.0 2.396 125.000
6 16.0 2.556 125.000
6 17.0 2.715 125.000
6 18.0 2.875 125.000
6 19.0 3.035 125.000
6 20.0 3.194 125.000
6 21.0 3.354 125.000
6 22.0 3.514 125.000
6 23.0 3.674 125.000
6 24.0 3.833 125.000
6 25.0 3.993 125.000
6 26.0 4.153 125.000
6 27.0 4.312 125.000
6 28.0 4.472 125.000
6 29.0 4.632 125.000
6 30.0 4.792 125.000
6 31.0 4.951 125.000
6 32.0 5.111 125.000
6 33.0 5.271 125.000
6 34.0 5.431 125.000
6 35.0 5.590 125.000
6 36.0 5.750 125.000
6 37.0 5.910 125.000
6 38.0 6.069 125.000
6 39.0 6.229 125.000
6 40.0 6.389 125.000
6 41.0 6.549 125.000
6 42.0 6.708 125.000
6 43.0 6.868 125.000
6 44.0 7.028 125.000
6 45.0 7.187 125.000
6 46.0 7.347 125.000
6 47.0 7.507 125.000
6 48.0 7.667 125.000
6 49.0 7.826 125.000
6 50.0 7.986 125.000
6 51.0 8.146 125.000
6 52.0 8.306 125.000
6 53.0 8.465 125.000
6 54.0 8.625 125.000
6 55.0 8.785 125.000
6 56.0 8.944 125.000
6 57.0 9.104 125.000
6 58.0 9.264 125.000
6 59.0 9.424 125.000
6 60.0 9.583 125.000
6 61.0 9.743 125.000
6 62.0 9.903 125.000
6 63.0 10.062 125.000
6 64.0 10.222 125.000
6 65.0 10.382 125.000
6 66.0 10.542 125.000
6 67.0 10.701 125.000
6 68.0 10.861 125.000
6 69.0 11.021 125.000
6 70.0 11.181 125.000
6 71.0 11.340 125.000
6 72.0 11.500 125.000
6 73.0 11.660 125.000
6 74.0 11.819 125.000
6 75.0 11.979 125.000
6 76.0 12.139 125.000
6 77.0 12.299 125.000
6 78.0 12.458 125.000
6 79.0 12.618 125.000
6 80.0 12.778 125.000
6 81.0 12.937 125.000
6 82.0 13.097 125.000
6 83.0 13.257 125.000
6 84.0 13.417 125.000
6 85.0 13.576 125.000
6 86.0 13.736 125.000
6 87.0 13.896 125.000
6 88.0 14.056 125.000
6 89.0 14.215 125.000
6 90.0 14.375 125.000
6 91.0 14.535 125.000
6 92.0 14.694 125.000
6 93.0 14.854 125.000
6 94.0 15.014 125.000
6 95.0 15.174 125.000
6 96.0 15.333 125.000
6 97.0 15.493 125.000
6 98.0 15.653 125.000
6 99.0 15.812 125.000
6 100.0 15.972 125.000
6 101.0 16.132 125.000
6 102.0 16.292 125.000
6 103.0 16.451 125.000
6 104.0 16.611 125.000
6 105.0 16.771 125.000
6 106.0 16.931 125.000
6 107.0 17.090 125.000
6 108.0 17.250 125.000
6 109.0 17.410 125.000
6 110.0 17.569 125.000
6 111.0 17.729 125.000
6 112.0 17.889 125.000
6 113.0 18.049 125.000
6 114.0 18.208 125.000
6 115.0 18.368 125.000
6 116.0 18.528 125.000
6 117.0 18.688 125.000
6 118.0 18.847 125.000
6 119.0 19.007 125.000
6 120.0 19.167 125.000
6 121.0 19.326 125.000
6 122.0 19.486 125.000
6 123.0 19.646 125.000
6 124.0 19.806 125.000
6 125.0 19.965 125.000
6 126.0 20.125 125.000
6 127.0 20.285 125.000
6 128.0 20.444 125.000
6 129.0 20.604 125.000
6 130.0 20.764 125.000
6 131.0 20.924 125.000
6 132.0 21.083 125.000
6 133.0 21.243 125.000
6 134.0 21.403 125.000
6 135.0 21.562 125.000
6 136.0 21.722 125.000
6 137.0 21.882 125.000
6 138.0 22.042 125.000
6 139.0 22.201 125.000
6 140.0 22.361 125.000
6 141.0 22.521 125.000
6 142.0 22.681 125.000
6 143.0 22.840 125.000
6 144.0 23.000 125.000
6 145.0 23.160 125.000
6 146.0 23.319 125.000
6 147.0 23.479 125.000
6 148.0 23.639 125.000
6 149.0 23.799 125.000
6 150.0 23.958 125.000
6 151.0 24.118 125.000
6 152.0 24.278 125.000
6 153.0 24.437 125.000
6 154.0 24.597 125.000
6 155.0 24.757 125.000
6 156.0 24.917 125.000
6 157.0 25.076 125.000
6 158.0 25.236 125.000
6 159.0 25.396 125.000
6 160.0 25.556 125.000
6 161.0 25.715 125.000
6 162.0 25.875 125.000
6 163.0 26.035 125.000
6 164.0 26.194 125.000
6 165.0 26.354 125.000
6 166.0 26.514 125.000
6 167.0 26.674 125.000
6 168.0 26.833 125.000
6 169.0 26.993 125.000
6 170.0 27.153 125.000
6 171.0 27.312 125.000
6 172.0 27.472 125.000
6 173.0 27.632 125.000
6 174.0 27.792 125.000
6 175.0 27.951 125.000
6 176.0 28.111 125.000
6 177.0 28.271 125.000
6 178.0 28.431 125.000
6 179.0 28.590 125.000
6 180.0 28.750 125.000
6 181.0 28.910 125.000
6 182.0 29.069 125.000
6 183.0 29.229 125.000
6 184.0 29.389 125.000
6 185.0 29.549 125.000
6 186.0 29.708 125.000
6 187.0 29.868 125.000
6 188.0 30.028 125.000
6 189.0 30.187 125.000
6 190.0 30.347 125.000
6 191.0 30.507 125.000
6 192.0 30.667 125.000
6 193.0 30.826 125.000
6 194.0 30.986 125.000
6 195.0 31.146 125.000
6 196.0 31.306 125.000
6 197.0 31.465 125.000
6 198.0 31.625 125.000
6 199.0 31.785 125.000
6 200.0 31.944 125.000
6 201.0 32.104 125.000
6 202.0 32.264 125.000
6 203.0 32.424 125.000
6 204.0 32.583 125.000
6 205.0 32.743 125.000
6 206.0 32.903 125.000
6 207.0 33.062 125.000
6 208.0 33.222 125.000
6 209.0 33.382 125.000
6 210.0 33.542 125.000
6 211.0 33.701 125.000
6 212.0 33.861 125.000
6 213.0 34.021 125.000
6 214.0 34.181 125.000
6 215.0 34.340 125.000
6 216.0 34.500 125.000
6 217.0 34.660 125.000
6 218.0 34.819 125.000
6 219.0 34.979 125.000
6 220.0 35.139 125.000
6 221.0 35.299 125.000
6 222.0 35.458 125.000
6 223.0 35.618 125.000
6 224.0 35.778 125.000
6 225.0 35.938 125.000
6 226.0 36.097 125.000
6 227.0 36.257 125.000
6 228.0 36.417 125.000
6 229.0 36.576 125.000
6 230.0 36.736 125.000
6 231.0 36.896 125.000
6 232.0 37.056 125.000
6 233.0 37.215 125.000
6 234.0 37.375 125.000
6 235.0 37.535 125.000
6 236.0 37.694 125.000
6 237.0 37.854 125.000
6 238.0 38.014 125.000
6 239.0 38.174 125.000
6 240.0 38.333 125.000
6 241.0 38.493 125.000
6 242.0 38.653 125.000
6 243.0 38.812 125.000
6 244.0 38.972 125.000
6 245.0 39.132 125.000
6 246.0 39.292 125.000
6 247.0 39.451 125.000
6 248.0 39.611 125.000
6 249.0 39.771 125.000
6 250.0 39.931 125.000
6 251.0 40.090 125.000
6 252.0 40.250 125.000
6 253.0 40.410 125.000
6 254.0 40.569 125.000
6 255.0 40.729 125.000
6 256.0 40.889 125.000
6 257.0 41.049 125.000
6 258.0 41.208 125.000
6 259.0 41.368 125.000
6 260.0 41.528 125.000
6 261.0 41.688 125.000
6 262.0 41.847 125.000
6 263.0 42.007 125.000
6 264.0 42.167 125.000
6 265.0 42.326 125.000
6 266.0 42.486 125.000
6 267.0 42.646 125.000
6 268.0 42.806 125.000
6 269.0 42.965 125.000
6 270.0 43.125 125.000
6 271.0 43.285 125.000
6 272.0 43.444 125.000
6 273.0 43.604 125.000
6 274.0 43.764 125.000
6 275.0 43.924 125.000
6 276.0 44.083 125.000
6 277.0 44.243 125.000
6 278.0 44.403 125.000
6 279.0 44.562 125.000
6 280.0 44.722 125.000
6 281.0 44.882 125.000
6 282.0 45.042 125.000
6 283.0 45.201 125.000
6 284.0 45.361 125.000
6 285.0 45.521 125.000
6 286.0 45.681 125.000
6 287.0 45.840 125.000
6 288.0 46.000 125.000
6 289.0 46.160 125.000
6 290.0 46.319 125.000
6 291.0 46.479 125.000
6 292.0 46.639 125.000
6 293.0 46.799 125.000
6 294.0 46.958 125.000
6 295.0 47.118 125.000
6 296.0 47.278 125.000
6 297.0 47.437 125.000
6 298.0 47.597 125.000
6 299.0 47.757 125.000
6 300.0 47.917 125.000
6 301.0 48.076 125.000
6 302.0 48.236 125.000
6 303.0 48.396 125.000
6 304.0 48.556 125.000
6 305.0 48.715 125.000
6 306.0 48.875 125.000
6 307.0 49.035 125.000
6 308.0 49.194 125.000
6 309.0 49.354 125.000
6 310.0 49.514 125.000
6 311.0 49.674 125.000
6 312.0 49.833 125.000
6 313.0 49.993 125.000
6 314.0 50.153 125.000
6 315.0 50.312 125.000
6 316.0 50.472 125.000
6 317.0 50.632 125.000
6 318.0 50.792 125.000
6 319.0 50.951 125.000
6 320.0 51.111 125.000
6 321.0 51.271 125.000
6 322.0 51.431 125.000
6 323.0 51.590 125.000
6 324.0 51.750 125.000
6 325.0 51.910 125.000
6 326.0 52.069 125.000
6 327.0 52.229 125.000
6 328.0 52.389 125.000
6 329.0 52.549 125.000
6 330.0 52.708 125.000
6 331.0 52.868 125.000
6 332.0 53.028 125.000
6 333.0 53.187 125.000
6 334.0 53.347 125.000
6 335.0 53.507 125.000
6 336.0 53.667 125.000
6 337.0 53.826 125.000
6 338.0 53.986 125.000
6 339.0 54.146 125.000
6 340.0 54.306 125.000
6 341.0 54.465 125.000
6 342.0 54.625 125.000
6 343.0 54.785 125.000
6 344.0 54.944 125.000
6 345.0 55.104 125.000
6 346.0 55.264 125.000
6 347.0 55.424 125.000
6 348.0 55.583 125.000
6 349.0 55.743 125.000
6 350.0 55.903 125.000
6 351.0 56.062 125.000
6 352.0 56.222 125.000
6 353.0 56.382 125.000
6 354.0 56.542 125.000
6 355.0 56.701 125.000
6 356.0 56.861 125.000
6 357.0 57.021 125.000
6 358.0 57.181 125.000
6 359.0 57.340 125.000
6 360.0 57.500 125.000
6 361.0 57.660 125.000
6 362.0 57.819 125.000
6 363.0 57.979 125.000
6 364.0 58.139 125.000
6 365.0 58.299 125.000
6 366.0 58.458 125.000
6 367.0 58.618 125.000
6 368.0 58.778 125.000
6 369.0 58.937 125.000
6 370.0 59.097 125.000
6 371.0 59.257 125.000
6 372.0 59.417 125.000
6 373.0 59.576 125.000
6 374.0 59.736 125.000
6 375.0 59.896 125.000
6 376.0 60.056 125.000
6 377.0 60.215 125.000
6 378.0 60.375 125.000
6 379.0 60.535 125.000
6 380.0 60.694 125.000
6 381.0 60.854 125.000
6 382.0 61.014 125.000
6 383.0 61.174 125.000
6 384.0 61.333 125.000
6 385.0 61.493 125.000
6 386.0 61.653 125.000
6 387.0 61.812 125.000
6 388.0 61.972 125.000
6 389.0 62.132 125.000
6 390.0 62.292 125.000
6 391.0 62.451 125.000
6 392.0 62.611 125.000
6 393.0 62.771 125.000
6 394.0 62.931 125.000
6 395.0 63.090 125.000
6 396.0 63.250 125.000
6 397.0 63.410 125.000
6 398.0 63.569 125.000
6 399.0 63.729 125.000
6 400.0 63.889 125.000
6 401.0 64.049 125.000
6 402.0 64.208 125.000
6 403.0 64.368 125.000
6 404.0 64.528 125.000
6 405.0 64.688 125.000
6 406.0 64.847 125.000
6 407.0 65.007 125.000
6 408.0 65.167 125.000
6 409.0 65.326 125.000
6 410.0 65.486 125.000
6 411.0 65.646 125.000
6 412.0 65.806 125.000
6 413.0 65.965 125.000
6 414.0 66.125 125.000
6 415.0 66.285 125.000
6 416.0 66.444 125.000
6 417.0 66.604 125.000
6 418.0 66.764 125.000
6 419.0 66.924 125.000
6 420.0 67.083 125.000
6 421.0 67.243 125.000
6 422.0 67.403 125.000
6 423.0 67.562 125.000
6 424.0 67.722 125.000
6 425.0 67.882 125.000
6 426.0 68.042 125.000
6 427.0 68.201 125.000
6 428.0 68.361 125.000
6 429.0 68.521 125.000
6 430.0 68.681 125.000
6 431.0 68.840 125.000
6 432.0 69.000 125.000
6 433.0 69.160 125.000
6 434.0 69.319 125.000
6 435.0 69.479 125.000
6 436.0 69.639 125.000
6 437.0 69.799 125.000
6 438.0 69.958 125.000
6 439.0 70.118 125.000
6 440.0 70.278 125.000
6 441.0 70.438 125.000
6 442.0 70.597 125.000
6 443.0 70.757 125.000
6 444.0 70.917 125.000
6 445.0 71.076 125.000
6 446.0 71.236 125.000
6 447.0 71.396 125.000
6 448.0 71.556 125.000
6 449.0 71.715 125.000
6 450.0 71.875 125.000
6 451.0 72.035 125.000
6 452.0 72.194 125.000
6 453.0 72.354 125.000
6 454.0 72.514 125.000
6 455.0 72.674 125.000
6 456.0 72.833 125.000
6 457.0 72.993 125.000
6 458.0 73.153 125.000
6 459.0 73.312 125.000
6 460.0 73.472 125.000
6 461.0 73.632 125.000
6 462.0 73.792 125.000
6 463.0 73.951 125.000
6 464.0 74.111 125.000
6 465.0 74.271 125.000
6 466.0 74.431 125.000
6 467.0 74.590 125.000
6 468.0 74.750 125.000
6 469.0 74.910 125.000
6 470.0 75.069 125.000
6 471.0 75.229 125.000
6 472.0 75.389 125.000
6 473.0 75.549 125.000
6 474.0 75.708 125.000
6 475.0 75.868 125.000
6 476.0 76.028 125.000
6 477.0 76.188 125.000
6 478.0 76.347 125.000
6 479.0 76.507 125.000
6 480.0 76.667 125.000
6 481.0 76.826 125.000
6 482.0 76.986 125.000
6 483.0 77.146 125.000
6 484.0 77.306 125.000
6 485.0 77.465 125.000
6 486.0 77.625 125.000
6 487.0 77.785 125.000
6 488.0 77.944 125.000
6 489.0 78.104 125.000
6 490.0 78.264 125.000
6 491.0 78.424 125.000
6 492.0 78.583 125.000
6 493.0 78.743 125.000
6 494.0 78.903 125.000
6 495.0 79.062 125.000
6 496.0 79.222 125.000
6 497.0 79.382 125.000
6 498.0 79.542 125.000
6 499.0 79.701 125.000
6 500.0 79.861 125.000
6 501.0 80.021 125.000
6 502.0 80.181 125.000
6 503.0 80.340 125.000
6 504.0 80.500 125.000
6 505.0 80.660 125.000
6 506.0 80.819 125.000
6 507.0 80.979 125.000
6 508.0 81.139 125.000
6 509.0 81.299 125.000
6 510.0 81.458 125.000
6 511.0 81.618 125.000
6 512.0 81.778 125.000
6 513.0 81.938 125.000
6 514.0 82.097 125.000
6 515.0 82.257 125.000
6 516.0 82.417 125.000
6 517.0 82.576 125.000
6 518.0 82.736 125.000
6 519.0 82.896 125.000
6 520.0 83.056 125.000
6 521.0 83.215 125.000
6 522.0 83.375 125.000
6 523.0 83.535 125.000
6 524.0 83.694 125.000
6 525.0 83.854 125.000
6 526.0 84.014 125.000
6 527.0 84.174 125.000
6 528.0 84.333 125.000
6 529.0 84.493 125.000
6 530.0 84.653 125.000
6 531.0 84.812 125.000
6 532.0 84.972 125.000
6 533.0 85.132 125.000
6 534.0 85.292 125.000
6 535.0 85.451 125.000
6 536.0 85.611 125.000
6 537.0 85.771 125.000
6 538.0 85.931 125.000
6 539.0 86.090 125.000
6 540.0 86.250 125.000
6 541.0 86.410 125.000
6 542.0 86.569 125.000
6 543.0 86.729 125.000
6 544.0 86.889 125.000
6 545.0 87.049 125.000
6 546.0 87.208 125.000
6 547.0 87.368 125.000
6 548.0 87.528 125.000
6 549.0 87.688 125.000
6 550.0 87.847 125.000
6 551.0 88.007 125.000
6 552.0 88.167 125.000
6 553.0 88.326 125.000
6 554.0 88.486 125.000
6 555.0 88.646 125.000
6 556.0 88.806 125.000
6 557.0 88.965 125.000
6 558.0 89.125 125.000
6 559.0 89.285 125.000
6 560.0 89.444 125.000
6 561.0 89.604 125.000
6 562.0 89.764 125.000
6 563.0 89.924 125.000
6 564.0 90.083 125.000
6 565.0 90.243 125.000
6 566.0 90.403 125.000
6 567.0 90.562 125.000
6 568.0 90.722 125.000
6 569.0 90.882 125.000
6 570.0 91.042 125.000
6 571.0 91.201 125.000
6 572.0 91.361 125.000
6 573.0 91.521 125.000
6 574.0 91.681 125.000
6 575.0 91.840 125.000
6 576.0 92.000 125.000
6 577.0 92.160 125.000
6 578.0 92.319 125.000
6 579.0 92.479 125.000
6 580.0 92.639 125.000
6 581.0 92.799 125.000
6 582.0 92.958 125.000
6 583.0 93.118 125.000
6 584.0 93.278 125.000
6 585.0 93.437 125.000
6 586.0 93.597 125.000
6 587.0 93.757 125.000
6 588.0 93.917 125.000
6 589.0 94.076 125.000
6 590.0 94.236 125.000
6 591.0 94.396 125.000
6 592.0 94.556 125.000
6 593.0 94.715 125.000
6 594.0 94.875 125.000
6 595.0 95.035 125.000
6 596.0 95.194 125.000
6 597.0 95.354 125.000
6 598.0 95.514 125.000
6 599.0 95.674 125.000
6 600.0 95.833 125.000
6 601.0 95.993 125.000
6 602.0 96.153 125.000
6 603.0 96.312 125.000
6 604.0 96.472 125.000
6 605.0 96.632 125.000
6 606.0 96.792 125.000
6 607.0 96.951 125.000
6 608.0 97.111 125.000
6 609.0 97.271 125.000
6 610.0 97.431 125.000
6 611.0 97.590 125.000
6 612.0 97.750 125.000
6 613.0 97.910 125.000
6 614.0 98.069 125.000
6 615.0 98.229 125.000
6 616.0 98.389 125.000
6 617.0 98.549 125.000
6 618.0 98.708 125.000
6 619.0 98.868 125.000
6 620.0 99.028 125.000
6 621.0 99.187 125.000
6 622.0 99.347 125.000
6 623.0 99.507 125.000
6 624.0 99.667 125.000
6 625.0 99.826 125.000
6 626.0 99.986 125.000
6 627.0 100.146 125.000
6 628.0 100.306 125.000
6 629.0 100.465 125.000
6 630.0 100.625 125.000
6 631.0 100.785 125.000
6 632.0 100.944 125.000
6 633.0 101.104 125.000
6 634.0 101.264 125.000
6 635.0 101.424 125.000
6 636.0 101.583 125.000
6 637.0 101.743 125.000
6 638.0 101.903 125.000
6 639.0 102.062 125.000
6 640.0 102.222 125.000
6 641.0 102.382 125.000
6 642.0 102.542 125.000
6 643.0 102.701 125.000
6 644.0 102.861 125.000
6 645.0 103.021 125.000
6 646.0 103.181 125.000
6 647.0 103.340 125.000
6 648.0 103.500 125.000
6 649.0 103.660 125.000
6 650.0 103.819 125.000
6 651.0 103.979 125.000
6 652.0 104.139 125.000
6 653.0 104.299 125.000
6 654.0 104.458 125.000
6 655.0 104.618 125.000
6 656.0 104.778 125.000
6 657.0 104.937 125.000
6 658.0 105.097 125.000
6 659.0 105.257 125.000
6 660.0 105.417 125.000
6 661.0 105.576 125.000
6 662.0 105.736 125.000
6 663.0 105.896 125.000
6 664.0 106.056 125.000
6 665.0 106.215 125.000
6 666.0 106.375 125.000
6 667.0 106.535 125.000
6 668.0 106.694 125.000
6 669.0 106.854 125.000
6 670.0 107.014 125.000
6 671.0 107.174 125.000
6 672.0 107.333 125.000
6 673.0 107.493 125.000
6 674.0 107.653 125.000
6 675.0 107.812 125.000
6 676.0 107.972 125.000
6 677.0 108.132 125.000
6 678.0 108.292 125.000
6 679.0 108.451 125.000
6 680.0 108.611 125.000
6 681.0 108.771 125.000
6 682.0 108.931 125.000
6 683.0 109.090 125.000
6 684.0 109.250 125.000
6 685.0 109.410 125.000
6 686.0 109.569 125.000
6 687.0 109.729 125.000
6 688.0 109.889 125.000
6 689.0 110.049 125.000
6 690.0 110.208 125.000
6 691.0 110.368 125.000
6 692.0 110.528 125.000
6 693.0 110.687 125.000
6 694.0 110.847 125.000
6 695.0 111.007 125.000
6 696.0 111.167 125.000
6 697.0 111.326 125.000
6 698.0 111.486 125.000
6 699.0 111.646 125.000
6 700.0 111.806 125.000
6 701.0 111.965 125.000
6 702.0 112.125 125.000
6 703.0 112.285 125.000
6 704.0 112.444 125.000
6 705.0 112.604 125.000
6 706.0 112.764 125.000
6 707.0 112.924 125.000
6 708.0 113.083 125.000
6 709.0 113.243 125.000
6 710.0 113.403 125.000
6 711.0 113.562 125.000
6 712.0 113.722 125.000
6 713.0 113.882 125.000
6 714.0 114.042 125.000
6 715.0 114.201 125.000
6 716.0 114.361 125.000
6 717.0 114.521 125.000
6 718.0 114.681 125.000
6 719.0 114.840 125.000
6 720.0 115.000 125.000
6 721.0 115.160 125.000
6 722.0 115.319 125.000
6 723.0 115.479 125.000
6 724.0 115.639 125.000
6 725.0 115.799 125.000
6 726.0 115.958 125.000
6 727.0 116.118 125.000
6 728.0 116.278 125.000
6 729.0 116.437 125.000
6 730.0 116.597 125.000
6 731.0 116.757 125.000
6 732.0 116.917 125.000
6 733.0 117.076 125.000
6 734.0 117.236 125.000
6 735.0 117.396 125.000
6 736.0 117.556 125.000
6 737.0 117.715 125.000
6 738.0 117.875 125.000
6 739.0 118.035 125.000
6 740.0 118.194 125.000
6 741.0 118.354 125.000
6 742.0 118.514 125.000
6 743.0 118.674 125.000
6 744.0 118.833 125.000
6 745.0 118.993 125.000
6 746.0 119.153 125.000
6 747.0 119.312 125.000
6 748.0 119.472 125.000
6 749.0 119.632 125.000
6 750.0 119.792 125.000
6 751.0 119.951 125.000
6 752.0 120.111 125.000
6 753.0 120.271 125.000
6 754.0 120.431 125.000
6 755.0 120.590 125.000
6 756.0 120.750 125.000
6 757.0 120.910 125.000
6 758.0 121.069 125.000
6 759.0 121.229 125.000
6 760.0 121.389 125.000
6 761.0 121.549 125.000
6 762.0 121.708 125.000
6 763.0 121.868 125.000
6 764.0 122.028 125.000
6 765.0 122.187 125.000
6 766.0 122.347 125.000
6 767.0 122.507 125.000
6 768.0 122.667 125.000
6 769.0 122.826 125.000
6 770.0 122.986 125.000
6 771.0 123.146 125.000
6 772.0 123.306 125.000
6 773.0 123.465 125.000
6 774.0 123.625 125.000
6 775.0 123.785 125.000
6 776.0 123.944 125.000
6 777.0 124.104 125.000
6 778.0 124.264 125.000
6 779.0 124.424 125.000
6 780.0 124.583 125.000
6 781.0 124.743 125.000
6 782.0 124.903 125.000
6 783.0 125.062 125.000
6 784.0 125.222 125.000
6 785.0 125.382 125.000
6 786.0 125.542 125.000
6 787.0 125.701 125.000
6 788.0 125.861 125.000
6 789.0 126.021 125.000
6 790.0 126.181 125.000
6 791.0 126.340 125.000
6 792.0 126.500 125.000
6 793.0 126.660 125.000
6 794.0 126.819 125.000
6 795.0 126.979 125.000
6 796.0 127.139 125.000
6 797.0 127.299 125.000
6 798.0 127.458 125.000
6 799.0 127.618 125.000
6 800.0 127.778 125.000
6 801.0 127.937 125.000
6 802.0 128.097 125.000
6 803.0 128.257 125.000
6 804.0 128.417 125.000
6 805.0 128.576 125.000
6 806.0 128.736 125.000
6 807.0 128.896 125.000
6 808.0 129.056 125.000
6 809.0 129.215 125.000
6 810.0 129.375 125.000
6 811.0 129.535 125.000
6 812.0 129.694 125.000
6 813.0 129.854 125.000
6 814.0 130.014 125.000
6 815.0 130.174 125.000
6 816.0 130.333 125.000
6 817.0 130.493 125.000
6 818.0 130.653 125.000
6 819.0 130.812 125.000
6 820.0 130.972 125.000
6 821.0 131.132 125.000
6 822.0 131.292 125.000
6 823.0 131.451 125.000
6 824.0 131.611 125.000
6 825.0 131.771 125.000
6 826.0 131.931 125.000
6 827.0 132.090 125.000
6 828.0 132.250 125.000
6 829.0 132.410 125.000
6 830.0 132.569 125.000
6 831.0 132.729 125.000
6 832.0 132.889 125.000
6 833.0 133.049 125.000
6 834.0 133.208 125.000
6 835.0 133.368 125.000
6 836.0 133.528 125.000
6 837.0 133.688 125.000
6 838.0 133.847 125.000
6 839.0 134.007 125.000
6 840.0 134.167 125.000
6 841.0 134.326 125.000
6 842.0 134.486 125.000
6 843.0 134.646 125.000
6 844.0 134.806 125.000
6 845.0 134.965 125.000
6 846.0 135.125 125.000
6 847.0 135.285 125.000
6 848.0 135.444 125.000
6 849.0 135.604 125.000
6 850.0 135.764 125.000
6 851.0 135.924 125.000
6 852.0 136.083 125.000
6 853.0 136.243 125.000
6 854.0 136.403 125.000
6 855.0 136.562 125.000
6 856.0 136.722 125.000
6 857.0 136.882 125.000
6 858.0 137.042 125.000
6 859.0 137.201 125.000
6 860.0 137.361 125.000
6 861.0 137.521 125.000
6 862.0 137.681 125.000
6 863.0 137.840 125.000
6 864.0 138.000 125.000
6 865.0 138.160 125.000
6 866.0 138.319 125.000
6 867.0 138.479 125.000
6 868.0 138.639 125.000
6 869.0 138.799 125.000
6 870.0 138.958 125.000
6 871.0 139.118 125.000
6 872.0 139.278 125.000
6 873.0 139.438 125.000
6 874.0 139.597 125.000
6 875.0 139.757 125.000
6 876.0 139.917 125.000
6 877.0 140.076 125.000
6 878.0 140.236 125.000
6 879.0 140.396 125.000
6 880.0 140.556 125.000
6 881.0 140.715 125.000
6 882.0 140.875 125.000
6 883.0 141.035 125.000
6 884.0 141.194 125.000
6 885.0 141.354 125.000
6 886.0 141.514 125.000
6 887.0 141.674 125.000
6 888.0 141.833 125.000
6 889.0 141.993 125.000
6 890.0 142.153 125.000
6 891.0 142.312 125.000
6 892.0 142.472 125.000
6 893.0 142.632 125.000
6 894.0 142.792 125.000
6 895.0 142.951 125.000
6 896.0 143.111 125.000
6 897.0 143.271 125.000
6 898.0 143.431 125.000
6 899.0 143.590 125.000
6 900.0 143.750 125.000
6 901.0 143.910 125.000
6 902.0 144.069 125.000
6 903.0 144.229 125.000
6 904.0 144.389 125.000
6 905.0 144.549 125.000
6 906.0 144.708 125.000
6 907.0 144.868 125.000
6 908.0 145.028 125.000
6 909.0 145.188 125.000
6 910.0 145.347 125.000
6 911.0 145.507 125.000
6 912.0 145.667 125.000
6 913.0 145.826 125.000
6 914.0 145.986 125.000
6 915.0 146.146 125.000
6 916.0 146.306 125.000
6 917.0 146.465 125.000
6 918.0 146.625 125.000
6 919.0 146.785 125.000
6 920.0 146.944 125.000
6 921.0 147.104 125.000
6 922.0 147.264 125.000
6 923.0 147.424 125.000
6 924.0 147.583 125.000
6 925.0 147.743 125.000
6 926.0 147.903 125.000
6 927.0 148.062 125.000
6 928.0 148.222 125.000
6 929.0 148.382 125.000
6 930.0 148.542 125.000
6 931.0 148.701 125.000
6 932.0 148.861 125.000
6 933.0 149.021 125.000
6 934.0 149.181 125.000
6 935.0 149.340 125.000
6 936.0 149.500 125.000
6 937.0 149.660 125.000
6 938.0 149.819 125.000
6 939.0 149.979 125.000
6 940.0 150.000 124.861
6 941.0 150.000 124.701
6 942.0 150.000 124.542
6 943.0 150.000 124.382
6 944.0 150.000 124.222
6 945.0 150.000 124.062
6 946.0 150.000 123.903
6 947.0 150.000 123.743
6 948.0 150.000 123.583
6 949.0 150.000 123.424
6 950.0 150.000 123.264
6 951.0 150.000 123.104
6 952.0 150.000 122.944
6 953.0 150.000 122.785
6 954.0 150.000 122.625
6 955.0 150.000 122.465
6 956.0 150.000 122.306
6 957.0 150.000 122.146
6 958.0 150.000 121.986
6 959.0 150.000 121.826
6 960.0 150.000 121.667
6 961.0 150.000 121.507
6 962.0 150.000 121.347
6 963.0 150.000 121.188
6 964.0 150.000 121.028
6 965.0 150.000 120.868
6 966.0 150.000 120.708
6 967.0 150.000 120.549
6 968.0 150.000 120.389
6 969.0 150.000 120.229
6 970.0 150.000 120.069
6 971.0 150.000 119.910
6 972.0 150.000 119.750
6 973.0 150.000 119.590
6 974.0 150.000 119.431
6 975.0 150.000 119.271
6 976.0 150.000 119.111
6 977.0 150.000 118.951
6 978.0 150.000 118.792
6 979.0 150.000 118.632
6 980.0 150.000 118.472
6 981.0 150.000 118.312
6 982.0 150.000 118.153
6 983.0 150.000 117.993
6 984.0 150.000 117.833
6 985.0 150.000 117.674
6 986.0 150.000 117.514
6 987.0 150.000 117.354
6 988.0 150.000 117.194
6 989.0 150.000 117.035
6 990.0 150.000 116.875
6 991.0 150.000 116.715
6 992.0 150.000 116.556
6 993.0 150.000 116.396
6 994.0 150.000 116.236
6 995.0 150.000 116.076
6 996.0 150.000 115.917
6 997.0 150.000 115.757
6 998.0 150.000 115.597
6 999.0 150.000 115.438
6 1000.0 150.000 115.278
6 1001.0 150.000 115.118
6 1002.0 150.000 114.958
6 1003.0 150.000 114.799
6 1004.0 150.000 114.639
6 1005.0 150.000 114.479
6 1006.0 150.000 114.319
6 1007.0 150.000 114.160
6 1008.0 150.000 114.000
6 1009.0 150.000 113.840
6 1010.0 150.000 113.681
6 1011.0 150.000 113.521
6 1012.0 150.000 113.361
6 1013.0 150.000 113.201
6 1014.0 150.000 113.042
6 1015.0 150.000 112.882
6 1016.0 150.000 112.722
6 1017.0 150.000 112.562
6 1018.0 150.000 112.403
6 1019.0 150.000 112.243
6 1020.0 150.000 112.083
6 1021.0 150.000 111.924
6 1022.0 150.000 111.764
6 1023.0 150.000 111.604
6 1024.0 150.000 111.444
6 1025.0 150.000 111.285
6 1026.0 150.000 111.125
6 1027.0 150.000 110.965
6 1028.0 150.000 110.806
6 1029.0 150.000 110.646
6 1030.0 150.000 110.486
6 1031.0 150.000 110.326
6 1032.0 150.000 110.167
6 1033.0 150.000 110.007
6 1034.0 150.000 109.847
6 1035.0 150.000 109.688
6 1036.0 150.000 109.528
6 1037.0 150.000 109.368
6 1038.0 150.000 109.208
6 1039.0 150.000 109.049
6 1040.0 150.000 108.889
6 1041.0 150.000 108.729
6 1042.0 150.000 108.569
6 1043.0 150.000 108.410
6 1044.0 150.000 108.250
6 1045.0 150.000 108.090
6 1046.0 150.000 107.931
6 1047.0 150.000 107.771
6 1048.0 150.000 107.611
6 1049.0 150.000 107.451
6 1050.0 150.000 107.292
6 1051.0 150.000 107.132
6 1052.0 150.000 106.972
6 1053.0 150.000 106.812
6 1054.0 150.000 106.653
6 1055.0 150.000 106.493
6 1056.0 150.000 106.333
6 1057.0 150.000 106.174
6 1058.0 150.000 106.014
6 1059.0 150.000 105.854
6 1060.0 150.000 105.694
6 1061.0 150.000 105.535
6 1062.0 150.000 105.375
6 1063.0 150.000 105.215
6 1064.0 150.000 105.056
6 1065.0 150.000 104.896
6 1066.0 150.000 104.736
6 1067.0 150.000 104.576
6 1068.0 150.000 104.417
6 1069.0 150.000 104.257
6 1070.0 150.000 104.097
6 1071.0 150.000 103.938
6 1072.0 150.000 103.778
6 1073.0 150.000 103.618
6 1074.0 150.000 103.458
6 1075.0 150.000 103.299
6 1076.0 150.000 103.139
6 1077.0 150.000 102.979
6 1078.0 150.000 102.819
6 1079.0 150.000 102.660
6 1080.0 150.000 102.500
6 1081.0 150.000 102.340
6 1082.0 150.000 102.181
6 1083.0 150.000 102.021
6 1084.0 150.000 101.861
6 1085.0 150.000 101.701
6 1086.0 150.000 101.542
6 1087.0 150.000 101.382
6 1088.0 150.000 101.222
6 1089.0 150.000 101.062
6 1090.0 150.000 100.903
6 1091.0 150.000 100.743
6 1092.0 150.000 100.583
6 1093.0 150.000 100.424
6 1094.0 150.000 100.264
6 1095.0 150.000 100.104
6 1096.0 150.000 99.944
6 1097.0 150.000 99.785
6 1098.0 150.000 99.625
6 1099.0 150.000 99.465
6 1100.0 150.000 99.306
6 1101.0 150.000 99.146
6 1102.0 150.000 98.986
6 1103.0 150.000 98.826
6 1104.0 150.000 98.667
6 1105.0 150.000 98.507
6 1106.0 150.000 98.347
6 1107.0 150.000 98.188
6 1108.0 150.000 98.028
6 1109.0 150.000 97.868
6 1110.0 150.000 97.708
6 1111.0 150.000 97.549
6 1112.0 150.000 97.389
6 1113.0 150.000 97.229
6 1114.0 150.000 97.069
6 1115.0 150.000 96.910
6 1116.0 150.000 96.750
6 1117.0 150.000 96.590
6 1118.0 150.000 96.431
6 1119.0 150.000 96.271
6 1120.0 150.000 96.111
6 1121.0 150.000 95.951
6 1122.0 150.000 95.792
6 1123.0 150.000 95.632
6 1124.0 150.000 95.472
6 1125.0 150.000 95.312
6 1126.0 150.000 95.153
6 1127.0 150.000 94.993
6 1128.0 150.000 94.833
6 1129.0 150.000 94.674
6 1130.0 150.000 94.514
6 1131.0 150.000 94.354
6 1132.0 150.000 94.194
6 1133.0 150.000 94.035
6 1134.0 150.000 93.875
6 1135.0 150.000 93.715
6 1136.0 150.000 93.556
6 1137.0 150.000 93.396
6 1138.0 150.000 93.236
6 1139.0 150.000 93.076
6 1140.0 150.000 92.917
6 1141.0 150.000 92.757
6 1142.0 150.000 92.597
6 1143.0 150.000 92.438
6 1144.0 150.000 92.278
6 1145.0 150.000 92.118
6 1146.0 150.000 91.958
6 1147.0 150.000 91.799
6 1148.0 150.000 91.639
6 1149.0 150.000 91.479
6 1150.0 150.000 91.319
6 1151.0 150.000 91.160
6 1152.0 150.000 91.000
6 1153.0 150.000 90.840
6 1154.0 150.000 90.681
6 1155.0 150.000 90.521
6 1156.0 150.000 90.361
6 1157.0 150.000 90.201
6 1158.0 150.000 90.042
6 1159.0 150.000 89.882
6 1160.0 150.000 89.722
6 1161.0 150.000 89.563
6 1162.0 150.000 89.403
6 1163.0 150.000 89.243
6 1164.0 150.000 89.083
6 1165.0 150.000 88.924
6 1166.0 150.000 88.764
6 1167.0 150.000 88.604
6 1168.0 150.000 88.444
6 1169.0 150.000 88.285
6 1170.0 150.000 88.125
6 1171.0 150.000 87.965
6 1172.0 150.000 87.806
6 1173.0 150.000 87.646
6 1174.0 150.000 87.486
6 1175.0 150.000 87.326
6 1176.0 150.000 87.167
6 1177.0 150.000 87.007
6 1178.0 150.000 86.847
6 1179.0 150.000 86.688
6 1180.0 150.000 86.528
6 1181.0 150.000 86.368
6 1182.0 150.000 86.208
6 1183.0 150.000 86.049
6 1184.0 150.000 85.889
6 1185.0 150.000 85.729
6 1186.0 150.000 85.569
6 1187.0 150.000 85.410
6 1188.0 150.000 85.250
6 1189.0 150.000 85.090
6 1190.0 150.000 84.931
6 1191.0 150.000 84.771
6 1192.0 150.000 84.611
6 1193.0 150.000 84.451
6 1194.0 150.000 84.292
6 1195.0 150.000 84.132
6 1196.0 150.000 83.972
6 1197.0 150.000 83.813
6 1198.0 150.000 83.653
6 1199.0 150.000 83.493
6 1200.0 150.000 83.333
6 1201.0 150.000 83.174
6 1202.0 150.000 83.014
6 1203.0 150.000 82.854
6 1204.0 150.000 82.694
6 1205.0 150.000 82.535
6 1206.0 150.000 82.375
6 1207.0 150.000 82.215
6 1208.0 150.000 82.056
6 1209.0 150.000 81.896
6 1210.0 150.000 81.736
6 1211.0 150.000 81.576
6 1212.0 150.000 81.417
6 1213.0 150.000 81.257
6 1214.0 150.000 81.097
6 1215.0 150.000 80.938
6 1216.0 150.000 80.778
6 1217.0 150.000 80.618
6 1218.0 150.000 80.458
6 1219.0 150.000 80.299
6 1220.0 150.000 80.139
6 1221.0 150.000 79.979
6 1222.0 150.000 79.819
6 1223.0 150.000 79.660
6 1224.0 150.000 79.500
6 1225.0 150.000 79.340
6 1226.0 150.000 79.181
6 1227.0 150.000 79.021
6 1228.0 150.000 78.861
6 1229.0 150.000 78.701
6 1230.0 150.000 78.542
6 1231.0 150.000 78.382
6 1232.0 150.000 78.222
6 1233.0 150.000 78.063
6 1234.0 150.000 77.903
6 1235.0 150.000 77.743
6 1236.0 150.000 77.583
6 1237.0 150.000 77.424
6 1238.0 150.000 77.264
6 1239.0 150.000 77.104
6 1240.0 150.000 76.944
6 1241.0 150.000 76.785
6 1242.0 150.000 76.625
6 1243.0 150.000 76.465
6 1244.0 150.000 76.306
6 1245.0 150.000 76.146
6 1246.0 150.000 75.986
6 1247.0 150.000 75.826
6 1248.0 150.000 75.667
6 1249.0 150.000 75.507
6 1250.0 150.000 75.347
6 1251.0 150.000 75.188
6 1252.0 150.000 75.028
6 1253.0 150.000 74.868
6 1254.0 150.000 74.708
6 1255.0 150.000 74.549
6 1256.0 150.000 74.389
6 1257.0 150.000 74.229
6 1258.0 150.000 74.069
6 1259.0 150.000 73.910
6 1260.0 150.000 73.750
6 1261.0 150.000 73.590
6 1262.0 150.000 73.431
6 1263.0 150.000 73.271
6 1264.0 150.000 73.111
6 1265.0 150.000 72.951
6 1266.0 150.000 72.792
6 1267.0 150.000 72.632
6 1268.0 150.000 72.472
6 1269.0 150.000 72.313
6 1270.0 150.000 72.153
6 1271.0 150.000 71.993
6 1272.0 150.000 71.833
6 1273.0 150.000 71.674
6 1274.0 150.000 71.514
6 1275.0 150.000 71.354
6 1276.0 150.000 71.194
6 1277.0 150.000 71.035
6 1278.0 150.000 70.875
6 1279.0 150.000 70.715
6 1280.0 150.000 70.556
6 1281.0 150.000 70.396
6 1282.0 150.000 70.236
6 1283.0 150.000 70.076
6 1284.0 150.000 69.917
6 1285.0 150.000 69.757
6 1286.0 150.000 69.597
6 1287.0 150.000 69.438
6 1288.0 150.000 69.278
6 1289.0 150.000 69.118
6 1290.0 150.000 68.958
6 1291.0 150.000 68.799
6 1292.0 150.000 68.639
6 1293.0 150.000 68.479
6 1294.0 150.000 68.319
6 1295.0 150.000 68.160
6 1296.0 150.000 68.000
6 1297.0 150.000 67.840
6 1298.0 150.000 67.681
6 1299.0 150.000 67.521
6 1300.0 150.000 67.361
6 1301.0 150.000 67.201
6 1302.0 150.000 67.042
6 1303.0 150.000 66.882
6 1304.0 150.000 66.722
6 1305.0 150.000 66.563
6 1306.0 150.000 66.403
6 1307.0 150.000 66.243
6 1308.0 150.000 66.083
6 1309.0 150.000 65.924
6 1310.0 150.000 65.764
6 1311.0 150.000 65.604
6 1312.0 150.000 65.444
6 1313.0 150.000 65.285
6 1314.0 150.000 65.125
6 1315.0 150.000 64.965
6 1316.0 150.000 64.806
6 1317.0 150.000 64.646
6 1318.0 150.000 64.486
6 1319.0 150.000 64.326
6 1320.0 150.000 64.167
6 1321.0 150.000 64.007
6 1322.0 150.000 63.847
6 1323.0 150.000 63.688
6 1324.0 150.000 63.528
6 1325.0 150.000 63.368
6 1326.0 150.000 63.208
6 1327.0 150.000 63.049
6 1328.0 150.000 62.889
6 1329.0 150.000 62.729
6 1330.0 150.000 62.569
6 1331.0 149.910 62.500
6 1332.0 149.750 62.500
6 1333.0 149.590 62.500
6 1334.0 149.431 62.500
6 1335.0 149.271 62.500
6 1336.0 149.111 62.500
6 1337.0 148.951 62.500
6 1338.0 148.792 62.500
6 1339.0 148.632 62.500
6 1340.0 148.472 62.500
6 1341.0 148.313 62.500
6 1342.0 148.153 62.500
6 1343.0 147.993 62.500
6 1344.0 147.833 62.500
6 1345.0 147.674 62.500
6 1346.0 147.514 62.500
6 1347.0 147.354 62.500
6 1348.0 147.194 62.500
6 1349.0 147.035 62.500
6 1350.0 146.875 62.500
6 1351.0 146.715 62.500
6 1352.0 146.556 62.500
6 1353.0 146.396 62.500
6 1354.0 146.236 62.500
6 1355.0 146.076 62.500
6 1356.0 145.917 62.500
6 1357.0 145.757 62.500
6 1358.0 145.597 62.500
6 1359.0 145.438 62.500
6 1360.0 145.278 62.500
6 1361.0 145.118 62.500
6 1362.0 144.958 62.500
6 1363.0 144.799 62.500
6 1364.0 144.639 62.500
6 1365.0 144.479 62.500
6 1366.0 144.319 62.500
6 1367.0 144.160 62.500
6 1368.0 144.000 62.500
6 1369.0 143.840 62.500
6 1370.0 143.681 62.500
6 1371.0 143.521 62.500
6 1372.0 143.361 62.500
6 1373.0 143.201 62.500
6 1374.0 143.042 62.500
6 1375.0 142.882 62.500
6 1376.0 142.722 62.500
6 1377.0 142.563 62.500
6 1378.0 142.403 62.500
6 1379.0 142.243 62.500
6 1380.0 142.083 62.500
6 1381.0 141.924 62.500
6 1382.0 141.764 62.500
6 1383.0 141.604 62.500
6 1384.0 141.444 62.500
6 1385.0 141.285 62.500
6 1386.0 141.125 62.500
6 1387.0 140.965 62.500
6 1388.0 140.806 62.500
6 1389.0 140.646 62.500
6 1390.0 140.486 62.500
6 1391.0 140.326 62.500
6 1392.0 140.167 62.500
6 1393.0 140.007 62.500
6 1394.0 139.847 62.500
6 1395.0 139.688 62.500
6 1396.0 139.528 62.500
6 1397.0 139.368 62.500
6 1398.0 139.208 62.500
6 1399.0 139.049 62.500
6 1400.0 138.889 62.500
6 1401.0 138.729 62.500
6 1402.0 138.569 62.500
6 1403.0 138.410 62.500
6 1404.0 138.250 62.500
6 1405.0 138.090 62.500
6 1406.0 137.931 62.500
6 1407.0 137.771 62.500
6 1408.0 137.611 62.500
6 1409.0 137.451 62.500
6 1410.0 137.292 62.500
6 1411.0 137.132 62.500
6 1412.0 136.972 62.500
6 1413.0 136.813 62.500
6 1414.0 136.653 62.500
6 1415.0 136.493 62.500
6 1416.0 136.333 62.500
6 1417.0 136.174 62.500
6 1418.0 136.014 62.500
6 1419.0 135.854 62.500
6 1420.0 135.694 62.500
6 1421.0 135.535 62.500
6 1422.0 135.375 62.500
6 1423.0 135.215 62.500
6 1424.0 135.056 62.500
6 1425.0 134.896 62.500
6 1426.0 134.736 62.500
6 1427.0 134.576 62.500
6 1428.0 134.417 62.500
6 1429.0 134.257 62.500
6 1430.0 134.097 62.500
6 1431.0 133.938 62.500
6 1432.0 133.778 62.500
6 1433.0 133.618 62.500
6 1434.0 133.458 62.500
6 1435.0 133.299 62.500
6 1436.0 133.139 62.500
6 1437.0 132.979 62.500
6 1438.0 132.819 62.500
6 1439.0 132.660 62.500
6 1440.0 132.500 62.500
6 1441.0 132.340 62.500
6 1442.0 132.181 62.500
6 1443.0 132.021 62.500
6 1444.0 131.861 62.500
6 1445.0 131.701 62.500
6 1446.0 131.542 62.500
6 1447.0 131.382 62.500
6 1448.0 131.222 62.500
6 1449.0 131.063 62.500
6 1450.0 130.903 62.500
6 1451.0 130.743 62.500
6 1452.0 130.583 62.500
6 1453.0 130.424 62.500
6 1454.0 130.264 62.500
6 1455.0 130.104 62.500
6 1456.0 129.944 62.500
6 1457.0 129.785 62.500
6 1458.0 129.625 62.500
6 1459.0 129.465 62.500
6 1460.0 129.306 62.500
6 1461.0 129.146 62.500
6 1462.0 128.986 62.500
6 1463.0 128.826 62.500
6 1464.0 128.667 62.500
6 1465.0 128.507 62.500
6 1466.0 128.347 62.500
6 1467.0 128.188 62.500
6 1468.0 128.028 62.500
6 1469.0 127.868 62.500
6 1470.0 127.708 62.500
6 1471.0 127.549 62.500
6 1472.0 127.389 62.500
6 1473.0 127.229 62.500
6 1474.0 127.069 62.500
6 1475.0 126.910 62.500
6 1476.0 126.750 62.500
6 1477.0 126.590 62.500
6 1478.0 126.431 62.500
6 1479.0 126.271 62.500
6 1480.0 126.111 62.500
6 1481.0 125.951 62.500
6 1482.0 125.792 62.500
6 1483.0 125.632 62.500
6 1484.0 125.472 62.500
6 1485.0 125.313 62.500
6 1486.0 125.153 62.500
6 1487.0 124.993 62.500
6 1488.0 124.833 62.500
6 1489.0 124.674 62.500
6 1490.0 124.514 62.500
6 1491.0 124.354 62.500
6 1492.0 124.194 62.500
6 1493.0 124.035 62.500
6 1494.0 123.875 62.500
6 1495.0 123.715 62.500
6 1496.0 123.556 62.500
6 1497.0 123.396 62.500
6 1498.0 123.236 62.500
6 1499.0 123.076 62.500
6 1500.0 122.917 62.500
6 1501.0 122.757 62.500
6 1502.0 122.597 62.500
6 1503.0 122.438 62.500
6 1504.0 122.278 62.500
6 1505.0 122.118 62.500
6 1506.0 121.958 62.500
6 1507.0 121.799 62.500
6 1508.0 121.639 62.500
6 1509.0 121.479 62.500
6 1510.0 121.319 62.500
6 1511.0 121.160 62.500
6 1512.0 121.000 62.500
6 1513.0 120.840 62.500
6 1514.0 120.681 62.500
6 1515.0 120.521 62.500
6 1516.0 120.361 62.500
6 1517.0 120.201 62.500
6 1518.0 120.042 62.500
6 1519.0 119.882 62.500
6 1520.0 119.722 62.500
6 1521.0 119.563 62.500
6 1522.0 119.403 62.500
6 1523.0 119.243 62.500
6 1524.0 119.083 62.500
6 1525.0 118.924 62.500
6 1526.0 118.764 62.500
6 1527.0 118.604 62.500
6 1528.0 118.444 62.500
6 1529.0 118.285 62.500
6 1530.0 118.125 62.500
6 1531.0 117.965 62.500
6 1532.0 117.806 62.500
6 1533.0 117.646 62.500
6 1534.0 117.486 62.500
6 1535.0 117.326 62.500
6 1536.0 117.167 62.500
6 1537.0 117.007 62.500
6 1538.0 116.847 62.500
6 1539.0 116.688 62.500
6 1540.0 116.528 62.500
6 1541.0 116.368 62.500
6 1542.0 116.208 62.500
6 1543.0 116.049 62.500
6 1544.0 115.889 62.500
6 1545.0 115.729 62.500
6 1546.0 115.569 62.500
6 1547.0 115.410 62.500
6 1548.0 115.250 62.500
6 1549.0 115.090 62.500
6 1550.0 114.931 62.500
6 1551.0 114.771 62.500
6 1552.0 114.611 62.500
6 1553.0 114.451 62.500
6 1554.0 114.292 62.500
6 1555.0 114.132 62.500
6 1556.0 113.972 62.500
6 1557.0 113.813 62.500
6 1558.0 113.653 62.500
6 1559.0 113.493 62.500
6 1560.0 113.333 62.500
6 1561.0 113.174 62.500
6 1562.0 113.014 62.500
6 1563.0 112.854 62.500
6 1564.0 112.694 62.500
6 1565.0 112.535 62.500
6 1566.0 112.375 62.500
6 1567.0 112.215 62.500
6 1568.0 112.056 62.500
6 1569.0 111.896 62.500
6 1570.0 111.736 62.500
6 1571.0 111.576 62.500
6 1572.0 111.417 62.500
6 1573.0 111.257 62.500
6 1574.0 111.097 62.500
6 1575.0 110.938 62.500
6 1576.0 110.778 62.500
6 1577.0 110.618 62.500
6 1578.0 110.458 62.500
6 1579.0 110.299 62.500
6 1580.0 110.139 62.500
6 1581.0 109.979 62.500
6 1582.0 109.819 62.500
6 1583.0 109.660 62.500
6 1584.0 109.500 62.500
6 1585.0 109.340 62.500
6 1586.0 109.181 62.500
6 1587.0 109.021 62.500
6 1588.0 108.861 62.500
6 1589.0 108.701 62.500
6 1590.0 108.542 62.500
6 1591.0 108.382 62.500
6 1592.0 108.222 62.500
6 1593.0 108.063 62.500
6 1594.0 107.903 62.500
6 1595.0 107.743 62.500
6 1596.0 107.583 62.500
6 1597.0 107.424 62.500
6 1598.0 107.264 62.500
6 1599.0 107.104 62.500
6 1600.0 106.944 62.500
6 1601.0 106.785 62.500
6 1602.0 106.625 62.500
6 1603.0 106.465 62.500
6 1604.0 106.306 62.500
6 1605.0 106.146 62.500
6 1606.0 105.986 62.500
6 1607.0 105.826 62.500
6 1608.0 105.667 62.500
6 1609.0 105.507 62.500
6 1610.0 105.347 62.500
6 1611.0 105.188 62.500
6 1612.0 105.028 62.500
6 1613.0 104.868 62.500
6 1614.0 104.708 62.500
6 1615.0 104.549 62.500
6 1616.0 104.389 62.500
6 1617.0 104.229 62.500
6 1618.0 104.069 62.500
6 1619.0 103.910 62.500
6 1620.0 103.750 62.500
6 1621.0 103.590 62.500
6 1622.0 103.431 62.500
6 1623.0 103.271 62.500
6 1624.0 103.111 62.500
6 1625.0 102.951 62.500
6 1626.0 102.792 62.500
6 1627.0 102.632 62.500
6 1628.0 102.472 62.500
6 1629.0 102.312 62.500
6 1630.0 102.153 62.500
6 1631.0 101.993 62.500
6 1632.0 101.833 62.500
6 1633.0 101.674 62.500
6 1634.0 101.514 62.500
6 1635.0 101.354 62.500
6 1636.0 101.194 62.500
6 1637.0 101.035 62.500
6 1638.0 100.875 62.500
6 1639.0 100.715 62.500
6 1640.0 100.556 62.500
6 1641.0 100.396 62.500
6 1642.0 100.236 62.500
6 1643.0 100.076 62.500
6 1644.0 99.917 62.500
6 1645.0 99.757 62.500
6 1646.0 99.597 62.500
6 1647.0 99.438 62.500
6 1648.0 99.278 62.500
6 1649.0 99.118 62.500
6 1650.0 98.958 62.500
6 1651.0 98.799 62.500
6 1652.0 98.639 62.500
6 1653.0 98.479 62.500
6 1654.0 98.319 62.500
6 1655.0 98.160 62.500
6 1656.0 98.000 62.500
6 1657.0 97.840 62.500
6 1658.0 97.681 62.500
6 1659.0 97.521 62.500
6 1660.0 97.361 62.500
6 1661.0 97.201 62.500
6 1662.0 97.042 62.500
6 1663.0 96.882 62.500
6 1664.0 96.722 62.500
6 1665.0 96.562 62.500
6 1666.0 96.403 62.500
6 1667.0 96.243 62.500
6 1668.0 96.083 62.500
6 1669.0 95.924 62.500
6 1670.0 95.764 62.500
6 1671.0 95.604 62.500
6 1672.0 95.444 62.500
6 1673.0 95.285 62.500
6 1674.0 95.125 62.500
6 1675.0 94.965 62.500
6 1676.0 94.806 62.500
6 1677.0 94.646 62.500
6 1678.0 94.486 62.500
6 1679.0 94.326 62.500
6 1680.0 94.167 62.500
6 1681.0 94.007 62.500
6 1682.0 93.847 62.500
6 1683.0 93.688 62.500
6 1684.0 93.528 62.500
6 1685.0 93.368 62.500
6 1686.0 93.208 62.500
6 1687.0 93.049 62.500
6 1688.0 92.889 62.500
6 1689.0 92.729 62.500
6 1690.0 92.569 62.500
6 1691.0 92.410 62.500
6 1692.0 92.250 62.500
6 1693.0 92.090 62.500
6 1694.0 91.931 62.500
6 1695.0 91.771 62.500
6 1696.0 91.611 62.500
6 1697.0 91.451 62.500
6 1698.0 91.292 62.500
6 1699.0 91.132 62.500
6 1700.0 90.972 62.500
6 1701.0 90.812 62.500
6 1702.0 90.653 62.500
6 1703.0 90.493 62.500
6 1704.0 90.333 62.500
6 1705.0 90.174 62.500
6 1706.0 90.014 62.500
6 1707.0 89.854 62.500
6 1708.0 89.694 62.500
6 1709.0 89.535 62.500
6 1710.0 89.375 62.500
6 1711.0 89.215 62.500
6 1712.0 89.056 62.500
6 1713.0 88.896 62.500
6 1714.0 88.736 62.500
6 1715.0 88.576 62.500
6 1716.0 88.417 62.500
6 1717.0 88.257 62.500
6 1718.0 88.097 62.500
6 1719.0 87.938 62.500
6 1720.0 87.778 62.500
6 1721.0 87.618 62.500
6 1722.0 87.458 62.500
6 1723.0 87.299 62.500
6 1724.0 87.139 62.500
6 1725.0 86.979 62.500
6 1726.0 86.819 62.500
6 1727.0 86.660 62.500
6 1728.0 86.500 62.500
6 1729.0 86.340 62.500
6 1730.0 86.181 62.500
6 1731.0 86.021 62.500
6 1732.0 85.861 62.500
6 1733.0 85.701 62.500
6 1734.0 85.542 62.500
6 1735.0 85.382 62.500
6 1736.0 85.222 62.500
6 1737.0 85.062 62.500
6 1738.0 84.903 62.500
6 1739.0 84.743 62.500
6 1740.0 84.583 62.500
6 1741.0 84.424 62.500
6 1742.0 84.264 62.500
6 1743.0 84.104 62.500
6 1744.0 83.944 62.500
6 1745.0 83.785 62.500
6 1746.0 83.625 62.500
6 1747.0 83.465 62.500
6 1748.0 83.306 62.500
6 1749.0 83.146 62.500
6 1750.0 82.986 62.500
6 1751.0 82.826 62.500
6 1752.0 82.667 62.500
6 1753.0 82.507 62.500
6 1754.0 82.347 62.500
6 1755.0 82.188 62.500
6 1756.0 82.028 62.500
6 1757.0 81.868 62.500
6 1758.0 81.708 62.500
6 1759.0 81.549 62.500
6 1760.0 81.389 62.500
6 1761.0 81.229 62.500
6 1762.0 81.069 62.500
6 1763.0 80.910 62.500
6 1764.0 80.750 62.500
6 1765.0 80.590 62.500
6 1766.0 80.431 62.500
6 1767.0 80.271 62.500
6 1768.0 80.111 62.500
6 1769.0 79.951 62.500
6 1770.0 79.792 62.500
6 1771.0 79.632 62.500
6 1772.0 79.472 62.500
6 1773.0 79.312 62.500
6 1774.0 79.153 62.500
6 1775.0 78.993 62.500
6 1776.0 78.833 62.500
6 1777.0 78.674 62.500
6 1778.0 78.514 62.500
6 1779.0 78.354 62.500
6 1780.0 78.194 62.500
6 1781.0 78.035 62.500
6 1782.0 77.875 62.500
6 1783.0 77.715 62.500
6 1784.0 77.556 62.500
6 1785.0 77.396 62.500
6 1786.0 77.236 62.500
6 1787.0 77.076 62.500
6 1788.0 76.917 62.500
6 1789.0 76.757 62.500
6 1790.0 76.597 62.500
6 1791.0 76.438 62.500
6 1792.0 76.278 62.500
6 1793.0 76.118 62.500
6 1794.0 75.958 62.500
6 1795.0 75.799 62.500
6 1796.0 75.639 62.500
6 1797.0 75.479 62.500
6 1798.0 75.319 62.500
6 1799.0 75.160 62.500
6 1800.0 75.000 62.500
6 1801.0 74.840 62.500
6 1802.0 74.681 62.500
6 1803.0 74.521 62.500
6 1804.0 74.361 62.500
6 1805.0 74.201 62.500
6 1806.0 74.042 62.500
6 1807.0 73.882 62.500
6 1808.0 73.722 62.500
6 1809.0 73.562 62.500
6 1810.0 73.403 62.500
6 1811.0 73.243 62.500
6 1812.0 73.083 62.500
6 1813.0 72.924 62.500
6 1814.0 72.764 62.500
6 1815.0 72.604 62.500
6 1816.0 72.444 62.500
6 1817.0 72.285 62.500
6 1818.0 72.125 62.500
6 1819.0 71.965 62.500
6 1820.0 71.806 62.500
6 1821.0 71.646 62.500
6 1822.0 71.486 62.500
6 1823.0 71.326 62.500
6 1824.0 71.167 62.500
6 1825.0 71.007 62.500
6 1826.0 70.847 62.500
6 1827.0 70.687 62.500
6 1828.0 70.528 62.500
6 1829.0 70.368 62.500
6 1830.0 70.208 62.500
6 1831.0 70.049 62.500
6 1832.0 69.889 62.500
6 1833.0 69.729 62.500
6 1834.0 69.569 62.500
6 1835.0 69.410 62.500
6 1836.0 69.250 62.500
6 1837.0 69.090 62.500
6 1838.0 68.931 62.500
6 1839.0 68.771 62.500
6 1840.0 68.611 62.500
6 1841.0 68.451 62.500
6 1842.0 68.292 62.500
6 1843.0 68.132 62.500
6 1844.0 67.972 62.500
6 1845.0 67.812 62.500
6 1846.0 67.653 62.500
6 1847.0 67.493 62.500
6 1848.0 67.333 62.500
6 1849.0 67.174 62.500
6 1850.0 67.014 62.500
6 1851.0 66.854 62.500
6 1852.0 66.694 62.500
6 1853.0 66.535 62.500
6 1854.0 66.375 62.500
6 1855.0 66.215 62.500
6 1856.0 66.056 62.500
6 1857.0 65.896 62.500
6 1858.0 65.736 62.500
6 1859.0 65.576 62.500
6 1860.0 65.417 62.500
6 1861.0 65.257 62.500
6 1862.0 65.097 62.500
6 1863.0 64.937 62.500
6 1864.0 64.778 62.500
6 1865.0 64.618 62.500
6 1866.0 64.458 62.500
6 1867.0 64.299 62.500
6 1868.0 64.139 62.500
6 1869.0 63.979 62.500
6 1870.0 63.819 62.500
6 1871.0 63.660 62.500
6 1872.0 63.500 62.500
6 1873.0 63.340 62.500
6 1874.0 63.181 62.500
6 1875.0 63.021 62.500
6 1876.0 62.861 62.500
6 1877.0 62.701 62.500
6 1878.0 62.542 62.500
6 1879.0 62.382 62.500
6 1880.0 62.222 62.500
6 1881.0 62.062 62.500
6 1882.0 61.903 62.500
6 1883.0 61.743 62.500
6 1884.0 61.583 62.500
6 1885.0 61.424 62.500
6 1886.0 61.264 62.500
6 1887.0 61.104 62.500
6 1888.0 60.944 62.500
6 1889.0 60.785 62.500
6 1890.0 60.625 62.500
6 1891.0 60.465 62.500
6 1892.0 60.306 62.500
6 1893.0 60.146 62.500
6 1894.0 59.986 62.500
6 1895.0 59.826 62.500
6 1896.0 59.667 62.500
6 1897.0 59.507 62.500
6 1898.0 59.347 62.500
6 1899.0 59.188 62.500
6 1900.0 59.028 62.500
6 1901.0 58.868 62.500
6 1902.0 58.708 62.500
6 1903.0 58.549 62.500
6 1904.0 58.389 62.500
6 1905.0 58.229 62.500
6 1906.0 58.069 62.500
6 1907.0 57.910 62.500
6 1908.0 57.750 62.500
6 1909.0 57.590 62.500
6 1910.0 57.431 62.500
6 1911.0 57.271 62.500
6 1912.0 57.111 62.500
6 1913.0 56.951 62.500
6 1914.0 56.792 62.500
6 1915.0 56.632 62.500
6 1916.0 56.472 62.500
6 1917.0 56.312 62.500
6 1918.0 56.153 62.500
6 1919.0 55.993 62.500
6 1920.0 55.833 62.500
6 1921.0 55.674 62.500
6 1922.0 55.514 62.500
6 1923.0 55.354 62.500
6 1924.0 55.194 62.500
6 1925.0 55.035 62.500
6 1926.0 54.875 62.500
6 1927.0 54.715 62.500
6 1928.0 54.556 62.500
6 1929.0 54.396 62.500
6 1930.0 54.236 62.500
6 1931.0 54.076 62.500
6 1932.0 53.917 62.500
6 1933.0 53.757 62.500
6 1934.0 53.597 62.500
6 1935.0 53.438 62.500
6 1936.0 53.278 62.500
6 1937.0 53.118 62.500
6 1938.0 52.958 62.500
6 1939.0 52.799 62.500
6 1940.0 52.639 62.500
6 1941.0 52.479 62.500
6 1942.0 52.319 62.500
6 1943.0 52.160 62.500
6 1944.0 52.000 62.500
6 1945.0 51.840 62.500
6 1946.0 51.681 62.500
6 1947.0 51.521 62.500
6 1948.0 51.361 62.500
6 1949.0 51.201 62.500
6 1950.0 51.042 62.500
6 1951.0 50.882 62.500
6 1952.0 50.722 62.500
6 1953.0 50.562 62.500
6 1954.0 50.403 62.500
6 1955.0 50.243 62.500
6 1956.0 50.083 62.500
6 1957.0 49.924 62.500
6 1958.0 49.764 62.500
6 1959.0 49.604 62.500
6 1960.0 49.444 62.500
6 1961.0 49.285 62.500
6 1962.0 49.125 62.500
6 1963.0 48.965 62.500
6 1964.0 48.806 62.500
6 1965.0 48.646 62.500
6 1966.0 48.486 62.500
6 1967.0 48.326 62.500
6 1968.0 48.167 62.500
6 1969.0 48.007 62.500
6 1970.0 47.847 62.500
6 1971.0 47.688 62.500
6 1972.0 47.528 62.500
6 1973.0 47.368 62.500
6 1974.0 47.208 62.500
6 1975.0 47.049 62.500
6 1976.0 46.889 62.500
6 1977.0 46.729 62.500
6 1978.0 46.569 62.500
6 1979.0 46.410 62.500
6 1980.0 46.250 62.500
6 1981.0 46.090 62.500
6 1982.0 45.931 62.500
6 1983.0 45.771 62.500
6 1984.0 45.611 62.500
6 1985.0 45.451 62.500
6 1986.0 45.292 62.500
6 1987.0 45.132 62.500
6 1988.0 44.972 62.500
6 1989.0 44.812 62.500
6 1990.0 44.653 62.500
6 1991.0 44.493 62.500
6 1992.0 44.333 62.500
6 1993.0 44.174 62.500
6 1994.0 44.014 62.500
6 1995.0 43.854 62.500
6 1996.0 43.694 62.500
6 1997.0 43.535 62.500
6 1998.0 43.375 62.500
6 1999.0 43.215 62.500
6 2000.0 43.056 62.500
6 2001.0 42.896 62.500
6 2002.0 42.736 62.500
6 2003.0 42.576 62.500
6 2004.0 42.417 62.500
6 2005.0 42.257 62.500
6 2006.0 42.097 62.500
6 2007.0 41.938 62.500
6 2008.0 41.778 62.500
6 2009.0 41.618 62.500
6 2010.0 41.458 62.500
6 2011.0 41.299 62.500
6 2012.0 41.139 62.500
6 2013.0 40.979 62.500
6 2014.0 40.819 62.500
6 2015.0 40.660 62.500
6 2016.0 40.500 62.500
6 2017.0 40.340 62.500
6 2018.0 40.181 62.500
6 2019.0 40.021 62.500
6 2020.0 39.861 62.500
6 2021.0 39.701 62.500
6 2022.0 39.542 62.500
6 2023.0 39.382 62.500
6 2024.0 39.222 62.500
6 2025.0 39.062 62.500
6 2026.0 38.903 62.500
6 2027.0 38.743 62.500
6 2028.0 38.583 62.500
6 2029.0 38.424 62.500
6 2030.0 38.264 62.500
6 2031.0 38.104 62.500
6 2032.0 37.944 62.500
6 2033.0 37.785 62.500
6 2034.0 37.625 62.500
6 2035.0 37.465 62.500
6 2036.0 37.306 62.500
6 2037.0 37.146 62.500
6 2038.0 36.986 62.500
6 2039.0 36.826 62.500
6 2040.0 36.667 62.500
6 2041.0 36.507 62.500
6 2042.0 36.347 62.500
6 2043.0 36.188 62.500
6 2044.0 36.028 62.500
6 2045.0 35.868 62.500
6 2046.0 35.708 62.500
6 2047.0 35.549 62.500
6 2048.0 35.389 62.500
6 2049.0 35.229 62.500
6 2050.0 35.069 62.500
6 2051.0 34.910 62.500
6 2052.0 34.750 62.500
6 2053.0 34.590 62.500
6 2054.0 34.431 62.500
6 2055.0 34.271 62.500
6 2056.0 34.111 62.500
6 2057.0 33.951 62.500
6 2058.0 33.792 62.500
6 2059.0 33.632 62.500
6 2060.0 33.472 62.500
6 2061.0 33.312 62.500
6 2062.0 33.153 62.500
6 2063.0 32.993 62.500
6 2064.0 32.833 62.500
6 2065.0 32.674 62.500
6 2066.0 32.514 62.500
6 2067.0 32.354 62.500
6 2068.0 32.194 62.500
6 2069.0 32.035 62.500
6 2070.0 31.875 62.500
6 2071.0 31.715 62.500
6 2072.0 31.556 62.500
6 2073.0 31.396 62.500
6 2074.0 31.236 62.500
6 2075.0 31.076 62.500
6 2076.0 30.917 62.500
6 2077.0 30.757 62.500
6 2078.0 30.597 62.500
6 2079.0 30.438 62.500
6 2080.0 30.278 62.500
6 2081.0 30.118 62.500
6 2082.0 29.958 62.500
6 2083.0 29.799 62.500
6 2084.0 29.639 62.500
6 2085.0 29.479 62.500
6 2086.0 29.319 62.500
6 2087.0 29.160 62.500
6 2088.0 29.000 62.500
6 2089.0 28.840 62.500
6 2090.0 28.681 62.500
6 2091.0 28.521 62.500
6 2092.0 28.361 62.500
6 2093.0 28.201 62.500
6 2094.0 28.042 62.500
6 2095.0 27.882 62.500
6 2096.0 27.722 62.500
6 2097.0 27.562 62.500
6 2098.0 27.403 62.500
6 2099.0 27.243 62.500
6 2100.0 27.083 62.500
6 2101.0 26.924 62.500
6 2102.0 26.764 62.500
6 2103.0 26.604 62.500
6 2104.0 26.444 62.500
6 2105.0 26.285 62.500
6 2106.0 26.125 62.500
6 2107.0 25.965 62.500
6 2108.0 25.806 62.500
6 2109.0 25.646 62.500
6 2110.0 25.486 62.500
6 2111.0 25.326 62.500
6 2112.0 25.167 62.500
6 2113.0 25.007 62.500
6 2114.0 24.847 62.500
6 2115.0 24.688 62.500
6 2116.0 24.528 62.500
6 2117.0 24.368 62.500
6 2118.0 24.208 62.500
6 2119.0 24.049 62.500
6 2120.0 23.889 62.500
6 2121.0 23.729 62.500
6 2122.0 23.569 62.500
6 2123.0 23.410 62.500
6 2124.0 23.250 62.500
6 2125.0 23.090 62.500
6 2126.0 22.931 62.500
6 2127.0 22.771 62.500
6 2128.0 22.611 62.500
6 2129.0 22.451 62.500
6 2130.0 22.292 62.500
6 2131.0 22.132 62.500
6 2132.0 21.972 62.500
6 2133.0 21.812 62.500
6 2134.0 21.653 62.500
6 2135.0 21.493 62.500
6 2136.0 21.333 62.500
6 2137.0 21.174 62.500
6 2138.0 21.014 62.500
6 2139.0 20.854 62.500
6 2140.0 20.694 62.500
6 2141.0 20.535 62.500
6 2142.0 20.375 62.500
6 2143.0 20.215 62.500
6 2144.0 20.056 62.500
6 2145.0 19.896 62.500
6 2146.0 19.736 62.500
6 2147.0 19.576 62.500
6 2148.0 19.417 62.500
6 2149.0 19.257 62.500
6 2150.0 19.097 62.500
6 2151.0 18.938 62.500
6 2152.0 18.778 62.500
6 2153.0 18.618 62.500
6 2154.0 18.458 62.500
6 2155.0 18.299 62.500
6 2156.0 18.139 62.500
6 2157.0 17.979 62.500
6 2158.0 17.819 62.500
6 2159.0 17.660 62.500
6 2160.0 17.500 62.500
6 2161.0 17.340 62.500
6 2162.0 17.181 62.500
6 2163.0 17.021 62.500
6 2164.0 16.861 62.500
6 2165.0 16.701 62.500
6 2166.0 16.542 62.500
6 2167.0 16.382 62.500
6 2168.0 16.222 62.500
6 2169.0 16.062 62.500
6 2170.0 15.903 62.500
6 2171.0 15.743 62.500
6 2172.0 15.583 62.500
6 2173.0 15.424 62.500
6 2174.0 15.264 62.500
6 2175.0 15.104 62.500
6 2176.0 14.944 62.500
6 2177.0 14.785 62.500
6 2178.0 14.625 62.500
6 2179.0 14.465 62.500
6 2180.0 14.306 62.500
6 2181.0 14.146 62.500
6 2182.0 13.986 62.500
6 2183.0 13.826 62.500
6 2184.0 13.667 62.500
6 2185.0 13.507 62.500
6 2186.0 13.347 62.500
6 2187.0 13.188 62.500
6 2188.0 13.028 62.500
6 2189.0 12.868 62.500
6 2190.0 12.708 62.500
6 2191.0 12.549 62.500
6 2192.0 12.389 62.500
6 2193.0 12.229 62.500
6 2194.0 12.069 62.500
6 2195.0 11.910 62.500
6 2196.0 11.750 62.500
6 2197.0 11.590 62.500
6 2198.0 11.431 62.500
6 2199.0 11.271 62.500
6 2200.0 11.111 62.500
6 2201.0 10.951 62.500
6 2202.0 10.792 62.500
6 2203.0 10.632 62.500
6 2204.0 10.472 62.500
6 2205.0 10.312 62.500
6 2206.0 10.153 62.500
6 2207.0 9.993 62.500
6 2208.0 9.833 62.500
6 2209.0 9.674 62.500
6 2210.0 9.514 62.500
6 2211.0 9.354 62.500
6 2212.0 9.194 62.500
6 2213.0 9.035 62.500
6 2214.0 8.875 62.500
6 2215.0 8.715 62.500
6 2216.0 8.556 62.500
6 2217.0 8.396 62.500
6 2218.0 8.236 62.500
6 2219.0 8.076 62.500
6 2220.0 7.917 62.500
6 2221.0 7.757 62.500
6 2222.0 7.597 62.500
6 2223.0 7.438 62.500
6 2224.0 7.278 62.500
6 2225.0 7.118 62.500
6 2226.0 6.958 62.500
6 2227.0 6.799 62.500
6 2228.0 6.639 62.500
6 2229.0 6.479 62.500
6 2230.0 6.319 62.500
6 2231.0 6.160 62.500
6 2232.0 6.000 62.500
6 2233.0 5.840 62.500
6 2234.0 5.681 62.500
6 2235.0 5.521 62.500
6 2236.0 5.361 62.500
6 2237.0 5.201 62.500
6 2238.0 5.042 62.500
6 2239.0 4.882 62.500
6 2240.0 4.722 62.500
6 2241.0 4.562 62.500
6 2242.0 4.403 62.500
6 2243.0 4.243 62.500
6 2244.0 4.083 62.500
6 2245.0 3.924 62.500
6 2246.0 3.764 62.500
6 2247.0 3.604 62.500
6 2248.0 3.444 62.500
6 2249.0 3.285 62.500
6 2250.0 3.125 62.500
6 2251.0 2.965 62.500
6 2252.0 2.806 62.500
6 2253.0 2.646 62.500
6 2254.0 2.486 62.500
6 2255.0 2.326 62.500
6 2256.0 2.167 62.500
6 2257.0 2.007 62.500
6 2258.0 1.847 62.500
6 2259.0 1.688 62.500
6 2260.0 1.528 62.500
6 2261.0 1.368 62.500
6 2262.0 1.208 62.500
6 2263.0 1.049 62.500
6 2264.0 0.889 62.500
6 2265.0 0.729 62.500
6 2266.0 0.569 62.500
6 2267.0 0.410 62.500
6 2268.0 0.250 62.500
6 2269.0 0.090 62.500
6 2270.0 0.000 62.431
6 2271.0 0.000 62.271
6 2272.0 0.000 62.111
6 2273.0 0.000 61.951
6 2274.0 0.000 61.792
6 2275.0 0.000 61.632
6 2276.0 0.000 61.472
6 2277.0 0.000 61.312
6 2278.0 0.000 61.153
6 2279.0 0.000 60.993
6 2280.0 0.000 60.833
6 2281.0 0.000 60.674
6 2282.0 0.000 60.514
6 2283.0 0.000 60.354
6 2284.0 0.000 60.194
6 2285.0 0.000 60.035
6 2286.0 0.000 59.875
6 2287.0 0.000 59.715
6 2288.0 0.000 59.556
6 2289.0 0.000 59.396
6 2290.0 0.000 59.236
6 2291.0 0.000 59.076
6 2292.0 0.000 58.917
6 2293.0 0.000 58.757
6 2294.0 0.000 58.597
6 2295.0 0.000 58.438
6 2296.0 0.000 58.278
6 2297.0 0.000 58.118
6 2298.0 0.000 57.958
6 2299.0 0.000 57.799
6 2300.0 0.000 57.639
6 2301.0 0.000 57.479
6 2302.0 0.000 57.319
6 2303.0 0.000 57.160
6 2304.0 0.000 57.000
6 2305.0 0.000 56.840
6 2306.0 0.000 56.681
6 2307.0 0.000 56.521
6 2308.0 0.000 56.361
6 2309.0 0.000 56.201
6 2310.0 0.000 56.042
6 2311.0 0.000 55.882
6 2312.0 0.000 55.722
6 2313.0 0.000 55.563
6 2314.0 0.000 55.403
6 2315.0 0.000 55.243
6 2316.0 0.000 55.083
6 2317.0 0.000 54.924
6 2318.0 0.000 54.764
6 2319.0 0.000 54.604
6 2320.0 0.000 54.444
6 2321.0 0.000 54.285
6 2322.0 0.000 54.125
6 2323.0 0.000 53.965
6 2324.0 0.000 53.806
6 2325.0 0.000 53.646
6 2326.0 0.000 53.486
6 2327.0 0.000 53.326
6 2328.0 0.000 53.167
6 2329.0 0.000 53.007
6 2330.0 0.000 52.847
6 2331.0 0.000 52.688
6 2332.0 0.000 52.528
6 2333.0 0.000 52.368
6 2334.0 0.000 52.208
6 2335.0 0.000 52.049
6 2336.0 0.000 51.889
6 2337.0 0.000 51.729
6 2338.0 0.000 51.569
6 2339.0 0.000 51.410
6 2340.0 0.000 51.250
6 2341.0 0.000 51.090
6 2342.0 0.000 50.931
6 2343.0 0.000 50.771
6 2344.0 0.000 50.611
6 2345.0 0.000 50.451
6 2346.0 0.000 50.292
6 2347.0 0.000 50.132
6 2348.0 0.000 49.972
6 2349.0 0.000 49.813
6 2350.0 0.000 49.653
6 2351.0 0.000 49.493
6 2352.0 0.000 49.333
6 2353.0 0.000 49.174
6 2354.0 0.000 49.014
6 2355.0 0.000 48.854
6 2356.0 0.000 48.694
6 2357.0 0.000 48.535
6 2358.0 0.000 48.375
6 2359.0 0.000 48.215
6 2360.0 0.000 48.056
6 2361.0 0.000 47.896
6 2362.0 0.000 47.736
6 2363.0 0.000 47.576
6 2364.0 0.000 47.417
6 2365.0 0.000 47.257
6 2366.0 0.000 47.097
6 2367.0 0.000 46.938
6 2368.0 0.000 46.778
6 2369.0 0.000 46.618
6 2370.0 0.000 46.458
6 2371.0 0.000 46.299
6 2372.0 0.000 46.139
6 2373.0 0.000 45.979
6 2374.0 0.000 45.819
6 2375.0 0.000 45.660
6 2376.0 0.000 45.500
6 2377.0 0.000 45.340
6 2378.0 0.000 45.181
6 2379.0 0.000 45.021
6 2380.0 0.000 44.861
6 2381.0 0.000 44.701
6 2382.0 0.000 44.542
6 2383.0 0.000 44.382
6 2384.0 0.000 44.222
6 2385.0 0.000 44.063
6 2386.0 0.000 43.903
6 2387.0 0.000 43.743
6 2388.0 0.000 43.583
6 2389.0 0.000 43.424
6 2390.0 0.000 43.264
6 2391.0 0.000 43.104
6 2392.0 0.000 42.944
6 2393.0 0.000 42.785
6 2394.0 0.000 42.625
6 2395.0 0.000 42.465
6 2396.0 0.000 42.306
6 2397.0 0.000 42.146
6 2398.0 0.000 41.986
6 2399.0 0.000 41.826
6 2400.0 0.000 41.667
6 2401.0 0.000 41.507
6 2402.0 0.000 41.347
6 2403.0 0.000 41.188
6 2404.0 0.000 41.028
6 2405.0 0.000 40.868
6 2406.0 0.000 40.708
6 2407.0 0.000 40.549
6 2408.0 0.000 40.389
6 2409.0 0.000 40.229
6 2410.0 0.000 40.069
6 2411.0 0.000 39.910
6 2412.0 0.000 39.750
6 2413.0 0.000 39.590
6 2414.0 0.000 39.431
6 2415.0 0.000 39.271
6 2416.0 0.000 39.111
6 2417.0 0.000 38.951
6 2418.0 0.000 38.792
6 2419.0 0.000 38.632
6 2420.0 0.000 38.472
6 2421.0 0.000 38.313
6 2422.0 0.000 38.153
6 2423.0 0.000 37.993
6 2424.0 0.000 37.833
6 2425.0 0.000 37.674
6 2426.0 0.000 37.514
6 2427.0 0.000 37.354
6 2428.0 0.000 37.194
6 2429.0 0.000 37.035
6 2430.0 0.000 36.875
6 2431.0 0.000 36.715
6 2432.0 0.000 36.556
6 2433.0 0.000 36.396
6 2434.0 0.000 36.236
6 2435.0 0.000 36.076
6 2436.0 0.000 35.917
6 2437.0 0.000 35.757
6 2438.0 0.000 35.597
6 2439.0 0.000 35.438
6 2440.0 0.000 35.278
6 2441.0 0.000 35.118
6 2442.0 0.000 34.958
6 2443.0 0.000 34.799
6 2444.0 0.000 34.639
6 2445.0 0.000 34.479
6 2446.0 0.000 34.319
6 2447.0 0.000 34.160
6 2448.0 0.000 34.000
6 2449.0 0.000 33.840
6 2450.0 0.000 33.681
6 2451.0 0.000 33.521
6 2452.0 0.000 33.361
6 2453.0 0.000 33.201
6 2454.0 0.000 33.042
6 2455.0 0.000 32.882
6 2456.0 0.000 32.722
6 2457.0 0.000 32.563
6 2458.0 0.000 32.403
6 2459.0 0.000 32.243
6 2460.0 0.000 32.083
6 2461.0 0.000 31.924
6 2462.0 0.000 31.764
6 2463.0 0.000 31.604
6 2464.0 0.000 31.444
6 2465.0 0.000 31.285
6 2466.0 0.000 31.125
6 2467.0 0.000 30.965
6 2468.0 0.000 30.806
6 2469.0 0.000 30.646
6 2470.0 0.000 30.486
6 2471.0 0.000 30.326
6 2472.0 0.000 30.167
6 2473.0 0.000 30.007
6 2474.0 0.000 29.847
6 2475.0 0.000 29.688
6 2476.0 0.000 29.528
6 2477.0 0.000 29.368
6 2478.0 0.000 29.208
6 2479.0 0.000 29.049
6 2480.0 0.000 28.889
6 2481.0 0.000 28.729
6 2482.0 0.000 28.569
6 2483.0 0.000 28.410
6 2484.0 0.000 28.250
6 2485.0 0.000 28.090
6 2486.0 0.000 27.931
6 2487.0 0.000 27.771
6 2488.0 0.000 27.611
6 2489.0 0.000 27.451
6 2490.0 0.000 27.292
6 2491.0 0.000 27.132
6 2492.0 0.000 26.972
6 2493.0 0.000 26.813
6 2494.0 0.000 26.653
6 2495.0 0.000 26.493
6 2496.0 0.000 26.333
6 2497.0 0.000 26.174
6 2498.0 0.000 26.014
6 2499.0 0.000 25.854
6 2500.0 0.000 25.694
6 2501.0 0.000 25.535
6 2502.0 0.000 25.375
6 2503.0 0.000 25.215
6 2504.0 0.000 25.056
6 2505.0 0.000 24.896
6 2506.0 0.000 24.736
6 2507.0 0.000 24.576
6 2508.0 0.000 24.417
6 2509.0 0.000 24.257
6 2510.0 0.000 24.097
6 2511.0 0.000 23.938
6 2512.0 0.000 23.778
6 2513.0 0.000 23.618
6 2514.0 0.000 23.458
6 2515.0 0.000 23.299
6 2516.0 0.000 23.139
6 2517.0 0.000 22.979
6 2518.0 0.000 22.819
6 2519.0 0.000 22.660
6 2520.0 0.000 22.500
6 2521.0 0.000 22.340
6 2522.0 0.000 22.181
6 2523.0 0.000 22.021
6 2524.0 0.000 21.861
6 2525.0 0.000 21.701
6 2526.0 0.000 21.542
6 2527.0 0.000 21.382
6 2528.0 0.000 21.222
6 2529.0 0.000 21.063
6 2530.0 0.000 20.903
6 2531.0 0.000 20.743
6 2532.0 0.000 20.583
6 2533.0 0.000 20.424
6 2534.0 0.000 20.264
6 2535.0 0.000 20.104
6 2536.0 0.000 19.944
6 2537.0 0.000 19.785
6 2538.0 0.000 19.625
6 2539.0 0.000 19.465
6 2540.0 0.000 19.306
6 2541.0 0.000 19.146
6 2542.0 0.000 18.986
6 2543.0 0.000 18.826
6 2544.0 0.000 18.667
6 2545.0 0.000 18.507
6 2546.0 0.000 18.347
6 2547.0 0.000 18.188
6 2548.0 0.000 18.028
6 2549.0 0.000 17.868
6 2550.0 0.000 17.708
6 2551.0 0.000 17.549
6 2552.0 0.000 17.389
6 2553.0 0.000 17.229
6 2554.0 0.000 17.069
6 2555.0 0.000 16.910
6 2556.0 0.000 16.750
6 2557.0 0.000 16.590
6 2558.0 0.000 16.431
6 2559.0 0.000 16.271
6 2560.0 0.000 16.111
6 2561.0 0.000 15.951
6 2562.0 0.000 15.792
6 2563.0 0.000 15.632
6 2564.0 0.000 15.472
6 2565.0 0.000 15.313
6 2566.0 0.000 15.153
6 2567.0 0.000 14.993
6 2568.0 0.000 14.833
6 2569.0 0.000 14.674
6 2570.0 0.000 14.514
6 2571.0 0.000 14.354
6 2572.0 0.000 14.194
6 2573.0 0.000 14.035
6 2574.0 0.000 13.875
6 2575.0 0.000 13.715
6 2576.0 0.000 13.556
6 2577.0 0.000 13.396
6 2578.0 0.000 13.236
6 2579.0 0.000 13.076
6 2580.0 0.000 12.917
6 2581.0 0.000 12.757
6 2582.0 0.000 12.597
6 2583.0 0.000 12.438
6 2584.0 0.000 12.278
6 2585.0 0.000 12.118
6 2586.0 0.000 11.958
6 2587.0 0.000 11.799
6 2588.0 0.000 11.639
6 2589.0 0.000 11.479
6 2590.0 0.000 11.319
6 2591.0 0.000 11.160
6 2592.0 0.000 11.000
6 2593.0 0.000 10.840
6 2594.0 0.000 10.681
6 2595.0 0.000 10.521
6 2596.0 0.000 10.361
6 2597.0 0.000 10.201
6 2598.0 0.000 10.042
6 2599.0 0.000 9.882
6 2600.0 0.000 9.722
6 2601.0 0.000 9.563
6 2602.0 0.000 9.403
6 2603.0 0.000 9.243
6 2604.0 0.000 9.083
6 2605.0 0.000 8.924
6 2606.0 0.000 8.764
6 2607.0 0.000 8.604
6 2608.0 0.000 8.444
6 2609.0 0.000 8.285
6 2610.0 0.000 8.125
6 2611.0 0.000 7.965
6 2612.0 0.000 7.806
6 2613.0 0.000 7.646
6 2614.0 0.000 7.486
6 2615.0 0.000 7.326
6 2616.0 0.000 7.167
6 2617.0 0.000 7.007
6 2618.0 0.000 6.847
6 2619.0 0.000 6.688
6 2620.0 0.000 6.528
6 2621.0 0.000 6.368
6 2622.0 0.000 6.208
6 2623.0 0.000 6.049
6 2624.0 0.000 5.889
6 2625.0 0.000 5.729
6 2626.0 0.000 5.569
6 2627.0 0.000 5.410
6 2628.0 0.000 5.250
6 2629.0 0.000 5.090
6 2630.0 0.000 4.931
6 2631.0 0.000 4.771
6 2632.0 0.000 4.611
6 2633.0 0.000 4.451
6 2634.0 0.000 4.292
6 2635.0 0.000 4.132
6 2636.0 0.000 3.972
6 2637.0 0.000 3.813
6 2638.0 0.000 3.653
6 2639.0 0.000 3.493
6 2640.0 0.000 3.333
6 2641.0 0.000 3.174
6 2642.0 0.000 3.014
6 2643.0 0.000 2.854
6 2644.0 0.000 2.694
6 2645.0 0.000 2.535
6 2646.0 0.000 2.375
6 2647.0 0.000 2.215
6 2648.0 0.000 2.056
6 2649.0 0.000 1.896
6 2650.0 0.000 1.736
6 2651.0 0.000 1.576
6 2652.0 0.000 1.417
6 2653.0 0.000 1.257
6 2654.0 0.000 1.097
6 2655.0 0.000 0.938
6 2656.0 0.000 0.778
6 2657.0 0.000 0.618
6 2658.0 0.000 0.458
6 2659.0 0.000 0.299
6 2660.0 0.000 0.139
6 2661.0 0.021 0.000
6 2662.0 0.181 0.000
6 2663.0 0.340 0.000
6 2664.0 0.500 0.000
6 2665.0 0.660 0.000
6 2666.0 0.819 0.000
6 2667.0 0.979 0.000
6 2668.0 1.139 0.000
6 2669.0 1.299 0.000
6 2670.0 1.458 0.000
6 2671.0 1.618 0.000
6 2672.0 1.778 0.000
6 2673.0 1.937 0.000
6 2674.0 2.097 0.000
6 2675.0 2.257 0.000
6 2676.0 2.417 0.000
6 2677.0 2.576 0.000
6 2678.0 2.736 0.000
6 2679.0 2.896 0.000
6 2680.0 3.056 0.000
6 2681.0 3.215 0.000
6 2682.0 3.375 0.000
6 2683.0 3.535 0.000
6 2684.0 3.694 0.000
6 2685.0 3.854 0.000
6 2686.0 4.014 0.000
6 2687.0 4.174 0.000
6 2688.0 4.333 0.000
6 2689.0 4.493 0.000
6 2690.0 4.653 0.000
6 2691.0 4.812 0.000
6 2692.0 4.972 0.000
6 2693.0 5.132 0.000
6 2694.0 5.292 0.000
6 2695.0 5.451 0.000
6 2696.0 5.611 0.000
6 2697.0 5.771 0.000
6 2698.0 5.931 0.000
6 2699.0 6.090 0.000
6 2700.0 6.250 0.000
6 2701.0 6.410 0.000
6 2702.0 6.569 0.000
6 2703.0 6.729 0.000
6 2704.0 6.889 0.000
6 2705.0 7.049 0.000
6 2706.0 7.208 0.000
6 2707.0 7.368 0.000
6 2708.0 7.528 0.000
6 2709.0 7.687 0.000
6 2710.0 7.847 0.000
6 2711.0 8.007 0.000
6 2712.0 8.167 0.000
6 2713.0 8.326 0.000
6 2714.0 8.486 0.000
6 2715.0 8.646 0.000
6 2716.0 8.806 0.000
6 2717.0 8.965 0.000
6 2718.0 9.125 0.000
6 2719.0 9.285 0.000
6 2720.0 9.444 0.000
6 2721.0 9.604 0.000
6 2722.0 9.764 0.000
6 2723.0 9.924 0.000
6 2724.0 10.083 0.000
6 2725.0 10.243 0.000
6 2726.0 10.403 0.000
6 2727.0 10.562 0.000
6 2728.0 10.722 0.000
6 2729.0 10.882 0.000
6 2730.0 11.042 0.000
6 2731.0 11.201 0.000
6 2732.0 11.361 0.000
6 2733.0 11.521 0.000
6 2734.0 11.681 0.000
6 2735.0 11.840 0.000
6 2736.0 12.000 0.000
6 2737.0 12.160 0.000
6 2738.0 12.319 0.000
6 2739.0 12.479 0.000
6 2740.0 12.639 0.000
6 2741.0 12.799 0.000
6 2742.0 12.958 0.000
6 2743.0 13.118 0.000
6 2744.0 13.278 0.000
6 2745.0 13.437 0.000
6 2746.0 13.597 0.000
6 2747.0 13.757 0.000
6 2748.0 13.917 0.000
6 2749.0 14.076 0.000
6 2750.0 14.236 0.000
6 2751.0 14.396 0.000
6 2752.0 14.556 0.000
6 2753.0 14.715 0.000
6 2754.0 14.875 0.000
6 2755.0 15.035 0.000
6 2756.0 15.194 0.000
6 2757.0 15.354 0.000
6 2758.0 15.514 0.000
6 2759.0 15.674 0.000
6 2760.0 15.833 0.000
6 2761.0 15.993 0.000
6 2762.0 16.153 0.000
6 2763.0 16.312 0.000
6 2764.0 16.472 0.000
6 2765.0 16.632 0.000
6 2766.0 16.792 0.000
6 2767.0 16.951 0.000
6 2768.0 17.111 0.000
6 2769.0 17.271 0.000
6 2770.0 17.431 0.000
6 2771.0 17.590 0.000
6 2772.0 17.750 0.000
6 2773.0 17.910 0.000
6 2774.0 18.069 0.000
6 2775.0 18.229 0.000
6 2776.0 18.389 0.000
6 2777.0 18.549 0.000
6 2778.0 18.708 0.000
6 2779.0 18.868 0.000
6 2780.0 19.028 0.000
6 2781.0 19.187 0.000
6 2782.0 19.347 0.000
6 2783.0 19.507 0.000
6 2784.0 19.667 0.000
6 2785.0 19.826 0.000
6 2786.0 19.986 0.000
6 2787.0 20.146 0.000
6 2788.0 20.306 0.000
6 2789.0 20.465 0.000
6 2790.0 20.625 0.000
6 2791.0 20.785 0.000
6 2792.0 20.944 0.000
6 2793.0 21.104 0.000
6 2794.0 21.264 0.000
6 2795.0 21.424 0.000
6 2796.0 21.583 0.000
6 2797.0 21.743 0.000
6 2798.0 21.903 0.000
6 2799.0 22.062 0.000
6 2800.0 22.222 0.000
6 2801.0 22.382 0.000
6 2802.0 22.542 0.000
6 2803.0 22.701 0.000
6 2804.0 22.861 0.000
6 2805.0 23.021 0.000
6 2806.0 23.181 0.000
6 2807.0 23.340 0.000
6 2808.0 23.500 0.000
6 2809.0 23.660 0.000
6 2810.0 23.819 0.000
6 2811.0 23.979 0.000
6 2812.0 24.139 0.000
6 2813.0 24.299 0.000
6 2814.0 24.458 0.000
6 2815.0 24.618 0.000
6 2816.0 24.778 0.000
6 2817.0 24.937 0.000
6 2818.0 25.097 0.000
6 2819.0 25.257 0.000
6 2820.0 25.417 0.000
6 2821.0 25.576 0.000
6 2822.0 25.736 0.000
6 2823.0 25.896 0.000
6 2824.0 26.056 0.000
6 2825.0 26.215 0.000
6 2826.0 26.375 0.000
6 2827.0 26.535 0.000
6 2828.0 26.694 0.000
6 2829.0 26.854 0.000
6 2830.0 27.014 0.000
6 2831.0 27.174 0.000
6 2832.0 27.333 0.000
6 2833.0 27.493 0.000
6 2834.0 27.653 0.000
6 2835.0 27.812 0.000
6 2836.0 27.972 0.000
6 2837.0 28.132 0.000
6 2838.0 28.292 0.000
6 2839.0 28.451 0.000
6 2840.0 28.611 0.000
6 2841.0 28.771 0.000
6 2842.0 28.931 0.000
6 2843.0 29.090 0.000
6 2844.0 29.250 0.000
6 2845.0 29.410 0.000
6 2846.0 29.569 0.000
6 2847.0 29.729 0.000
6 2848.0 29.889 0.000
6 2849.0 30.049 0.000
6 2850.0 30.208 0.000
6 2851.0 30.368 0.000
6 2852.0 30.528 0.000
6 2853.0 30.687 0.000
6 2854.0 30.847 0.000
6 2855.0 31.007 0.000
6 2856.0 31.167 0.000
6 2857.0 31.326 0.000
6 2858.0 31.486 0.000
6 2859.0 31.646 0.000
6 2860.0 31.806 0.000
6 2861.0 31.965 0.000
6 2862.0 32.125 0.000
6 2863.0 32.285 0.000
6 2864.0 32.444 0.000
6 2865.0 32.604 0.000
6 2866.0 32.764 0.000
6 2867.0 32.924 0.000
6 2868.0 33.083 0.000
6 2869.0 33.243 0.000
6 2870.0 33.403 0.000
6 2871.0 33.562 0.000
6 2872.0 33.722 0.000
6 2873.0 33.882 0.000
6 2874.0 34.042 0.000
6 2875.0 34.201 0.000
6 2876.0 34.361 0.000
6 2877.0 34.521 0.000
6 2878.0 34.681 0.000
6 2879.0 34.840 0.000
6 2880.0 35.000 0.000
6 2881.0 35.160 0.000
6 2882.0 35.319 0.000
6 2883.0 35.479 0.000
6 2884.0 35.639 0.000
6 2885.0 35.799 0.000
6 2886.0 35.958 0.000
6 2887.0 36.118 0.000
6 2888.0 36.278 0.000
6 2889.0 36.437 0.000
6 2890.0 36.597 0.000
6 2891.0 36.757 0.000
6 2892.0 36.917 0.000
6 2893.0 37.076 0.000
6 2894.0 37.236 0.000
6 2895.0 37.396 0.000
6 2896.0 37.556 0.000
6 2897.0 37.715 0.000
6 2898.0 37.875 0.000
6 2899.0 38.035 0.000
6 2900.0 38.194 0.000
6 2901.0 38.354 0.000
6 2902.0 38.514 0.000
6 2903.0 38.674 0.000
6 2904.0 38.833 0.000
6 2905.0 38.993 0.000
6 2906.0 39.153 0.000
6 2907.0 39.312 0.000
6 2908.0 39.472 0.000
6 2909.0 39.632 0.000
6 2910.0 39.792 0.000
6 2911.0 39.951 0.000
6 2912.0 40.111 0.000
6 2913.0 40.271 0.000
6 2914.0 40.431 0.000
6 2915.0 40.590 0.000
6 2916.0 40.750 0.000
6 2917.0 40.910 0.000
6 2918.0 41.069 0.000
6 2919.0 41.229 0.000
6 2920.0 41.389 0.000
6 2921.0 41.549 0.000
6 2922.0 41.708 0.000
6 2923.0 41.868 0.000
6 2924.0 42.028 0.000
6 2925.0 42.187 0.000
6 2926.0 42.347 0.000
6 2927.0 42.507 0.000
6 2928.0 42.667 0.000
6 2929.0 42.826 0.000
6 2930.0 42.986 0.000
6 2931.0 43.146 0.000
6 2932.0 43.306 0.000
6 2933.0 43.465 0.000
6 2934.0 43.625 0.000
6 2935.0 43.785 0.000
6 2936.0 43.944 0.000
6 2937.0 44.104 0.000
6 2938.0 44.264 0.000
6 2939.0 44.424 0.000
6 2940.0 44.583 0.000
6 2941.0 44.743 0.000
6 2942.0 44.903 0.000
6 2943.0 45.062 0.000
6 2944.0 45.222 0.000
6 2945.0 45.382 0.000
6 2946.0 45.542 0.000
6 2947.0 45.701 0.000
6 2948.0 45.861 0.000
6 2949.0 46.021 0.000
6 2950.0 46.181 0.000
6 2951.0 46.340 0.000
6 2952.0 46.500 0.000
6 2953.0 46.660 0.000
6 2954.0 46.819 0.000
6 2955.0 46.979 0.000
6 2956.0 47.139 0.000
6 2957.0 47.299 0.000
6 2958.0 47.458 0.000
6 2959.0 47.618 0.000
6 2960.0 47.778 0.000
6 2961.0 47.937 0.000
6 2962.0 48.097 0.000
6 2963.0 48.257 0.000
6 2964.0 48.417 0.000
6 2965.0 48.576 0.000
6 2966.0 48.736 0.000
6 2967.0 48.896 0.000
6 2968.0 49.056 0.000
6 2969.0 49.215 0.000
6 2970.0 49.375 0.000
6 2971.0 49.535 0.000
6 2972.0 49.694 0.000
6 2973.0 49.854 0.000
6 2974.0 50.014 0.000
6 2975.0 50.174 0.000
6 2976.0 50.333 0.000
6 2977.0 50.493 0.000
6 2978.0 50.653 0.000
6 2979.0 50.812 0.000
6 2980.0 50.972 0.000
6 2981.0 51.132 0.000
6 2982.0 51.292 0.000
6 2983.0 51.451 0.000
6 2984.0 51.611 0.000
6 2985.0 51.771 0.000
6 2986.0 51.931 0.000
6 2987.0 52.090 0.000
6 2988.0 52.250 0.000
6 2989.0 52.410 0.000
6 2990.0 52.569 0.000
6 2991.0 52.729 0.000
6 2992.0 52.889 0.000
6 2993.0 53.049 0.000
6 2994.0 53.208 0.000
6 2995.0 53.368 0.000
6 2996.0 53.528 0.000
6 2997.0 53.687 0.000
6 2998.0 53.847 0.000
6 2999.0 54.007 0.000
6 3000.0 54.167 0.000
6 3001.0 54.326 0.000
6 3002.0 54.486 0.000
6 3003.0 54.646 0.000
6 3004.0 54.806 0.000
6 3005.0 54.965 0.000
6 3006.0 55.125 0.000
6 3007.0 55.285 0.000
6 3008.0 55.444 0.000
6 3009.0 55.604 0.000
6 3010.0 55.764 0.000
6 3011.0 55.924 0.000
6 3012.0 56.083 0.000
6 3013.0 56.243 0.000
6 3014.0 56.403 0.000
6 3015.0 56.562 0.000
6 3016.0 56.722 0.000
6 3017.0 56.882 0.000
6 3018.0 57.042 0.000
6 3019.0 57.201 0.000
6 3020.0 57.361 0.000
6 3021.0 57.521 0.000
6 3022.0 57.681 0.000
6 3023.0 57.840 0.000
6 3024.0 58.000 0.000
6 3025.0 58.160 0.000
6 3026.0 58.319 0.000
6 3027.0 58.479 0.000
6 3028.0 58.639 0.000
6 3029.0 58.799 0.000
6 3030.0 58.958 0.000
6 3031.0 59.118 0.000
6 3032.0 59.278 0.000
6 3033.0 59.437 0.000
6 3034.0 59.597 0.000
6 3035.0 59.757 0.000
6 3036.0 59.917 0.000
6 3037.0 60.076 0.000
6 3038.0 60.236 0.000
6 3039.0 60.396 0.000
6 3040.0 60.556 0.000
6 3041.0 60.715 0.000
6 3042.0 60.875 0.000
6 3043.0 61.035 0.000
6 3044.0 61.194 0.000
6 3045.0 61.354 0.000
6 3046.0 61.514 0.000
6 3047.0 61.674 0.000
6 3048.0 61.833 0.000
6 3049.0 61.993 0.000
6 3050.0 62.153 0.000
6 3051.0 62.312 0.000
6 3052.0 62.472 0.000
6 3053.0 62.632 0.000
6 3054.0 62.792 0.000
6 3055.0 62.951 0.000
6 3056.0 63.111 0.000
6 3057.0 63.271 0.000
6 3058.0 63.431 0.000
6 3059.0 63.590 0.000
6 3060.0 63.750 0.000
6 3061.0 63.910 0.000
6 3062.0 64.069 0.000
6 3063.0 64.229 0.000
6 3064.0 64.389 0.000
6 3065.0 64.549 0.000
6 3066.0 64.708 0.000
6 3067.0 64.868 0.000
6 3068.0 65.028 0.000
6 3069.0 65.187 0.000
6 3070.0 65.347 0.000
6 3071.0 65.507 0.000
6 3072.0 65.667 0.000
6 3073.0 65.826 0.000
6 3074.0 65.986 0.000
6 3075.0 66.146 0.000
6 3076.0 66.306 0.000
6 3077.0 66.465 0.000
6 3078.0 66.625 0.000
6 3079.0 66.785 0.000
6 3080.0 66.944 0.000
6 3081.0 67.104 0.000
6 3082.0 67.264 0.000
6 3083.0 67.424 0.000
6 3084.0 67.583 0.000
6 3085.0 67.743 0.000
6 3086.0 67.903 0.000
6 3087.0 68.062 0.000
6 3088.0 68.222 0.000
6 3089.0 68.382 0.000
6 3090.0 68.542 0.000
6 3091.0 68.701 0.000
6 3092.0 68.861 0.000
6 3093.0 69.021 0.000
6 3094.0 69.181 0.000
6 3095.0 69.340 0.000
6 3096.0 69.500 0.000
6 3097.0 69.660 0.000
6 3098.0 69.819 0.000
6 3099.0 69.979 0.000
6 3100.0 70.139 0.000
6 3101.0 70.299 0.000
6 3102.0 70.458 0.000
6 3103.0 70.618 0.000
6 3104.0 70.778 0.000
6 3105.0 70.937 0.000
6 3106.0 71.097 0.000
6 3107.0 71.257 0.000
6 3108.0 71.417 0.000
6 3109.0 71.576 0.000
6 3110.0 71.736 0.000
6 3111.0 71.896 0.000
6 3112.0 72.056 0.000
6 3113.0 72.215 0.000
6 3114.0 72.375 0.000
6 3115.0 72.535 0.000
6 3116.0 72.694 0.000
6 3117.0 72.854 0.000
6 3118.0 73.014 0.000
6 3119.0 73.174 0.000
6 3120.0 73.333 0.000
6 3121.0 73.493 0.000
6 3122.0 73.653 0.000
6 3123.0 73.812 0.000
6 3124.0 73.972 0.000
6 3125.0 74.132 0.000
6 3126.0 74.292 0.000
6 3127.0 74.451 0.000
6 3128.0 74.611 0.000
6 3129.0 74.771 0.000
6 3130.0 74.931 0.000
6 3131.0 75.090 0.000
6 3132.0 75.250 0.000
6 3133.0 75.410 0.000
6 3134.0 75.569 0.000
6 3135.0 75.729 0.000
6 3136.0 75.889 0.000
6 3137.0 76.049 0.000
6 3138.0 76.208 0.000
6 3139.0 76.368 0.000
6 3140.0 76.528 0.000
6 3141.0 76.687 0.000
6 3142.0 76.847 0.000
6 3143.0 77.007 0.000
6 3144.0 77.167 0.000
6 3145.0 77.326 0.000
6 3146.0 77.486 0.000
6 3147.0 77.646 0.000
6 3148.0 77.806 0.000
6 3149.0 77.965 0.000
6 3150.0 78.125 0.000
6 3151.0 78.285 0.000
6 3152.0 78.444 0.000
6 3153.0 78.604 0.000
6 3154.0 78.764 0.000
6 3155.0 78.924 0.000
6 3156.0 79.083 0.000
6 3157.0 79.243 0.000
6 3158.0 79.403 0.000
6 3159.0 79.562 0.000
6 3160.0 79.722 0.000
6 3161.0 79.882 0.000
6 3162.0 80.042 0.000
6 3163.0 80.201 0.000
6 3164.0 80.361 0.000
6 3165.0 80.521 0.000
6 3166.0 80.681 0.000
6 3167.0 80.840 0.000
6 3168.0 81.000 0.000
6 3169.0 81.160 0.000
6 3170.0 81.319 0.000
6 3171.0 81.479 0.000
6 3172.0 81.639 0.000
6 3173.0 81.799 0.000
6 3174.0 81.958 0.000
6 3175.0 82.118 0.000
6 3176.0 82.278 0.000
6 3177.0 82.437 0.000
6 3178.0 82.597 0.000
6 3179.0 82.757 0.000
6 3180.0 82.917 0.000
6 3181.0 83.076 0.000
6 3182.0 83.236 0.000
6 3183.0 83.396 0.000
6 3184.0 83.556 0.000
6 3185.0 83.715 0.000
6 3186.0 83.875 0.000
6 3187.0 84.035 0.000
6 3188.0 84.194 0.000
6 3189.0 84.354 0.000
6 3190.0 84.514 0.000
6 3191.0 84.674 0.000
6 3192.0 84.833 0.000
6 3193.0 84.993 0.000
6 3194.0 85.153 0.000
6 3195.0 85.312 0.000
6 3196.0 85.472 0.000
6 3197.0 85.632 0.000
6 3198.0 85.792 0.000
6 3199.0 85.951 0.000
6 3200.0 86.111 0.000
6 3201.0 86.271 0.000
6 3202.0 86.431 0.000
6 3203.0 86.590 0.000
6 3204.0 86.750 0.000
6 3205.0 86.910 0.000
6 3206.0 87.069 0.000
6 3207.0 87.229 0.000
6 3208.0 87.389 0.000
6 3209.0 87.549 0.000
6 3210.0 87.708 0.000
6 3211.0 87.868 0.000
6 3212.0 88.028 0.000
6 3213.0 88.188 0.000
6 3214.0 88.347 0.000
6 3215.0 88.507 0.000
6 3216.0 88.667 0.000
6 3217.0 88.826 0.000
6 3218.0 88.986 0.000
6 3219.0 89.146 0.000
6 3220.0 89.306 0.000
6 3221.0 89.465 0.000
6 3222.0 89.625 0.000
6 3223.0 89.785 0.000
6 3224.0 89.944 0.000
6 3225.0 90.104 0.000
6 3226.0 90.264 0.000
6 3227.0 90.424 0.000
6 3228.0 90.583 0.000
6 3229.0 90.743 0.000
6 3230.0 90.903 0.000
6 3231.0 91.062 0.000
6 3232.0 91.222 0.000
6 3233.0 91.382 0.000
6 3234.0 91.542 0.000
6 3235.0 91.701 0.000
6 3236.0 91.861 0.000
6 3237.0 92.021 0.000
6 3238.0 92.181 0.000
6 3239.0 92.340 0.000
6 3240.0 92.500 0.000
6 3241.0 92.660 0.000
6 3242.0 92.819 0.000
6 3243.0 92.979 0.000
6 3244.0 93.139 0.000
6 3245.0 93.299 0.000
6 3246.0 93.458 0.000
6 3247.0 93.618 0.000
6 3248.0 93.778 0.000
6 3249.0 93.938 0.000
6 3250.0 94.097 0.000
6 3251.0 94.257 0.000
6 3252.0 94.417 0.000
6 3253.0 94.576 0.000
6 3254.0 94.736 0.000
6 3255.0 94.896 0.000
6 3256.0 95.056 0.000
6 3257.0 95.215 0.000
6 3258.0 95.375 0.000
6 3259.0 95.535 0.000
6 3260.0 95.694 0.000
6 3261.0 95.854 0.000
6 3262.0 96.014 0.000
6 3263.0 96.174 0.000
6 3264.0 96.333 0.000
6 3265.0 96.493 0.000
6 3266.0 96.653 0.000
6 3267.0 96.812 0.000
6 3268.0 96.972 0.000
6 3269.0 97.132 0.000
6 3270.0 97.292 0.000
6 3271.0 97.451 0.000
6 3272.0 97.611 0.000
6 3273.0 97.771 0.000
6 3274.0 97.931 0.000
6 3275.0 98.090 0.000
6 3276.0 98.250 0.000
6 3277.0 98.410 0.000
6 3278.0 98.569 0.000
6 3279.0 98.729 0.000
6 3280.0 98.889 0.000
6 3281.0 99.049 0.000
6 3282.0 99.208 0.000
6 3283.0 99.368 0.000
6 3284.0 99.528 0.000
6 3285.0 99.688 0.000
6 3286.0 99.847 0.000
6 3287.0 100.007 0.000
6 3288.0 100.167 0.000
6 3289.0 100.326 0.000
6 3290.0 100.486 0.000
6 3291.0 100.646 0.000
6 3292.0 100.806 0.000
6 3293.0 100.965 0.000
6 3294.0 101.125 0.000
6 3295.0 101.285 0.000
6 3296.0 101.444 0.000
6 3297.0 101.604 0.000
6 3298.0 101.764 0.000
6 3299.0 101.924 0.000
6 3300.0 102.083 0.000
6 3301.0 102.243 0.000
6 3302.0 102.403 0.000
6 3303.0 102.562 0.000
6 3304.0 102.722 0.000
6 3305.0 102.882 0.000
6 3306.0 103.042 0.000
6 3307.0 103.201 0.000
6 3308.0 103.361 0.000
6 3309.0 103.521 0.000
6 3310.0 103.681 0.000
6 3311.0 103.840 0.000
6 3312.0 104.000 0.000
6 3313.0 104.160 0.000
6 3314.0 104.319 0.000
6 3315.0 104.479 0.000
6 3316.0 104.639 0.000
6 3317.0 104.799 0.000
6 3318.0 104.958 0.000
6 3319.0 105.118 0.000
6 3320.0 105.278 0.000
6 3321.0 105.438 0.000
6 3322.0 105.597 0.000
6 3323.0 105.757 0.000
6 3324.0 105.917 0.000
6 3325.0 106.076 0.000
6 3326.0 106.236 0.000
6 3327.0 106.396 0.000
6 3328.0 106.556 0.000
6 3329.0 106.715 0.000
6 3330.0 106.875 0.000
6 3331.0 107.035 0.000
6 3332.0 107.194 0.000
6 3333.0 107.354 0.000
6 3334.0 107.514 0.000
6 3335.0 107.674 0.000
6 3336.0 107.833 0.000
6 3337.0 107.993 0.000
6 3338.0 108.153 0.000
6 3339.0 108.312 0.000
6 3340.0 108.472 0.000
6 3341.0 108.632 0.000
6 3342.0 108.792 0.000
6 3343.0 108.951 0.000
6 3344.0 109.111 0.000
6 3345.0 109.271 0.000
6 3346.0 109.431 0.000
6 3347.0 109.590 0.000
6 3348.0 109.750 0.000
6 3349.0 109.910 0.000
6 3350.0 110.069 0.000
6 3351.0 110.229 0.000
6 3352.0 110.389 0.000
6 3353.0 110.549 0.000
6 3354.0 110.708 0.000
6 3355.0 110.868 0.000
6 3356.0 111.028 0.000
6 3357.0 111.188 0.000
6 3358.0 111.347 0.000
6 3359.0 111.507 0.000
6 3360.0 111.667 0.000
6 3361.0 111.826 0.000
6 3362.0 111.986 0.000
6 3363.0 112.146 0.000
6 3364.0 112.306 0.000
6 3365.0 112.465 0.000
6 3366.0 112.625 0.000
6 3367.0 112.785 0.000
6 3368.0 112.944 0.000
6 3369.0 113.104 0.000
6 3370.0 113.264 0.000
6 3371.0 113.424 0.000
6 3372.0 113.583 0.000
6 3373.0 113.743 0.000
6 3374.0 113.903 0.000
6 3375.0 114.062 0.000
6 3376.0 114.222 0.000
6 3377.0 114.382 0.000
6 3378.0 114.542 0.000
6 3379.0 114.701 0.000
6 3380.0 114.861 0.000
6 3381.0 115.021 0.000
6 3382.0 115.181 0.000
6 3383.0 115.340 0.000
6 3384.0 115.500 0.000
6 3385.0 115.660 0.000
6 3386.0 115.819 0.000
6 3387.0 115.979 0.000
6 3388.0 116.139 0.000
6 3389.0 116.299 0.000
6 3390.0 116.458 0.000
6 3391.0 116.618 0.000
6 3392.0 116.778 0.000
6 3393.0 116.938 0.000
6 3394.0 117.097 0.000
6 3395.0 117.257 0.000
6 3396.0 117.417 0.000
6 3397.0 117.576 0.000
6 3398.0 117.736 0.000
6 3399.0 117.896 0.000
6 3400.0 118.056 0.000
6 3401.0 118.215 0.000
6 3402.0 118.375 0.000
6 3403.0 118.535 0.000
6 3404.0 118.694 0.000
6 3405.0 118.854 0.000
6 3406.0 119.014 0.000
6 3407.0 119.174 0.000
6 3408.0 119.333 0.000
6 3409.0 119.493 0.000
6 3410.0 119.653 0.000
6 3411.0 119.812 0.000
6 3412.0 119.972 0.000
6 3413.0 120.132 0.000
6 3414.0 120.292 0.000
6 3415.0 120.451 0.000
6 3416.0 120.611 0.000
6 3417.0 120.771 0.000
6 3418.0 120.931 0.000
6 3419.0 121.090 0.000
6 3420.0 121.250 0.000
6 3421.0 121.410 0.000
6 3422.0 121.569 0.000
6 3423.0 121.729 0.000
6 3424.0 121.889 0.000
6 3425.0 122.049 0.000
6 3426.0 122.208 0.000
6 3427.0 122.368 0.000
6 3428.0 122.528 0.000
6 3429.0 122.688 0.000
6 3430.0 122.847 0.000
6 3431.0 123.007 0.000
6 3432.0 123.167 0.000
6 3433.0 123.326 0.000
6 3434.0 123.486 0.000
6 3435.0 123.646 0.000
6 3436.0 123.806 0.000
6 3437.0 123.965 0.000
6 3438.0 124.125 0.000
6 3439.0 124.285 0.000
6 3440.0 124.444 0.000
6 3441.0 124.604 0.000
6 3442.0 124.764 0.000
6 3443.0 124.924 0.000
6 3444.0 125.083 0.000
6 3445.0 125.243 0.000
6 3446.0 125.403 0.000
6 3447.0 125.562 0.000
6 3448.0 125.722 0.000
6 3449.0 125.882 0.000
6 3450.0 126.042 0.000
6 3451.0 126.201 0.000
6 3452.0 126.361 0.000
6 3453.0 126.521 0.000
6 3454.0 126.681 0.000
6 3455.0 126.840 0.000
6 3456.0 127.000 0.000
6 3457.0 127.160 0.000
6 3458.0 127.319 0.000
6 3459.0 127.479 0.000
6 3460.0 127.639 0.000
6 3461.0 127.799 0.000
6 3462.0 127.958 0.000
6 3463.0 128.118 0.000
6 3464.0 128.278 0.000
6 3465.0 128.438 0.000
6 3466.0 128.597 0.000
6 3467.0 128.757 0.000
6 3468.0 128.917 0.000
6 3469.0 129.076 0.000
6 3470.0 129.236 0.000
6 3471.0 129.396 0.000
6 3472.0 129.556 0.000
6 3473.0 129.715 0.000
6 3474.0 129.875 0.000
6 3475.0 130.035 0.000
6 3476.0 130.194 0.000
6 3477.0 130.354 0.000
6 3478.0 130.514 0.000
6 3479.0 130.674 0.000
6 3480.0 130.833 0.000
6 3481.0 130.993 0.000
6 3482.0 131.153 0.000
6 3483.0 131.312 0.000
6 3484.0 131.472 0.000
6 3485.0 131.632 0.000
6 3486.0 131.792 0.000
6 3487.0 131.951 0.000
6 3488.0 132.111 0.000
6 3489.0 132.271 0.000
6 3490.0 132.431 0.000
6 3491.0 132.590 0.000
6 3492.0 132.750 0.000
6 3493.0 132.910 0.000
6 3494.0 133.069 0.000
6 3495.0 133.229 0.000
6 3496.0 133.389 0.000
6 3497.0 133.549 0.000
6 3498.0 133.708 0.000
6 3499.0 133.868 0.000
6 3500.0 134.028 0.000
6 3501.0 134.188 0.000
6 3502.0 134.347 0.000
6 3503.0 134.507 0.000
6 3504.0 134.667 0.000
6 3505.0 134.826 0.000
6 3506.0 134.986 0.000
6 3507.0 135.146 0.000
6 3508.0 135.306 0.000
6 3509.0 135.465 0.000
6 3510.0 135.625 0.000
6 3511.0 135.785 0.000
6 3512.0 135.944 0.000
6 3513.0 136.104 0.000
6 3514.0 136.264 0.000
6 3515.0 136.424 0.000
6 3516.0 136.583 0.000
6 3517.0 136.743 0.000
6 3518.0 136.903 0.000
6 3519.0 137.062 0.000
6 3520.0 137.222 0.000
6 3521.0 137.382 0.000
6 3522.0 137.542 0.000
6 3523.0 137.701 0.000
6 3524.0 137.861 0.000
6 3525.0 138.021 0.000
6 3526.0 138.181 0.000
6 3527.0 138.340 0.000
6 3528.0 138.500 0.000
6 3529.0 138.660 0.000
6 3530.0 138.819 0.000
6 3531.0 138.979 0.000
6 3532.0 139.139 0.000
6 3533.0 139.299 0.000
6 3534.0 139.458 0.000
6 3535.0 139.618 0.000
6 3536.0 139.778 0.000
6 3537.0 139.938 0.000
6 3538.0 140.097 0.000
6 3539.0 140.257 0.000
6 3540.0 140.417 0.000
6 3541.0 140.576 0.000
6 3542.0 140.736 0.000
6 3543.0 140.896 0.000
6 3544.0 141.056 0.000
6 3545.0 141.215 0.000
6 3546.0 141.375 0.000
6 3547.0 141.535 0.000
6 3548.0 141.694 0.000
6 3549.0 141.854 0.000
6 3550.0 142.014 0.000
6 3551.0 142.174 0.000
6 3552.0 142.333 0.000
6 3553.0 142.493 0.000
6 3554.0 142.653 0.000
6 3555.0 142.812 0.000
6 3556.0 142.972 0.000
6 3557.0 143.132 0.000
6 3558.0 143.292 0.000
6 3559.0 143.451 0.000
6 3560.0 143.611 0.000
6 3561.0 143.771 0.000
6 3562.0 143.931 0.000
6 3563.0 144.090 0.000
6 3564.0 144.250 0.000
6 3565.0 144.410 0.000
6 3566.0 144.569 0.000
6 3567.0 144.729 0.000
6 3568.0 144.889 0.000
6 3569.0 145.049 0.000
6 3570.0 145.208 0.000
6 3571.0 145.368 0.000
6 3572.0 145.528 0.000
6 3573.0 145.688 0.000
6 3574.0 145.847 0.000
6 3575.0 146.007 0.000
6 3576.0 146.167 0.000
6 3577.0 146.326 0.000
6 3578.0 146.486 0.000
6 3579.0 146.646 0.000
6 3580.0 146.806 0.000
6 3581.0 146.965 0.000
6 3582.0 147.125 0.000
6 3583.0 147.285 0.000
6 3584.0 147.444 0.000
6 3585.0 147.604 0.000
6 3586.0 147.764 0.000
6 3587.0 147.924 0.000
6 3588.0 148.083 0.000
6 3589.0 148.243 0.000
6 3590.0 148.403 0.000
6 3591.0 148.562 0.000
6 3592.0 148.722 0.000
6 3593.0 148.882 0.000
6 3594.0 149.042 0.000
6 3595.0 149.201 0.000
6 3596.0 149.361 0.000
6 3597.0 149.521 0.000
6 3598.0 149.681 0.000
6 3599.0 149.840 0.000
6 3600.0 150.000 0.000
