# Cooja mobility data: random30node HIGH coverage
# Mobile sink: mote 27 in Cooja (id 26 = 0-indexed for mobility plugin)
# Start position: (22.11, 135.77)
# Path length: 683.66 m
# Total simulation time: 3600 s (1 hour)
# No static phase; mobile sink starts moving at t=0
# Speed: 0.1899 m/s (trajectory completes in exactly 1 hour)
# Format: <node_id> <time_s> <x_m> <y_m>
26 0.0 22.110 135.770
26 1.0 22.300 135.770
26 2.0 22.490 135.770
26 3.0 22.680 135.770
26 4.0 22.870 135.770
26 5.0 23.060 135.770
26 6.0 23.249 135.770
26 7.0 23.439 135.770
26 8.0 23.629 135.770
26 9.0 23.819 135.770
26 10.0 24.009 135.770
26 11.0 24.199 135.770
26 12.0 24.389 135.770
26 13.0 24.579 135.770
26 14.0 24.769 135.770
26 15.0 24.959 135.770
26 16.0 25.148 135.770
26 17.0 25.338 135.770
26 18.0 25.528 135.770
26 19.0 25.718 135.770
26 20.0 25.908 135.770
26 21.0 26.098 135.770
26 22.0 26.288 135.770
26 23.0 26.478 135.770
26 24.0 26.668 135.770
26 25.0 26.858 135.770
26 26.0 27.048 135.770
26 27.0 27.237 135.770
26 28.0 27.427 135.770
26 29.0 27.617 135.770
26 30.0 27.807 135.770
26 31.0 27.997 135.770
26 32.0 28.187 135.770
26 33.0 28.377 135.770
26 34.0 28.567 135.770
26 35.0 28.757 135.770
26 36.0 28.947 135.770
26 37.0 29.137 135.770
26 38.0 29.326 135.770
26 39.0 29.516 135.770
26 40.0 29.706 135.770
26 41.0 29.896 135.770
26 42.0 30.086 135.770
26 43.0 30.276 135.770
26 44.0 30.466 135.770
26 45.0 30.656 135.770
26 46.0 30.846 135.770
26 47.0 31.036 135.770
26 48.0 31.225 135.770
26 49.0 31.415 135.770
26 50.0 31.605 135.770
26 51.0 31.795 135.770
26 52.0 31.985 135.770
26 53.0 32.175 135.770
26 54.0 32.365 135.770
26 55.0 32.555 135.770
26 56.0 32.745 135.770
26 57.0 32.935 135.770
26 58.0 33.125 135.770
26 59.0 33.314 135.770
26 60.0 33.504 135.770
26 61.0 33.694 135.770
26 62.0 33.884 135.770
26 63.0 34.074 135.770
26 64.0 34.264 135.770
26 65.0 34.454 135.770
26 66.0 34.644 135.770
26 67.0 34.834 135.770
26 68.0 35.024 135.770
26 69.0 35.213 135.770
26 70.0 35.403 135.770
26 71.0 35.593 135.770
26 72.0 35.783 135.770
26 73.0 35.973 135.770
26 74.0 36.163 135.770
26 75.0 36.353 135.770
26 76.0 36.543 135.770
26 77.0 36.733 135.770
26 78.0 36.923 135.770
26 79.0 37.113 135.770
26 80.0 37.302 135.770
26 81.0 37.492 135.770
26 82.0 37.682 135.770
26 83.0 37.872 135.770
26 84.0 38.062 135.770
26 85.0 38.252 135.770
26 86.0 38.442 135.770
26 87.0 38.632 135.770
26 88.0 38.822 135.770
26 89.0 39.012 135.770
26 90.0 39.201 135.770
26 91.0 39.391 135.770
26 92.0 39.581 135.770
26 93.0 39.771 135.770
26 94.0 39.961 135.770
26 95.0 40.151 135.770
26 96.0 40.341 135.770
26 97.0 40.531 135.770
26 98.0 40.721 135.770
26 99.0 40.911 135.770
26 100.0 41.101 135.770
26 101.0 41.290 135.770
26 102.0 41.480 135.770
26 103.0 41.670 135.770
26 104.0 41.860 135.770
26 105.0 42.050 135.770
26 106.0 42.240 135.770
26 107.0 42.430 135.770
26 108.0 42.620 135.770
26 109.0 42.810 135.770
26 110.0 43.000 135.770
26 111.0 43.190 135.770
26 112.0 43.379 135.770
26 113.0 43.569 135.770
26 114.0 43.759 135.770
26 115.0 43.949 135.770
26 116.0 44.139 135.770
26 117.0 44.329 135.770
26 118.0 44.519 135.770
26 119.0 44.709 135.770
26 120.0 44.899 135.770
26 121.0 45.089 135.770
26 122.0 45.278 135.770
26 123.0 45.468 135.770
26 124.0 45.658 135.770
26 125.0 45.848 135.770
26 126.0 46.038 135.770
26 127.0 46.228 135.770
26 128.0 46.418 135.770
26 129.0 46.608 135.770
26 130.0 46.798 135.770
26 131.0 46.988 135.770
26 132.0 47.178 135.770
26 133.0 47.367 135.770
26 134.0 47.557 135.770
26 135.0 47.747 135.770
26 136.0 47.937 135.770
26 137.0 48.127 135.770
26 138.0 48.317 135.770
26 139.0 48.507 135.770
26 140.0 48.697 135.770
26 141.0 48.887 135.770
26 142.0 49.077 135.770
26 143.0 49.266 135.770
26 144.0 49.456 135.770
26 145.0 49.646 135.770
26 146.0 49.836 135.770
26 147.0 50.026 135.770
26 148.0 50.216 135.770
26 149.0 50.406 135.770
26 150.0 50.596 135.770
26 151.0 50.786 135.770
26 152.0 50.976 135.770
26 153.0 51.166 135.770
26 154.0 51.355 135.770
26 155.0 51.545 135.770
26 156.0 51.735 135.770
26 157.0 51.925 135.770
26 158.0 52.115 135.770
26 159.0 52.305 135.770
26 160.0 52.495 135.770
26 161.0 52.685 135.770
26 162.0 52.875 135.770
26 163.0 53.065 135.770
26 164.0 53.255 135.770
26 165.0 53.444 135.770
26 166.0 53.634 135.770
26 167.0 53.824 135.770
26 168.0 54.014 135.770
26 169.0 54.204 135.770
26 170.0 54.394 135.770
26 171.0 54.584 135.770
26 172.0 54.774 135.770
26 173.0 54.964 135.770
26 174.0 55.154 135.770
26 175.0 55.343 135.770
26 176.0 55.533 135.770
26 177.0 55.723 135.770
26 178.0 55.913 135.770
26 179.0 56.103 135.770
26 180.0 56.293 135.770
26 181.0 56.483 135.770
26 182.0 56.673 135.770
26 183.0 56.863 135.770
26 184.0 57.053 135.770
26 185.0 57.243 135.770
26 186.0 57.432 135.770
26 187.0 57.622 135.770
26 188.0 57.812 135.770
26 189.0 58.002 135.770
26 190.0 58.192 135.770
26 191.0 58.382 135.770
26 192.0 58.572 135.770
26 193.0 58.762 135.770
26 194.0 58.952 135.770
26 195.0 59.142 135.770
26 196.0 59.331 135.770
26 197.0 59.521 135.770
26 198.0 59.711 135.770
26 199.0 59.901 135.770
26 200.0 60.091 135.770
26 201.0 60.281 135.770
26 202.0 60.471 135.770
26 203.0 60.661 135.770
26 204.0 60.851 135.770
26 205.0 61.041 135.770
26 206.0 61.231 135.770
26 207.0 61.420 135.770
26 208.0 61.610 135.770
26 209.0 61.800 135.770
26 210.0 61.990 135.770
26 211.0 62.180 135.770
26 212.0 62.370 135.770
26 213.0 62.560 135.770
26 214.0 62.750 135.770
26 215.0 62.940 135.770
26 216.0 63.130 135.770
26 217.0 63.320 135.770
26 218.0 63.509 135.770
26 219.0 63.699 135.770
26 220.0 63.889 135.770
26 221.0 64.079 135.770
26 222.0 64.269 135.770
26 223.0 64.459 135.770
26 224.0 64.649 135.770
26 225.0 64.839 135.770
26 226.0 65.029 135.770
26 227.0 65.219 135.770
26 228.0 65.408 135.770
26 229.0 65.598 135.770
26 230.0 65.788 135.770
26 231.0 65.978 135.770
26 232.0 66.168 135.770
26 233.0 66.358 135.770
26 234.0 66.548 135.770
26 235.0 66.738 135.770
26 236.0 66.928 135.770
26 237.0 67.118 135.770
26 238.0 67.308 135.770
26 239.0 67.497 135.770
26 240.0 67.687 135.770
26 241.0 67.877 135.770
26 242.0 68.067 135.770
26 243.0 68.257 135.770
26 244.0 68.447 135.770
26 245.0 68.637 135.770
26 246.0 68.827 135.770
26 247.0 69.017 135.770
26 248.0 69.207 135.770
26 249.0 69.396 135.770
26 250.0 69.586 135.770
26 251.0 69.776 135.770
26 252.0 69.966 135.770
26 253.0 70.156 135.770
26 254.0 70.346 135.770
26 255.0 70.536 135.770
26 256.0 70.726 135.770
26 257.0 70.916 135.770
26 258.0 71.106 135.770
26 259.0 71.296 135.770
26 260.0 71.485 135.770
26 261.0 71.675 135.770
26 262.0 71.865 135.770
26 263.0 72.055 135.770
26 264.0 72.245 135.770
26 265.0 72.435 135.770
26 266.0 72.625 135.770
26 267.0 72.815 135.770
26 268.0 73.005 135.770
26 269.0 73.195 135.770
26 270.0 73.385 135.770
26 271.0 73.574 135.770
26 272.0 73.764 135.770
26 273.0 73.954 135.770
26 274.0 74.144 135.770
26 275.0 74.334 135.770
26 276.0 74.524 135.770
26 277.0 74.714 135.770
26 278.0 74.904 135.770
26 279.0 75.094 135.770
26 280.0 75.284 135.770
26 281.0 75.473 135.770
26 282.0 75.663 135.770
26 283.0 75.853 135.770
26 284.0 76.043 135.770
26 285.0 76.233 135.770
26 286.0 76.423 135.770
26 287.0 76.613 135.770
26 288.0 76.803 135.770
26 289.0 76.993 135.770
26 290.0 77.183 135.770
26 291.0 77.373 135.770
26 292.0 77.562 135.770
26 293.0 77.752 135.770
26 294.0 77.942 135.770
26 295.0 78.132 135.770
26 296.0 78.322 135.770
26 297.0 78.512 135.770
26 298.0 78.702 135.770
26 299.0 78.892 135.770
26 300.0 79.082 135.770
26 301.0 79.272 135.770
26 302.0 79.461 135.770
26 303.0 79.651 135.770
26 304.0 79.841 135.770
26 305.0 80.031 135.770
26 306.0 80.221 135.770
26 307.0 80.411 135.770
26 308.0 80.601 135.770
26 309.0 80.791 135.770
26 310.0 80.981 135.770
26 311.0 81.171 135.770
26 312.0 81.361 135.770
26 313.0 81.550 135.770
26 314.0 81.740 135.770
26 315.0 81.930 135.770
26 316.0 82.120 135.770
26 317.0 82.310 135.770
26 318.0 82.500 135.770
26 319.0 82.690 135.770
26 320.0 82.880 135.770
26 321.0 83.070 135.770
26 322.0 83.260 135.770
26 323.0 83.449 135.770
26 324.0 83.639 135.770
26 325.0 83.829 135.770
26 326.0 84.019 135.770
26 327.0 84.209 135.770
26 328.0 84.399 135.770
26 329.0 84.589 135.770
26 330.0 84.779 135.770
26 331.0 84.969 135.770
26 332.0 85.159 135.770
26 333.0 85.349 135.770
26 334.0 85.538 135.770
26 335.0 85.728 135.770
26 336.0 85.918 135.770
26 337.0 86.108 135.770
26 338.0 86.298 135.770
26 339.0 86.488 135.770
26 340.0 86.678 135.770
26 341.0 86.868 135.770
26 342.0 87.058 135.770
26 343.0 87.248 135.770
26 344.0 87.438 135.770
26 345.0 87.627 135.770
26 346.0 87.817 135.770
26 347.0 88.007 135.770
26 348.0 88.197 135.770
26 349.0 88.387 135.770
26 350.0 88.577 135.770
26 351.0 88.767 135.770
26 352.0 88.957 135.770
26 353.0 89.147 135.770
26 354.0 89.337 135.770
26 355.0 89.526 135.770
26 356.0 89.716 135.770
26 357.0 89.906 135.770
26 358.0 90.096 135.770
26 359.0 90.286 135.770
26 360.0 90.476 135.770
26 361.0 90.666 135.770
26 362.0 90.856 135.770
26 363.0 91.046 135.770
26 364.0 91.236 135.770
26 365.0 91.426 135.770
26 366.0 91.615 135.770
26 367.0 91.805 135.770
26 368.0 91.995 135.770
26 369.0 92.185 135.770
26 370.0 92.375 135.770
26 371.0 92.565 135.770
26 372.0 92.755 135.770
26 373.0 92.945 135.770
26 374.0 93.135 135.770
26 375.0 93.325 135.770
26 376.0 93.514 135.770
26 377.0 93.704 135.770
26 378.0 93.894 135.770
26 379.0 94.084 135.770
26 380.0 94.274 135.770
26 381.0 94.464 135.770
26 382.0 94.654 135.770
26 383.0 94.844 135.770
26 384.0 95.034 135.770
26 385.0 95.224 135.770
26 386.0 95.414 135.770
26 387.0 95.603 135.770
26 388.0 95.793 135.770
26 389.0 95.983 135.770
26 390.0 96.173 135.770
26 391.0 96.363 135.770
26 392.0 96.553 135.770
26 393.0 96.743 135.770
26 394.0 96.933 135.770
26 395.0 97.123 135.770
26 396.0 97.313 135.770
26 397.0 97.503 135.770
26 398.0 97.692 135.770
26 399.0 97.882 135.770
26 400.0 98.072 135.770
26 401.0 98.262 135.770
26 402.0 98.452 135.770
26 403.0 98.642 135.770
26 404.0 98.832 135.770
26 405.0 99.022 135.770
26 406.0 99.212 135.770
26 407.0 99.402 135.770
26 408.0 99.591 135.770
26 409.0 99.781 135.770
26 410.0 99.971 135.770
26 411.0 100.161 135.770
26 412.0 100.351 135.770
26 413.0 100.541 135.770
26 414.0 100.731 135.770
26 415.0 100.921 135.770
26 416.0 101.111 135.770
26 417.0 101.301 135.770
26 418.0 101.491 135.770
26 419.0 101.680 135.770
26 420.0 101.870 135.770
26 421.0 102.060 135.770
26 422.0 102.250 135.770
26 423.0 102.440 135.770
26 424.0 102.630 135.770
26 425.0 102.820 135.770
26 426.0 103.010 135.770
26 427.0 103.200 135.770
26 428.0 103.390 135.770
26 429.0 103.579 135.770
26 430.0 103.769 135.770
26 431.0 103.959 135.770
26 432.0 104.149 135.770
26 433.0 104.339 135.770
26 434.0 104.529 135.770
26 435.0 104.719 135.770
26 436.0 104.909 135.770
26 437.0 105.099 135.770
26 438.0 105.289 135.770
26 439.0 105.479 135.770
26 440.0 105.668 135.770
26 441.0 105.858 135.770
26 442.0 106.048 135.770
26 443.0 106.238 135.770
26 444.0 106.428 135.770
26 445.0 106.618 135.770
26 446.0 106.808 135.770
26 447.0 106.998 135.770
26 448.0 107.188 135.770
26 449.0 107.378 135.770
26 450.0 107.567 135.770
26 451.0 107.757 135.770
26 452.0 107.947 135.770
26 453.0 108.137 135.770
26 454.0 108.327 135.770
26 455.0 108.517 135.770
26 456.0 108.707 135.770
26 457.0 108.897 135.770
26 458.0 109.087 135.770
26 459.0 109.277 135.770
26 460.0 109.467 135.770
26 461.0 109.656 135.770
26 462.0 109.846 135.770
26 463.0 110.036 135.770
26 464.0 110.226 135.770
26 465.0 110.416 135.770
26 466.0 110.606 135.770
26 467.0 110.796 135.770
26 468.0 110.986 135.770
26 469.0 111.176 135.770
26 470.0 111.366 135.770
26 471.0 111.556 135.770
26 472.0 111.745 135.770
26 473.0 111.935 135.770
26 474.0 112.125 135.770
26 475.0 112.315 135.770
26 476.0 112.505 135.770
26 477.0 112.695 135.770
26 478.0 112.885 135.770
26 479.0 113.075 135.770
26 480.0 113.265 135.770
26 481.0 113.455 135.770
26 482.0 113.644 135.770
26 483.0 113.834 135.770
26 484.0 114.024 135.770
26 485.0 114.214 135.770
26 486.0 114.404 135.770
26 487.0 114.594 135.770
26 488.0 114.784 135.770
26 489.0 114.974 135.770
26 490.0 115.164 135.770
26 491.0 115.354 135.770
26 492.0 115.544 135.770
26 493.0 115.733 135.770
26 494.0 115.923 135.770
26 495.0 116.113 135.770
26 496.0 116.303 135.770
26 497.0 116.493 135.770
26 498.0 116.683 135.770
26 499.0 116.873 135.770
26 500.0 117.063 135.770
26 501.0 117.253 135.770
26 502.0 117.443 135.770
26 503.0 117.632 135.770
26 504.0 117.822 135.770
26 505.0 118.012 135.770
26 506.0 118.202 135.770
26 507.0 118.392 135.770
26 508.0 118.582 135.770
26 509.0 118.772 135.770
26 510.0 118.962 135.770
26 511.0 119.152 135.770
26 512.0 119.342 135.770
26 513.0 119.532 135.770
26 514.0 119.721 135.770
26 515.0 119.911 135.770
26 516.0 120.101 135.770
26 517.0 120.291 135.770
26 518.0 120.481 135.770
26 519.0 120.671 135.770
26 520.0 120.861 135.770
26 521.0 121.051 135.770
26 522.0 121.241 135.770
26 523.0 121.431 135.770
26 524.0 121.621 135.770
26 525.0 121.810 135.770
26 526.0 122.000 135.770
26 527.0 122.190 135.770
26 528.0 122.380 135.770
26 529.0 122.570 135.770
26 530.0 122.760 135.770
26 531.0 122.950 135.770
26 532.0 123.140 135.770
26 533.0 123.330 135.770
26 534.0 123.520 135.770
26 535.0 123.709 135.770
26 536.0 123.899 135.770
26 537.0 124.089 135.770
26 538.0 124.279 135.770
26 539.0 124.469 135.770
26 540.0 124.659 135.770
26 541.0 124.849 135.770
26 542.0 125.039 135.770
26 543.0 125.229 135.770
26 544.0 125.419 135.770
26 545.0 125.609 135.770
26 546.0 125.798 135.770
26 547.0 125.988 135.770
26 548.0 126.178 135.770
26 549.0 126.368 135.770
26 550.0 126.558 135.770
26 551.0 126.748 135.770
26 552.0 126.938 135.770
26 553.0 127.128 135.770
26 554.0 127.318 135.770
26 555.0 127.508 135.770
26 556.0 127.697 135.770
26 557.0 127.887 135.770
26 558.0 128.077 135.770
26 559.0 128.267 135.770
26 560.0 128.457 135.770
26 561.0 128.647 135.770
26 562.0 128.837 135.770
26 563.0 129.027 135.770
26 564.0 129.217 135.770
26 565.0 129.407 135.770
26 566.0 129.597 135.770
26 567.0 129.786 135.770
26 568.0 129.976 135.770
26 569.0 130.166 135.770
26 570.0 130.356 135.770
26 571.0 130.546 135.770
26 572.0 130.736 135.770
26 573.0 130.926 135.770
26 574.0 131.116 135.770
26 575.0 131.306 135.770
26 576.0 131.496 135.770
26 577.0 131.686 135.770
26 578.0 131.875 135.770
26 579.0 132.065 135.770
26 580.0 132.255 135.770
26 581.0 132.445 135.770
26 582.0 132.635 135.770
26 583.0 132.825 135.770
26 584.0 133.015 135.770
26 585.0 133.205 135.770
26 586.0 133.395 135.770
26 587.0 133.585 135.770
26 588.0 133.774 135.770
26 589.0 133.964 135.770
26 590.0 134.154 135.770
26 591.0 134.344 135.770
26 592.0 134.534 135.770
26 593.0 134.724 135.770
26 594.0 134.914 135.770
26 595.0 135.104 135.770
26 596.0 135.294 135.770
26 597.0 135.484 135.770
26 598.0 135.674 135.770
26 599.0 135.863 135.770
26 600.0 136.053 135.770
26 601.0 136.243 135.770
26 602.0 136.433 135.770
26 603.0 136.623 135.770
26 604.0 136.813 135.770
26 605.0 137.003 135.770
26 606.0 137.193 135.770
26 607.0 137.383 135.770
26 608.0 137.573 135.770
26 609.0 137.762 135.770
26 610.0 137.952 135.770
26 611.0 138.142 135.770
26 612.0 138.332 135.770
26 613.0 138.522 135.770
26 614.0 138.712 135.770
26 615.0 138.902 135.770
26 616.0 139.092 135.770
26 617.0 139.282 135.770
26 618.0 139.472 135.770
26 619.0 139.662 135.770
26 620.0 139.851 135.770
26 621.0 140.041 135.770
26 622.0 140.231 135.770
26 623.0 140.421 135.770
26 624.0 140.611 135.770
26 625.0 140.801 135.770
26 626.0 140.991 135.770
26 627.0 141.181 135.770
26 628.0 141.371 135.770
26 629.0 141.561 135.770
26 630.0 141.750 135.770
26 631.0 141.940 135.770
26 632.0 142.130 135.770
26 633.0 142.320 135.770
26 634.0 142.510 135.770
26 635.0 142.700 135.770
26 636.0 142.890 135.770
26 637.0 143.080 135.770
26 638.0 143.270 135.770
26 639.0 143.460 135.770
26 640.0 143.650 135.770
26 641.0 143.839 135.770
26 642.0 144.029 135.770
26 643.0 144.219 135.770
26 644.0 144.409 135.770
26 645.0 144.599 135.770
26 646.0 144.789 135.770
26 647.0 144.979 135.770
26 648.0 145.169 135.770
26 649.0 145.359 135.770
26 650.0 145.549 135.770
26 651.0 145.739 135.770
26 652.0 145.928 135.770
26 653.0 146.118 135.770
26 654.0 146.308 135.770
26 655.0 146.498 135.770
26 656.0 146.688 135.770
26 657.0 146.878 135.770
26 658.0 147.068 135.770
26 659.0 147.258 135.770
26 660.0 147.448 135.770
26 661.0 147.638 135.770
26 662.0 147.827 135.770
26 663.0 148.017 135.770
26 664.0 148.207 135.770
26 665.0 148.397 135.770
26 666.0 148.587 135.770
26 667.0 148.777 135.770
26 668.0 148.967 135.770
26 669.0 149.157 135.770
26 670.0 149.347 135.770
26 671.0 149.537 135.770
26 672.0 149.727 135.770
26 673.0 149.916 135.770
26 674.0 150.106 135.770
26 675.0 150.296 135.770
26 676.0 150.486 135.770
26 677.0 150.676 135.770
26 678.0 150.866 135.770
26 679.0 151.056 135.770
26 680.0 151.246 135.770
26 681.0 151.436 135.770
26 682.0 151.626 135.770
26 683.0 151.815 135.770
26 684.0 152.005 135.770
26 685.0 152.195 135.770
26 686.0 152.385 135.770
26 687.0 152.575 135.770
26 688.0 152.765 135.770
26 689.0 152.955 135.770
26 690.0 153.145 135.770
26 691.0 153.335 135.770
26 692.0 153.525 135.770
26 693.0 153.715 135.770
26 694.0 153.904 135.770
26 695.0 154.094 135.770
26 696.0 154.284 135.770
26 697.0 154.474 135.770
26 698.0 154.664 135.770
26 699.0 154.854 135.770
26 700.0 155.044 135.770
26 701.0 155.234 135.770
26 702.0 155.424 135.770
26 703.0 155.614 135.770
26 704.0 155.804 135.770
26 705.0 155.993 135.770
26 706.0 156.183 135.770
26 707.0 156.373 135.770
26 708.0 156.563 135.770
26 709.0 156.753 135.770
26 710.0 156.943 135.770
26 711.0 157.133 135.770
26 712.0 157.323 135.770
26 713.0 157.513 135.770
26 714.0 157.703 135.770
26 715.0 157.892 135.770
26 716.0 158.082 135.770
26 717.0 158.272 135.770
26 718.0 158.462 135.770
26 719.0 158.652 135.770
26 720.0 158.842 135.770
26 721.0 159.032 135.770
26 722.0 159.222 135.770
26 723.0 159.412 135.770
26 724.0 159.602 135.770
26 725.0 159.792 135.770
26 726.0 159.981 135.770
26 727.0 160.171 135.770
26 728.0 160.361 135.770
26 729.0 160.551 135.770
26 730.0 160.741 135.770
26 731.0 160.931 135.770
26 732.0 161.121 135.770
26 733.0 161.311 135.770
26 734.0 161.501 135.770
26 735.0 161.691 135.770
26 736.0 161.880 135.770
26 737.0 162.070 135.770
26 738.0 162.260 135.770
26 739.0 162.450 135.770
26 740.0 162.640 135.770
26 741.0 162.830 135.770
26 742.0 163.020 135.770
26 743.0 163.210 135.770
26 744.0 163.400 135.770
26 745.0 163.590 135.770
26 746.0 163.780 135.770
26 747.0 163.969 135.770
26 748.0 164.159 135.770
26 749.0 164.349 135.770
26 750.0 164.539 135.770
26 751.0 164.729 135.770
26 752.0 164.919 135.770
26 753.0 165.109 135.770
26 754.0 165.299 135.770
26 755.0 165.489 135.770
26 756.0 165.679 135.770
26 757.0 165.869 135.770
26 758.0 166.058 135.770
26 759.0 166.248 135.770
26 760.0 166.438 135.770
26 761.0 166.628 135.770
26 762.0 166.818 135.770
26 763.0 167.008 135.770
26 764.0 167.198 135.770
26 765.0 167.388 135.770
26 766.0 167.578 135.770
26 767.0 167.768 135.770
26 768.0 167.957 135.770
26 769.0 168.147 135.770
26 770.0 168.337 135.770
26 771.0 168.527 135.770
26 772.0 168.717 135.770
26 773.0 168.907 135.770
26 774.0 169.097 135.770
26 775.0 169.287 135.770
26 776.0 169.477 135.770
26 777.0 169.667 135.770
26 778.0 169.857 135.770
26 779.0 170.046 135.770
26 780.0 170.236 135.770
26 781.0 170.426 135.770
26 782.0 170.616 135.770
26 783.0 170.806 135.770
26 784.0 170.996 135.770
26 785.0 171.186 135.770
26 786.0 171.376 135.770
26 787.0 171.566 135.770
26 788.0 171.756 135.770
26 789.0 171.945 135.770
26 790.0 172.135 135.770
26 791.0 172.325 135.770
26 792.0 172.515 135.770
26 793.0 172.705 135.770
26 794.0 172.895 135.770
26 795.0 173.085 135.770
26 796.0 173.275 135.770
26 797.0 173.465 135.770
26 798.0 173.655 135.770
26 799.0 173.845 135.770
26 800.0 174.034 135.770
26 801.0 174.224 135.770
26 802.0 174.414 135.770
26 803.0 174.604 135.770
26 804.0 174.794 135.770
26 805.0 174.984 135.770
26 806.0 175.174 135.770
26 807.0 175.364 135.770
26 808.0 175.554 135.770
26 809.0 175.744 135.770
26 810.0 175.933 135.770
26 811.0 176.123 135.770
26 812.0 176.313 135.770
26 813.0 176.503 135.770
26 814.0 176.693 135.770
26 815.0 176.883 135.770
26 816.0 177.073 135.770
26 817.0 177.263 135.770
26 818.0 177.453 135.770
26 819.0 177.643 135.770
26 820.0 177.833 135.770
26 821.0 178.022 135.770
26 822.0 178.212 135.770
26 823.0 178.402 135.770
26 824.0 178.592 135.770
26 825.0 178.782 135.770
26 826.0 178.972 135.770
26 827.0 179.162 135.770
26 828.0 179.352 135.770
26 829.0 179.542 135.770
26 830.0 179.732 135.770
26 831.0 179.922 135.770
26 832.0 180.111 135.770
26 833.0 180.301 135.770
26 834.0 180.491 135.770
26 835.0 180.681 135.770
26 836.0 180.871 135.770
26 837.0 181.061 135.770
26 838.0 181.251 135.770
26 839.0 181.441 135.770
26 840.0 181.631 135.770
26 841.0 181.821 135.770
26 842.0 182.010 135.770
26 843.0 182.200 135.770
26 844.0 182.390 135.770
26 845.0 182.580 135.770
26 846.0 182.770 135.770
26 847.0 182.960 135.770
26 848.0 183.150 135.770
26 849.0 183.340 135.770
26 850.0 183.530 135.770
26 851.0 183.720 135.770
26 852.0 183.910 135.770
26 853.0 184.099 135.770
26 854.0 184.289 135.770
26 855.0 184.479 135.770
26 856.0 184.669 135.770
26 857.0 184.859 135.770
26 858.0 185.049 135.770
26 859.0 185.239 135.770
26 860.0 185.429 135.770
26 861.0 185.619 135.770
26 862.0 185.809 135.770
26 863.0 185.998 135.770
26 864.0 186.188 135.770
26 865.0 186.378 135.770
26 866.0 186.568 135.770
26 867.0 186.758 135.770
26 868.0 186.948 135.770
26 869.0 187.138 135.770
26 870.0 187.328 135.770
26 871.0 187.518 135.770
26 872.0 187.708 135.770
26 873.0 187.898 135.770
26 874.0 188.087 135.770
26 875.0 188.277 135.770
26 876.0 188.467 135.770
26 877.0 188.657 135.770
26 878.0 188.847 135.770
26 879.0 189.037 135.770
26 880.0 189.227 135.770
26 881.0 189.417 135.770
26 882.0 189.607 135.770
26 883.0 189.797 135.770
26 884.0 189.987 135.770
26 885.0 190.176 135.770
26 886.0 190.366 135.770
26 887.0 190.556 135.770
26 888.0 190.746 135.770
26 889.0 190.936 135.770
26 890.0 191.126 135.770
26 891.0 191.316 135.770
26 892.0 191.506 135.770
26 893.0 191.696 135.770
26 894.0 191.886 135.770
26 895.0 192.075 135.770
26 896.0 192.265 135.770
26 897.0 192.455 135.770
26 898.0 192.645 135.770
26 899.0 192.835 135.770
26 900.0 193.025 135.770
26 901.0 193.215 135.770
26 902.0 193.405 135.770
26 903.0 193.595 135.770
26 904.0 193.785 135.770
26 905.0 193.975 135.770
26 906.0 194.164 135.770
26 907.0 194.354 135.770
26 908.0 194.544 135.770
26 909.0 194.734 135.770
26 910.0 194.924 135.770
26 911.0 195.000 135.656
26 912.0 195.000 135.466
26 913.0 195.000 135.276
26 914.0 195.000 135.086
26 915.0 195.000 134.896
26 916.0 195.000 134.707
26 917.0 195.000 134.517
26 918.0 195.000 134.327
26 919.0 195.000 134.137
26 920.0 195.000 133.947
26 921.0 195.000 133.757
26 922.0 195.000 133.567
26 923.0 195.000 133.377
26 924.0 195.000 133.187
26 925.0 195.000 132.997
26 926.0 195.000 132.807
26 927.0 195.000 132.618
26 928.0 195.000 132.428
26 929.0 195.000 132.238
26 930.0 195.000 132.048
26 931.0 195.000 131.858
26 932.0 195.000 131.668
26 933.0 195.000 131.478
26 934.0 195.000 131.288
26 935.0 195.000 131.098
26 936.0 195.000 130.908
26 937.0 195.000 130.718
26 938.0 195.000 130.529
26 939.0 195.000 130.339
26 940.0 195.000 130.149
26 941.0 195.000 129.959
26 942.0 195.000 129.769
26 943.0 195.000 129.579
26 944.0 195.000 129.389
26 945.0 195.000 129.199
26 946.0 195.000 129.009
26 947.0 195.000 128.819
26 948.0 195.000 128.630
26 949.0 195.000 128.440
26 950.0 195.000 128.250
26 951.0 195.000 128.060
26 952.0 195.000 127.870
26 953.0 195.000 127.680
26 954.0 195.000 127.490
26 955.0 195.000 127.300
26 956.0 195.000 127.110
26 957.0 195.000 126.920
26 958.0 195.000 126.730
26 959.0 195.000 126.541
26 960.0 195.000 126.351
26 961.0 195.000 126.161
26 962.0 195.000 125.971
26 963.0 195.000 125.781
26 964.0 195.000 125.591
26 965.0 195.000 125.401
26 966.0 195.000 125.211
26 967.0 195.000 125.021
26 968.0 195.000 124.831
26 969.0 195.000 124.642
26 970.0 195.000 124.452
26 971.0 195.000 124.262
26 972.0 195.000 124.072
26 973.0 195.000 123.882
26 974.0 195.000 123.692
26 975.0 195.000 123.502
26 976.0 195.000 123.312
26 977.0 195.000 123.122
26 978.0 195.000 122.932
26 979.0 195.000 122.742
26 980.0 195.000 122.553
26 981.0 195.000 122.363
26 982.0 195.000 122.173
26 983.0 195.000 121.983
26 984.0 195.000 121.793
26 985.0 195.000 121.603
26 986.0 195.000 121.413
26 987.0 195.000 121.223
26 988.0 195.000 121.033
26 989.0 195.000 120.843
26 990.0 195.000 120.654
26 991.0 195.000 120.464
26 992.0 195.000 120.274
26 993.0 195.000 120.084
26 994.0 195.000 119.894
26 995.0 195.000 119.704
26 996.0 195.000 119.514
26 997.0 195.000 119.324
26 998.0 195.000 119.134
26 999.0 195.000 118.944
26 1000.0 195.000 118.754
26 1001.0 195.000 118.565
26 1002.0 195.000 118.375
26 1003.0 195.000 118.185
26 1004.0 195.000 117.995
26 1005.0 195.000 117.805
26 1006.0 195.000 117.615
26 1007.0 195.000 117.425
26 1008.0 195.000 117.235
26 1009.0 195.000 117.045
26 1010.0 195.000 116.855
26 1011.0 195.000 116.665
26 1012.0 195.000 116.476
26 1013.0 195.000 116.286
26 1014.0 195.000 116.096
26 1015.0 195.000 115.906
26 1016.0 195.000 115.716
26 1017.0 195.000 115.526
26 1018.0 195.000 115.336
26 1019.0 195.000 115.146
26 1020.0 195.000 114.956
26 1021.0 195.000 114.766
26 1022.0 195.000 114.577
26 1023.0 195.000 114.387
26 1024.0 195.000 114.197
26 1025.0 195.000 114.007
26 1026.0 195.000 113.817
26 1027.0 195.000 113.627
26 1028.0 195.000 113.437
26 1029.0 195.000 113.247
26 1030.0 195.000 113.057
26 1031.0 195.000 112.867
26 1032.0 195.000 112.677
26 1033.0 195.000 112.488
26 1034.0 195.000 112.298
26 1035.0 195.000 112.108
26 1036.0 195.000 111.918
26 1037.0 195.000 111.728
26 1038.0 195.000 111.538
26 1039.0 195.000 111.348
26 1040.0 195.000 111.158
26 1041.0 195.000 110.968
26 1042.0 195.000 110.778
26 1043.0 195.000 110.589
26 1044.0 195.000 110.399
26 1045.0 195.000 110.209
26 1046.0 195.000 110.019
26 1047.0 195.000 109.829
26 1048.0 195.000 109.639
26 1049.0 195.000 109.449
26 1050.0 195.000 109.259
26 1051.0 195.000 109.069
26 1052.0 195.000 108.879
26 1053.0 195.000 108.689
26 1054.0 195.000 108.500
26 1055.0 195.000 108.310
26 1056.0 195.000 108.120
26 1057.0 195.000 107.930
26 1058.0 195.000 107.740
26 1059.0 195.000 107.550
26 1060.0 195.000 107.360
26 1061.0 195.000 107.170
26 1062.0 195.000 106.980
26 1063.0 195.000 106.790
26 1064.0 195.000 106.600
26 1065.0 195.000 106.411
26 1066.0 195.000 106.221
26 1067.0 195.000 106.031
26 1068.0 195.000 105.841
26 1069.0 195.000 105.651
26 1070.0 195.000 105.461
26 1071.0 195.000 105.271
26 1072.0 195.000 105.081
26 1073.0 195.000 104.891
26 1074.0 195.000 104.701
26 1075.0 195.000 104.512
26 1076.0 195.000 104.322
26 1077.0 195.000 104.132
26 1078.0 195.000 103.942
26 1079.0 195.000 103.752
26 1080.0 195.000 103.562
26 1081.0 195.000 103.372
26 1082.0 195.000 103.182
26 1083.0 195.000 102.992
26 1084.0 195.000 102.802
26 1085.0 195.000 102.612
26 1086.0 195.000 102.423
26 1087.0 195.000 102.233
26 1088.0 195.000 102.043
26 1089.0 195.000 101.853
26 1090.0 195.000 101.663
26 1091.0 195.000 101.473
26 1092.0 195.000 101.283
26 1093.0 195.000 101.093
26 1094.0 195.000 100.903
26 1095.0 195.000 100.713
26 1096.0 195.000 100.524
26 1097.0 195.000 100.334
26 1098.0 195.000 100.144
26 1099.0 195.000 99.954
26 1100.0 195.000 99.764
26 1101.0 195.000 99.574
26 1102.0 195.000 99.384
26 1103.0 195.000 99.194
26 1104.0 195.000 99.004
26 1105.0 195.000 98.814
26 1106.0 195.000 98.624
26 1107.0 195.000 98.435
26 1108.0 195.000 98.245
26 1109.0 195.000 98.055
26 1110.0 195.000 97.865
26 1111.0 195.000 97.675
26 1112.0 195.000 97.485
26 1113.0 195.000 97.295
26 1114.0 195.000 97.105
26 1115.0 195.000 96.915
26 1116.0 195.000 96.725
26 1117.0 195.000 96.535
26 1118.0 195.000 96.346
26 1119.0 195.000 96.156
26 1120.0 195.000 95.966
26 1121.0 195.000 95.776
26 1122.0 195.000 95.586
26 1123.0 195.000 95.396
26 1124.0 195.000 95.206
26 1125.0 195.000 95.016
26 1126.0 195.000 94.826
26 1127.0 195.000 94.636
26 1128.0 195.000 94.447
26 1129.0 195.000 94.257
26 1130.0 195.000 94.067
26 1131.0 195.000 93.877
26 1132.0 195.000 93.687
26 1133.0 195.000 93.497
26 1134.0 195.000 93.307
26 1135.0 195.000 93.117
26 1136.0 195.000 92.927
26 1137.0 195.000 92.737
26 1138.0 195.000 92.547
26 1139.0 195.000 92.358
26 1140.0 195.000 92.168
26 1141.0 195.000 91.978
26 1142.0 195.000 91.788
26 1143.0 195.000 91.598
26 1144.0 195.000 91.408
26 1145.0 195.000 91.218
26 1146.0 195.000 91.028
26 1147.0 195.000 90.838
26 1148.0 195.000 90.648
26 1149.0 195.000 90.459
26 1150.0 195.000 90.269
26 1151.0 195.000 90.079
26 1152.0 195.000 89.889
26 1153.0 195.000 89.699
26 1154.0 195.000 89.509
26 1155.0 195.000 89.319
26 1156.0 195.000 89.129
26 1157.0 195.000 88.939
26 1158.0 195.000 88.749
26 1159.0 195.000 88.559
26 1160.0 195.000 88.370
26 1161.0 195.000 88.180
26 1162.0 195.000 87.990
26 1163.0 195.000 87.800
26 1164.0 195.000 87.610
26 1165.0 195.000 87.420
26 1166.0 195.000 87.230
26 1167.0 195.000 87.040
26 1168.0 195.000 86.850
26 1169.0 195.000 86.660
26 1170.0 195.000 86.471
26 1171.0 195.000 86.281
26 1172.0 195.000 86.091
26 1173.0 195.000 85.901
26 1174.0 195.000 85.711
26 1175.0 195.000 85.521
26 1176.0 195.000 85.331
26 1177.0 195.000 85.141
26 1178.0 195.000 84.951
26 1179.0 195.000 84.761
26 1180.0 195.000 84.571
26 1181.0 195.000 84.382
26 1182.0 195.000 84.192
26 1183.0 195.000 84.002
26 1184.0 195.000 83.812
26 1185.0 195.000 83.622
26 1186.0 195.000 83.432
26 1187.0 195.000 83.242
26 1188.0 195.000 83.052
26 1189.0 195.000 82.862
26 1190.0 195.000 82.672
26 1191.0 195.000 82.482
26 1192.0 195.000 82.293
26 1193.0 195.000 82.103
26 1194.0 195.000 81.913
26 1195.0 195.000 81.723
26 1196.0 195.000 81.533
26 1197.0 195.000 81.343
26 1198.0 195.000 81.153
26 1199.0 195.000 80.963
26 1200.0 195.000 80.773
26 1201.0 195.000 80.583
26 1202.0 195.000 80.394
26 1203.0 195.000 80.204
26 1204.0 195.000 80.014
26 1205.0 195.000 79.824
26 1206.0 195.000 79.634
26 1207.0 195.000 79.444
26 1208.0 195.000 79.254
26 1209.0 195.000 79.064
26 1210.0 195.000 78.874
26 1211.0 195.000 78.684
26 1212.0 195.000 78.494
26 1213.0 195.000 78.305
26 1214.0 195.000 78.115
26 1215.0 195.000 77.925
26 1216.0 195.000 77.735
26 1217.0 195.000 77.545
26 1218.0 195.000 77.355
26 1219.0 195.000 77.165
26 1220.0 195.000 76.975
26 1221.0 195.000 76.785
26 1222.0 195.000 76.595
26 1223.0 195.000 76.406
26 1224.0 195.000 76.216
26 1225.0 195.000 76.026
26 1226.0 195.000 75.836
26 1227.0 195.000 75.646
26 1228.0 195.000 75.456
26 1229.0 195.000 75.266
26 1230.0 195.000 75.076
26 1231.0 195.000 74.886
26 1232.0 195.000 74.696
26 1233.0 195.000 74.506
26 1234.0 195.000 74.317
26 1235.0 195.000 74.127
26 1236.0 195.000 73.937
26 1237.0 195.000 73.747
26 1238.0 195.000 73.557
26 1239.0 195.000 73.367
26 1240.0 195.000 73.177
26 1241.0 195.000 72.987
26 1242.0 195.000 72.797
26 1243.0 195.000 72.607
26 1244.0 195.000 72.417
26 1245.0 195.000 72.228
26 1246.0 195.000 72.038
26 1247.0 195.000 71.848
26 1248.0 195.000 71.658
26 1249.0 195.000 71.468
26 1250.0 195.000 71.278
26 1251.0 195.000 71.088
26 1252.0 195.000 70.898
26 1253.0 195.000 70.708
26 1254.0 195.000 70.518
26 1255.0 195.000 70.329
26 1256.0 195.000 70.139
26 1257.0 195.000 69.949
26 1258.0 195.000 69.759
26 1259.0 195.000 69.569
26 1260.0 195.000 69.379
26 1261.0 195.000 69.189
26 1262.0 195.000 68.999
26 1263.0 195.000 68.809
26 1264.0 195.000 68.619
26 1265.0 195.000 68.429
26 1266.0 195.000 68.240
26 1267.0 195.000 68.050
26 1268.0 194.860 68.000
26 1269.0 194.670 68.000
26 1270.0 194.480 68.000
26 1271.0 194.290 68.000
26 1272.0 194.100 68.000
26 1273.0 193.910 68.000
26 1274.0 193.720 68.000
26 1275.0 193.530 68.000
26 1276.0 193.341 68.000
26 1277.0 193.151 68.000
26 1278.0 192.961 68.000
26 1279.0 192.771 68.000
26 1280.0 192.581 68.000
26 1281.0 192.391 68.000
26 1282.0 192.201 68.000
26 1283.0 192.011 68.000
26 1284.0 191.821 68.000
26 1285.0 191.631 68.000
26 1286.0 191.441 68.000
26 1287.0 191.252 68.000
26 1288.0 191.062 68.000
26 1289.0 190.872 68.000
26 1290.0 190.682 68.000
26 1291.0 190.492 68.000
26 1292.0 190.302 68.000
26 1293.0 190.112 68.000
26 1294.0 189.922 68.000
26 1295.0 189.732 68.000
26 1296.0 189.542 68.000
26 1297.0 189.352 68.000
26 1298.0 189.163 68.000
26 1299.0 188.973 68.000
26 1300.0 188.783 68.000
26 1301.0 188.593 68.000
26 1302.0 188.403 68.000
26 1303.0 188.213 68.000
26 1304.0 188.023 68.000
26 1305.0 187.833 68.000
26 1306.0 187.643 68.000
26 1307.0 187.453 68.000
26 1308.0 187.264 68.000
26 1309.0 187.074 68.000
26 1310.0 186.884 68.000
26 1311.0 186.694 68.000
26 1312.0 186.504 68.000
26 1313.0 186.314 68.000
26 1314.0 186.124 68.000
26 1315.0 185.934 68.000
26 1316.0 185.744 68.000
26 1317.0 185.554 68.000
26 1318.0 185.364 68.000
26 1319.0 185.175 68.000
26 1320.0 184.985 68.000
26 1321.0 184.795 68.000
26 1322.0 184.605 68.000
26 1323.0 184.415 68.000
26 1324.0 184.225 68.000
26 1325.0 184.035 68.000
26 1326.0 183.845 68.000
26 1327.0 183.655 68.000
26 1328.0 183.465 68.000
26 1329.0 183.276 68.000
26 1330.0 183.086 68.000
26 1331.0 182.896 68.000
26 1332.0 182.706 68.000
26 1333.0 182.516 68.000
26 1334.0 182.326 68.000
26 1335.0 182.136 68.000
26 1336.0 181.946 68.000
26 1337.0 181.756 68.000
26 1338.0 181.566 68.000
26 1339.0 181.376 68.000
26 1340.0 181.187 68.000
26 1341.0 180.997 68.000
26 1342.0 180.807 68.000
26 1343.0 180.617 68.000
26 1344.0 180.427 68.000
26 1345.0 180.237 68.000
26 1346.0 180.047 68.000
26 1347.0 179.857 68.000
26 1348.0 179.667 68.000
26 1349.0 179.477 68.000
26 1350.0 179.287 68.000
26 1351.0 179.098 68.000
26 1352.0 178.908 68.000
26 1353.0 178.718 68.000
26 1354.0 178.528 68.000
26 1355.0 178.338 68.000
26 1356.0 178.148 68.000
26 1357.0 177.958 68.000
26 1358.0 177.768 68.000
26 1359.0 177.578 68.000
26 1360.0 177.388 68.000
26 1361.0 177.199 68.000
26 1362.0 177.009 68.000
26 1363.0 176.819 68.000
26 1364.0 176.629 68.000
26 1365.0 176.439 68.000
26 1366.0 176.249 68.000
26 1367.0 176.059 68.000
26 1368.0 175.869 68.000
26 1369.0 175.679 68.000
26 1370.0 175.489 68.000
26 1371.0 175.299 68.000
26 1372.0 175.110 68.000
26 1373.0 174.920 68.000
26 1374.0 174.730 68.000
26 1375.0 174.540 68.000
26 1376.0 174.350 68.000
26 1377.0 174.160 68.000
26 1378.0 173.970 68.000
26 1379.0 173.780 68.000
26 1380.0 173.590 68.000
26 1381.0 173.400 68.000
26 1382.0 173.211 68.000
26 1383.0 173.021 68.000
26 1384.0 172.831 68.000
26 1385.0 172.641 68.000
26 1386.0 172.451 68.000
26 1387.0 172.261 68.000
26 1388.0 172.071 68.000
26 1389.0 171.881 68.000
26 1390.0 171.691 68.000
26 1391.0 171.501 68.000
26 1392.0 171.311 68.000
26 1393.0 171.122 68.000
26 1394.0 170.932 68.000
26 1395.0 170.742 68.000
26 1396.0 170.552 68.000
26 1397.0 170.362 68.000
26 1398.0 170.172 68.000
26 1399.0 169.982 68.000
26 1400.0 169.792 68.000
26 1401.0 169.602 68.000
26 1402.0 169.412 68.000
26 1403.0 169.223 68.000
26 1404.0 169.033 68.000
26 1405.0 168.843 68.000
26 1406.0 168.653 68.000
26 1407.0 168.463 68.000
26 1408.0 168.273 68.000
26 1409.0 168.083 68.000
26 1410.0 167.893 68.000
26 1411.0 167.703 68.000
26 1412.0 167.513 68.000
26 1413.0 167.323 68.000
26 1414.0 167.134 68.000
26 1415.0 166.944 68.000
26 1416.0 166.754 68.000
26 1417.0 166.564 68.000
26 1418.0 166.374 68.000
26 1419.0 166.184 68.000
26 1420.0 165.994 68.000
26 1421.0 165.804 68.000
26 1422.0 165.614 68.000
26 1423.0 165.424 68.000
26 1424.0 165.234 68.000
26 1425.0 165.045 68.000
26 1426.0 164.855 68.000
26 1427.0 164.665 68.000
26 1428.0 164.475 68.000
26 1429.0 164.285 68.000
26 1430.0 164.095 68.000
26 1431.0 163.905 68.000
26 1432.0 163.715 68.000
26 1433.0 163.525 68.000
26 1434.0 163.335 68.000
26 1435.0 163.146 68.000
26 1436.0 162.956 68.000
26 1437.0 162.766 68.000
26 1438.0 162.576 68.000
26 1439.0 162.386 68.000
26 1440.0 162.196 68.000
26 1441.0 162.006 68.000
26 1442.0 161.816 68.000
26 1443.0 161.626 68.000
26 1444.0 161.436 68.000
26 1445.0 161.246 68.000
26 1446.0 161.057 68.000
26 1447.0 160.867 68.000
26 1448.0 160.677 68.000
26 1449.0 160.487 68.000
26 1450.0 160.297 68.000
26 1451.0 160.107 68.000
26 1452.0 159.917 68.000
26 1453.0 159.727 68.000
26 1454.0 159.537 68.000
26 1455.0 159.347 68.000
26 1456.0 159.158 68.000
26 1457.0 158.968 68.000
26 1458.0 158.778 68.000
26 1459.0 158.588 68.000
26 1460.0 158.398 68.000
26 1461.0 158.208 68.000
26 1462.0 158.018 68.000
26 1463.0 157.828 68.000
26 1464.0 157.638 68.000
26 1465.0 157.448 68.000
26 1466.0 157.258 68.000
26 1467.0 157.069 68.000
26 1468.0 156.879 68.000
26 1469.0 156.689 68.000
26 1470.0 156.499 68.000
26 1471.0 156.309 68.000
26 1472.0 156.119 68.000
26 1473.0 155.929 68.000
26 1474.0 155.739 68.000
26 1475.0 155.549 68.000
26 1476.0 155.359 68.000
26 1477.0 155.169 68.000
26 1478.0 154.980 68.000
26 1479.0 154.790 68.000
26 1480.0 154.600 68.000
26 1481.0 154.410 68.000
26 1482.0 154.220 68.000
26 1483.0 154.030 68.000
26 1484.0 153.840 68.000
26 1485.0 153.650 68.000
26 1486.0 153.460 68.000
26 1487.0 153.270 68.000
26 1488.0 153.081 68.000
26 1489.0 152.891 68.000
26 1490.0 152.701 68.000
26 1491.0 152.511 68.000
26 1492.0 152.321 68.000
26 1493.0 152.131 68.000
26 1494.0 151.941 68.000
26 1495.0 151.751 68.000
26 1496.0 151.561 68.000
26 1497.0 151.371 68.000
26 1498.0 151.181 68.000
26 1499.0 150.992 68.000
26 1500.0 150.802 68.000
26 1501.0 150.612 68.000
26 1502.0 150.422 68.000
26 1503.0 150.232 68.000
26 1504.0 150.042 68.000
26 1505.0 149.852 68.000
26 1506.0 149.662 68.000
26 1507.0 149.472 68.000
26 1508.0 149.282 68.000
26 1509.0 149.093 68.000
26 1510.0 148.903 68.000
26 1511.0 148.713 68.000
26 1512.0 148.523 68.000
26 1513.0 148.333 68.000
26 1514.0 148.143 68.000
26 1515.0 147.953 68.000
26 1516.0 147.763 68.000
26 1517.0 147.573 68.000
26 1518.0 147.383 68.000
26 1519.0 147.193 68.000
26 1520.0 147.004 68.000
26 1521.0 146.814 68.000
26 1522.0 146.624 68.000
26 1523.0 146.434 68.000
26 1524.0 146.244 68.000
26 1525.0 146.054 68.000
26 1526.0 145.864 68.000
26 1527.0 145.674 68.000
26 1528.0 145.484 68.000
26 1529.0 145.294 68.000
26 1530.0 145.105 68.000
26 1531.0 144.915 68.000
26 1532.0 144.725 68.000
26 1533.0 144.535 68.000
26 1534.0 144.345 68.000
26 1535.0 144.155 68.000
26 1536.0 143.965 68.000
26 1537.0 143.775 68.000
26 1538.0 143.585 68.000
26 1539.0 143.395 68.000
26 1540.0 143.205 68.000
26 1541.0 143.016 68.000
26 1542.0 142.826 68.000
26 1543.0 142.636 68.000
26 1544.0 142.446 68.000
26 1545.0 142.256 68.000
26 1546.0 142.066 68.000
26 1547.0 141.876 68.000
26 1548.0 141.686 68.000
26 1549.0 141.496 68.000
26 1550.0 141.306 68.000
26 1551.0 141.116 68.000
26 1552.0 140.927 68.000
26 1553.0 140.737 68.000
26 1554.0 140.547 68.000
26 1555.0 140.357 68.000
26 1556.0 140.167 68.000
26 1557.0 139.977 68.000
26 1558.0 139.787 68.000
26 1559.0 139.597 68.000
26 1560.0 139.407 68.000
26 1561.0 139.217 68.000
26 1562.0 139.028 68.000
26 1563.0 138.838 68.000
26 1564.0 138.648 68.000
26 1565.0 138.458 68.000
26 1566.0 138.268 68.000
26 1567.0 138.078 68.000
26 1568.0 137.888 68.000
26 1569.0 137.698 68.000
26 1570.0 137.508 68.000
26 1571.0 137.318 68.000
26 1572.0 137.128 68.000
26 1573.0 136.939 68.000
26 1574.0 136.749 68.000
26 1575.0 136.559 68.000
26 1576.0 136.369 68.000
26 1577.0 136.179 68.000
26 1578.0 135.989 68.000
26 1579.0 135.799 68.000
26 1580.0 135.609 68.000
26 1581.0 135.419 68.000
26 1582.0 135.229 68.000
26 1583.0 135.040 68.000
26 1584.0 134.850 68.000
26 1585.0 134.660 68.000
26 1586.0 134.470 68.000
26 1587.0 134.280 68.000
26 1588.0 134.090 68.000
26 1589.0 133.900 68.000
26 1590.0 133.710 68.000
26 1591.0 133.520 68.000
26 1592.0 133.330 68.000
26 1593.0 133.140 68.000
26 1594.0 132.951 68.000
26 1595.0 132.761 68.000
26 1596.0 132.571 68.000
26 1597.0 132.381 68.000
26 1598.0 132.191 68.000
26 1599.0 132.001 68.000
26 1600.0 131.811 68.000
26 1601.0 131.621 68.000
26 1602.0 131.431 68.000
26 1603.0 131.241 68.000
26 1604.0 131.051 68.000
26 1605.0 130.862 68.000
26 1606.0 130.672 68.000
26 1607.0 130.482 68.000
26 1608.0 130.292 68.000
26 1609.0 130.102 68.000
26 1610.0 129.912 68.000
26 1611.0 129.722 68.000
26 1612.0 129.532 68.000
26 1613.0 129.342 68.000
26 1614.0 129.152 68.000
26 1615.0 128.963 68.000
26 1616.0 128.773 68.000
26 1617.0 128.583 68.000
26 1618.0 128.393 68.000
26 1619.0 128.203 68.000
26 1620.0 128.013 68.000
26 1621.0 127.823 68.000
26 1622.0 127.633 68.000
26 1623.0 127.443 68.000
26 1624.0 127.253 68.000
26 1625.0 127.063 68.000
26 1626.0 126.874 68.000
26 1627.0 126.684 68.000
26 1628.0 126.494 68.000
26 1629.0 126.304 68.000
26 1630.0 126.114 68.000
26 1631.0 125.924 68.000
26 1632.0 125.734 68.000
26 1633.0 125.544 68.000
26 1634.0 125.354 68.000
26 1635.0 125.164 68.000
26 1636.0 124.975 68.000
26 1637.0 124.785 68.000
26 1638.0 124.595 68.000
26 1639.0 124.405 68.000
26 1640.0 124.215 68.000
26 1641.0 124.025 68.000
26 1642.0 123.835 68.000
26 1643.0 123.645 68.000
26 1644.0 123.455 68.000
26 1645.0 123.265 68.000
26 1646.0 123.075 68.000
26 1647.0 122.886 68.000
26 1648.0 122.696 68.000
26 1649.0 122.506 68.000
26 1650.0 122.316 68.000
26 1651.0 122.126 68.000
26 1652.0 121.936 68.000
26 1653.0 121.746 68.000
26 1654.0 121.556 68.000
26 1655.0 121.366 68.000
26 1656.0 121.176 68.000
26 1657.0 120.986 68.000
26 1658.0 120.797 68.000
26 1659.0 120.607 68.000
26 1660.0 120.417 68.000
26 1661.0 120.227 68.000
26 1662.0 120.037 68.000
26 1663.0 119.847 68.000
26 1664.0 119.657 68.000
26 1665.0 119.467 68.000
26 1666.0 119.277 68.000
26 1667.0 119.087 68.000
26 1668.0 118.898 68.000
26 1669.0 118.708 68.000
26 1670.0 118.518 68.000
26 1671.0 118.328 68.000
26 1672.0 118.138 68.000
26 1673.0 117.948 68.000
26 1674.0 117.758 68.000
26 1675.0 117.568 68.000
26 1676.0 117.378 68.000
26 1677.0 117.188 68.000
26 1678.0 116.998 68.000
26 1679.0 116.809 68.000
26 1680.0 116.619 68.000
26 1681.0 116.429 68.000
26 1682.0 116.239 68.000
26 1683.0 116.049 68.000
26 1684.0 115.859 68.000
26 1685.0 115.669 68.000
26 1686.0 115.479 68.000
26 1687.0 115.289 68.000
26 1688.0 115.099 68.000
26 1689.0 114.910 68.000
26 1690.0 114.720 68.000
26 1691.0 114.530 68.000
26 1692.0 114.340 68.000
26 1693.0 114.150 68.000
26 1694.0 113.960 68.000
26 1695.0 113.770 68.000
26 1696.0 113.580 68.000
26 1697.0 113.390 68.000
26 1698.0 113.200 68.000
26 1699.0 113.010 68.000
26 1700.0 112.821 68.000
26 1701.0 112.631 68.000
26 1702.0 112.441 68.000
26 1703.0 112.251 68.000
26 1704.0 112.061 68.000
26 1705.0 111.871 68.000
26 1706.0 111.681 68.000
26 1707.0 111.491 68.000
26 1708.0 111.301 68.000
26 1709.0 111.111 68.000
26 1710.0 110.921 68.000
26 1711.0 110.732 68.000
26 1712.0 110.542 68.000
26 1713.0 110.352 68.000
26 1714.0 110.162 68.000
26 1715.0 109.972 68.000
26 1716.0 109.782 68.000
26 1717.0 109.592 68.000
26 1718.0 109.402 68.000
26 1719.0 109.212 68.000
26 1720.0 109.022 68.000
26 1721.0 108.833 68.000
26 1722.0 108.643 68.000
26 1723.0 108.453 68.000
26 1724.0 108.263 68.000
26 1725.0 108.073 68.000
26 1726.0 107.883 68.000
26 1727.0 107.693 68.000
26 1728.0 107.503 68.000
26 1729.0 107.313 68.000
26 1730.0 107.123 68.000
26 1731.0 106.933 68.000
26 1732.0 106.744 68.000
26 1733.0 106.554 68.000
26 1734.0 106.364 68.000
26 1735.0 106.174 68.000
26 1736.0 105.984 68.000
26 1737.0 105.794 68.000
26 1738.0 105.604 68.000
26 1739.0 105.414 68.000
26 1740.0 105.224 68.000
26 1741.0 105.034 68.000
26 1742.0 104.845 68.000
26 1743.0 104.655 68.000
26 1744.0 104.465 68.000
26 1745.0 104.275 68.000
26 1746.0 104.085 68.000
26 1747.0 103.895 68.000
26 1748.0 103.705 68.000
26 1749.0 103.515 68.000
26 1750.0 103.325 68.000
26 1751.0 103.135 68.000
26 1752.0 102.945 68.000
26 1753.0 102.756 68.000
26 1754.0 102.566 68.000
26 1755.0 102.376 68.000
26 1756.0 102.186 68.000
26 1757.0 101.996 68.000
26 1758.0 101.806 68.000
26 1759.0 101.616 68.000
26 1760.0 101.426 68.000
26 1761.0 101.236 68.000
26 1762.0 101.046 68.000
26 1763.0 100.857 68.000
26 1764.0 100.667 68.000
26 1765.0 100.477 68.000
26 1766.0 100.287 68.000
26 1767.0 100.097 68.000
26 1768.0 99.907 68.000
26 1769.0 99.717 68.000
26 1770.0 99.527 68.000
26 1771.0 99.337 68.000
26 1772.0 99.147 68.000
26 1773.0 98.957 68.000
26 1774.0 98.768 68.000
26 1775.0 98.578 68.000
26 1776.0 98.388 68.000
26 1777.0 98.198 68.000
26 1778.0 98.008 68.000
26 1779.0 97.818 68.000
26 1780.0 97.628 68.000
26 1781.0 97.438 68.000
26 1782.0 97.248 68.000
26 1783.0 97.058 68.000
26 1784.0 96.868 68.000
26 1785.0 96.679 68.000
26 1786.0 96.489 68.000
26 1787.0 96.299 68.000
26 1788.0 96.109 68.000
26 1789.0 95.919 68.000
26 1790.0 95.729 68.000
26 1791.0 95.539 68.000
26 1792.0 95.349 68.000
26 1793.0 95.159 68.000
26 1794.0 94.969 68.000
26 1795.0 94.780 68.000
26 1796.0 94.590 68.000
26 1797.0 94.400 68.000
26 1798.0 94.210 68.000
26 1799.0 94.020 68.000
26 1800.0 93.830 68.000
26 1801.0 93.640 68.000
26 1802.0 93.450 68.000
26 1803.0 93.260 68.000
26 1804.0 93.070 68.000
26 1805.0 92.880 68.000
26 1806.0 92.691 68.000
26 1807.0 92.501 68.000
26 1808.0 92.311 68.000
26 1809.0 92.121 68.000
26 1810.0 91.931 68.000
26 1811.0 91.741 68.000
26 1812.0 91.551 68.000
26 1813.0 91.361 68.000
26 1814.0 91.171 68.000
26 1815.0 90.981 68.000
26 1816.0 90.792 68.000
26 1817.0 90.602 68.000
26 1818.0 90.412 68.000
26 1819.0 90.222 68.000
26 1820.0 90.032 68.000
26 1821.0 89.842 68.000
26 1822.0 89.652 68.000
26 1823.0 89.462 68.000
26 1824.0 89.272 68.000
26 1825.0 89.082 68.000
26 1826.0 88.892 68.000
26 1827.0 88.703 68.000
26 1828.0 88.513 68.000
26 1829.0 88.323 68.000
26 1830.0 88.133 68.000
26 1831.0 87.943 68.000
26 1832.0 87.753 68.000
26 1833.0 87.563 68.000
26 1834.0 87.373 68.000
26 1835.0 87.183 68.000
26 1836.0 86.993 68.000
26 1837.0 86.803 68.000
26 1838.0 86.614 68.000
26 1839.0 86.424 68.000
26 1840.0 86.234 68.000
26 1841.0 86.044 68.000
26 1842.0 85.854 68.000
26 1843.0 85.664 68.000
26 1844.0 85.474 68.000
26 1845.0 85.284 68.000
26 1846.0 85.094 68.000
26 1847.0 84.904 68.000
26 1848.0 84.715 68.000
26 1849.0 84.525 68.000
26 1850.0 84.335 68.000
26 1851.0 84.145 68.000
26 1852.0 83.955 68.000
26 1853.0 83.765 68.000
26 1854.0 83.575 68.000
26 1855.0 83.385 68.000
26 1856.0 83.195 68.000
26 1857.0 83.005 68.000
26 1858.0 82.815 68.000
26 1859.0 82.626 68.000
26 1860.0 82.436 68.000
26 1861.0 82.246 68.000
26 1862.0 82.056 68.000
26 1863.0 81.866 68.000
26 1864.0 81.676 68.000
26 1865.0 81.486 68.000
26 1866.0 81.296 68.000
26 1867.0 81.106 68.000
26 1868.0 80.916 68.000
26 1869.0 80.727 68.000
26 1870.0 80.537 68.000
26 1871.0 80.347 68.000
26 1872.0 80.157 68.000
26 1873.0 79.967 68.000
26 1874.0 79.777 68.000
26 1875.0 79.587 68.000
26 1876.0 79.397 68.000
26 1877.0 79.207 68.000
26 1878.0 79.017 68.000
26 1879.0 78.827 68.000
26 1880.0 78.638 68.000
26 1881.0 78.448 68.000
26 1882.0 78.258 68.000
26 1883.0 78.068 68.000
26 1884.0 77.878 68.000
26 1885.0 77.688 68.000
26 1886.0 77.498 68.000
26 1887.0 77.308 68.000
26 1888.0 77.118 68.000
26 1889.0 76.928 68.000
26 1890.0 76.739 68.000
26 1891.0 76.549 68.000
26 1892.0 76.359 68.000
26 1893.0 76.169 68.000
26 1894.0 75.979 68.000
26 1895.0 75.789 68.000
26 1896.0 75.599 68.000
26 1897.0 75.409 68.000
26 1898.0 75.219 68.000
26 1899.0 75.029 68.000
26 1900.0 74.839 68.000
26 1901.0 74.650 68.000
26 1902.0 74.460 68.000
26 1903.0 74.270 68.000
26 1904.0 74.080 68.000
26 1905.0 73.890 68.000
26 1906.0 73.700 68.000
26 1907.0 73.510 68.000
26 1908.0 73.320 68.000
26 1909.0 73.130 68.000
26 1910.0 72.940 68.000
26 1911.0 72.750 68.000
26 1912.0 72.561 68.000
26 1913.0 72.371 68.000
26 1914.0 72.181 68.000
26 1915.0 71.991 68.000
26 1916.0 71.801 68.000
26 1917.0 71.611 68.000
26 1918.0 71.421 68.000
26 1919.0 71.231 68.000
26 1920.0 71.041 68.000
26 1921.0 70.851 68.000
26 1922.0 70.662 68.000
26 1923.0 70.472 68.000
26 1924.0 70.282 68.000
26 1925.0 70.092 68.000
26 1926.0 69.902 68.000
26 1927.0 69.712 68.000
26 1928.0 69.522 68.000
26 1929.0 69.332 68.000
26 1930.0 69.142 68.000
26 1931.0 68.952 68.000
26 1932.0 68.762 68.000
26 1933.0 68.573 68.000
26 1934.0 68.383 68.000
26 1935.0 68.193 68.000
26 1936.0 68.003 68.000
26 1937.0 67.813 68.000
26 1938.0 67.623 68.000
26 1939.0 67.433 68.000
26 1940.0 67.243 68.000
26 1941.0 67.053 68.000
26 1942.0 66.863 68.000
26 1943.0 66.674 68.000
26 1944.0 66.484 68.000
26 1945.0 66.294 68.000
26 1946.0 66.104 68.000
26 1947.0 65.914 68.000
26 1948.0 65.724 68.000
26 1949.0 65.534 68.000
26 1950.0 65.344 68.000
26 1951.0 65.154 68.000
26 1952.0 64.964 68.000
26 1953.0 64.774 68.000
26 1954.0 64.585 68.000
26 1955.0 64.395 68.000
26 1956.0 64.205 68.000
26 1957.0 64.015 68.000
26 1958.0 63.825 68.000
26 1959.0 63.635 68.000
26 1960.0 63.445 68.000
26 1961.0 63.255 68.000
26 1962.0 63.065 68.000
26 1963.0 62.875 68.000
26 1964.0 62.685 68.000
26 1965.0 62.496 68.000
26 1966.0 62.306 68.000
26 1967.0 62.116 68.000
26 1968.0 61.926 68.000
26 1969.0 61.736 68.000
26 1970.0 61.546 68.000
26 1971.0 61.356 68.000
26 1972.0 61.166 68.000
26 1973.0 60.976 68.000
26 1974.0 60.786 68.000
26 1975.0 60.597 68.000
26 1976.0 60.407 68.000
26 1977.0 60.217 68.000
26 1978.0 60.027 68.000
26 1979.0 59.837 68.000
26 1980.0 59.647 68.000
26 1981.0 59.457 68.000
26 1982.0 59.267 68.000
26 1983.0 59.077 68.000
26 1984.0 58.887 68.000
26 1985.0 58.697 68.000
26 1986.0 58.508 68.000
26 1987.0 58.318 68.000
26 1988.0 58.128 68.000
26 1989.0 57.938 68.000
26 1990.0 57.748 68.000
26 1991.0 57.558 68.000
26 1992.0 57.368 68.000
26 1993.0 57.178 68.000
26 1994.0 56.988 68.000
26 1995.0 56.798 68.000
26 1996.0 56.609 68.000
26 1997.0 56.419 68.000
26 1998.0 56.229 68.000
26 1999.0 56.039 68.000
26 2000.0 55.849 68.000
26 2001.0 55.659 68.000
26 2002.0 55.469 68.000
26 2003.0 55.279 68.000
26 2004.0 55.089 68.000
26 2005.0 54.899 68.000
26 2006.0 54.709 68.000
26 2007.0 54.520 68.000
26 2008.0 54.330 68.000
26 2009.0 54.140 68.000
26 2010.0 53.950 68.000
26 2011.0 53.760 68.000
26 2012.0 53.570 68.000
26 2013.0 53.380 68.000
26 2014.0 53.190 68.000
26 2015.0 53.000 68.000
26 2016.0 52.810 68.000
26 2017.0 52.620 68.000
26 2018.0 52.431 68.000
26 2019.0 52.241 68.000
26 2020.0 52.051 68.000
26 2021.0 51.861 68.000
26 2022.0 51.671 68.000
26 2023.0 51.481 68.000
26 2024.0 51.291 68.000
26 2025.0 51.101 68.000
26 2026.0 50.911 68.000
26 2027.0 50.721 68.000
26 2028.0 50.532 68.000
26 2029.0 50.342 68.000
26 2030.0 50.152 68.000
26 2031.0 49.962 68.000
26 2032.0 49.772 68.000
26 2033.0 49.582 68.000
26 2034.0 49.392 68.000
26 2035.0 49.202 68.000
26 2036.0 49.012 68.000
26 2037.0 48.822 68.000
26 2038.0 48.632 68.000
26 2039.0 48.443 68.000
26 2040.0 48.253 68.000
26 2041.0 48.063 68.000
26 2042.0 47.873 68.000
26 2043.0 47.683 68.000
26 2044.0 47.493 68.000
26 2045.0 47.303 68.000
26 2046.0 47.113 68.000
26 2047.0 46.923 68.000
26 2048.0 46.733 68.000
26 2049.0 46.544 68.000
26 2050.0 46.354 68.000
26 2051.0 46.164 68.000
26 2052.0 45.974 68.000
26 2053.0 45.784 68.000
26 2054.0 45.594 68.000
26 2055.0 45.404 68.000
26 2056.0 45.214 68.000
26 2057.0 45.024 68.000
26 2058.0 44.834 68.000
26 2059.0 44.644 68.000
26 2060.0 44.455 68.000
26 2061.0 44.265 68.000
26 2062.0 44.075 68.000
26 2063.0 43.885 68.000
26 2064.0 43.695 68.000
26 2065.0 43.505 68.000
26 2066.0 43.315 68.000
26 2067.0 43.125 68.000
26 2068.0 42.935 68.000
26 2069.0 42.745 68.000
26 2070.0 42.555 68.000
26 2071.0 42.366 68.000
26 2072.0 42.176 68.000
26 2073.0 41.986 68.000
26 2074.0 41.796 68.000
26 2075.0 41.606 68.000
26 2076.0 41.416 68.000
26 2077.0 41.226 68.000
26 2078.0 41.036 68.000
26 2079.0 40.846 68.000
26 2080.0 40.656 68.000
26 2081.0 40.467 68.000
26 2082.0 40.277 68.000
26 2083.0 40.087 68.000
26 2084.0 39.897 68.000
26 2085.0 39.707 68.000
26 2086.0 39.517 68.000
26 2087.0 39.327 68.000
26 2088.0 39.137 68.000
26 2089.0 38.947 68.000
26 2090.0 38.757 68.000
26 2091.0 38.567 68.000
26 2092.0 38.378 68.000
26 2093.0 38.188 68.000
26 2094.0 37.998 68.000
26 2095.0 37.808 68.000
26 2096.0 37.618 68.000
26 2097.0 37.428 68.000
26 2098.0 37.238 68.000
26 2099.0 37.048 68.000
26 2100.0 36.858 68.000
26 2101.0 36.668 68.000
26 2102.0 36.479 68.000
26 2103.0 36.289 68.000
26 2104.0 36.099 68.000
26 2105.0 35.909 68.000
26 2106.0 35.719 68.000
26 2107.0 35.529 68.000
26 2108.0 35.339 68.000
26 2109.0 35.149 68.000
26 2110.0 34.959 68.000
26 2111.0 34.769 68.000
26 2112.0 34.579 68.000
26 2113.0 34.390 68.000
26 2114.0 34.200 68.000
26 2115.0 34.010 68.000
26 2116.0 33.820 68.000
26 2117.0 33.630 68.000
26 2118.0 33.440 68.000
26 2119.0 33.250 68.000
26 2120.0 33.060 68.000
26 2121.0 32.870 68.000
26 2122.0 32.680 68.000
26 2123.0 32.491 68.000
26 2124.0 32.301 68.000
26 2125.0 32.111 68.000
26 2126.0 31.921 68.000
26 2127.0 31.731 68.000
26 2128.0 31.541 68.000
26 2129.0 31.351 68.000
26 2130.0 31.161 68.000
26 2131.0 30.971 68.000
26 2132.0 30.781 68.000
26 2133.0 30.591 68.000
26 2134.0 30.402 68.000
26 2135.0 30.212 68.000
26 2136.0 30.022 68.000
26 2137.0 29.832 68.000
26 2138.0 29.642 68.000
26 2139.0 29.452 68.000
26 2140.0 29.262 68.000
26 2141.0 29.072 68.000
26 2142.0 28.882 68.000
26 2143.0 28.692 68.000
26 2144.0 28.502 68.000
26 2145.0 28.313 68.000
26 2146.0 28.123 68.000
26 2147.0 27.933 68.000
26 2148.0 27.743 68.000
26 2149.0 27.553 68.000
26 2150.0 27.363 68.000
26 2151.0 27.173 68.000
26 2152.0 26.983 68.000
26 2153.0 26.793 68.000
26 2154.0 26.603 68.000
26 2155.0 26.414 68.000
26 2156.0 26.224 68.000
26 2157.0 26.034 68.000
26 2158.0 25.844 68.000
26 2159.0 25.654 68.000
26 2160.0 25.464 68.000
26 2161.0 25.274 68.000
26 2162.0 25.084 68.000
26 2163.0 24.894 68.000
26 2164.0 24.704 68.000
26 2165.0 24.514 68.000
26 2166.0 24.325 68.000
26 2167.0 24.135 68.000
26 2168.0 23.945 68.000
26 2169.0 23.755 68.000
26 2170.0 23.565 68.000
26 2171.0 23.375 68.000
26 2172.0 23.185 68.000
26 2173.0 22.995 68.000
26 2174.0 22.805 68.000
26 2175.0 22.615 68.000
26 2176.0 22.426 68.000
26 2177.0 22.236 68.000
26 2178.0 22.046 68.000
26 2179.0 21.856 68.000
26 2180.0 21.666 68.000
26 2181.0 21.476 68.000
26 2182.0 21.286 68.000
26 2183.0 21.096 68.000
26 2184.0 20.906 68.000
26 2185.0 20.716 68.000
26 2186.0 20.526 68.000
26 2187.0 20.337 68.000
26 2188.0 20.147 68.000
26 2189.0 19.957 68.000
26 2190.0 19.767 68.000
26 2191.0 19.577 68.000
26 2192.0 19.387 68.000
26 2193.0 19.197 68.000
26 2194.0 19.007 68.000
26 2195.0 18.817 68.000
26 2196.0 18.627 68.000
26 2197.0 18.437 68.000
26 2198.0 18.248 68.000
26 2199.0 18.058 68.000
26 2200.0 17.868 68.000
26 2201.0 17.678 68.000
26 2202.0 17.488 68.000
26 2203.0 17.298 68.000
26 2204.0 17.108 68.000
26 2205.0 16.918 68.000
26 2206.0 16.728 68.000
26 2207.0 16.538 68.000
26 2208.0 16.349 68.000
26 2209.0 16.159 68.000
26 2210.0 15.969 68.000
26 2211.0 15.779 68.000
26 2212.0 15.589 68.000
26 2213.0 15.399 68.000
26 2214.0 15.209 68.000
26 2215.0 15.019 68.000
26 2216.0 14.829 68.000
26 2217.0 14.639 68.000
26 2218.0 14.449 68.000
26 2219.0 14.260 68.000
26 2220.0 14.070 68.000
26 2221.0 13.880 68.000
26 2222.0 13.690 68.000
26 2223.0 13.500 68.000
26 2224.0 13.310 68.000
26 2225.0 13.120 68.000
26 2226.0 12.930 68.000
26 2227.0 12.740 68.000
26 2228.0 12.550 68.000
26 2229.0 12.361 68.000
26 2230.0 12.171 68.000
26 2231.0 11.981 68.000
26 2232.0 11.791 68.000
26 2233.0 11.601 68.000
26 2234.0 11.411 68.000
26 2235.0 11.221 68.000
26 2236.0 11.031 68.000
26 2237.0 10.841 68.000
26 2238.0 10.651 68.000
26 2239.0 10.461 68.000
26 2240.0 10.272 68.000
26 2241.0 10.082 68.000
26 2242.0 9.892 68.000
26 2243.0 9.702 68.000
26 2244.0 9.512 68.000
26 2245.0 9.322 68.000
26 2246.0 9.132 68.000
26 2247.0 8.942 68.000
26 2248.0 8.752 68.000
26 2249.0 8.562 68.000
26 2250.0 8.373 68.000
26 2251.0 8.183 68.000
26 2252.0 7.993 68.000
26 2253.0 7.803 68.000
26 2254.0 7.613 68.000
26 2255.0 7.423 68.000
26 2256.0 7.233 68.000
26 2257.0 7.043 68.000
26 2258.0 6.853 68.000
26 2259.0 6.663 68.000
26 2260.0 6.473 68.000
26 2261.0 6.284 68.000
26 2262.0 6.094 68.000
26 2263.0 5.904 68.000
26 2264.0 5.714 68.000
26 2265.0 5.524 68.000
26 2266.0 5.334 68.000
26 2267.0 5.144 68.000
26 2268.0 5.000 67.954
26 2269.0 5.000 67.764
26 2270.0 5.000 67.574
26 2271.0 5.000 67.384
26 2272.0 5.000 67.195
26 2273.0 5.000 67.005
26 2274.0 5.000 66.815
26 2275.0 5.000 66.625
26 2276.0 5.000 66.435
26 2277.0 5.000 66.245
26 2278.0 5.000 66.055
26 2279.0 5.000 65.865
26 2280.0 5.000 65.675
26 2281.0 5.000 65.485
26 2282.0 5.000 65.296
26 2283.0 5.000 65.106
26 2284.0 5.000 64.916
26 2285.0 5.000 64.726
26 2286.0 5.000 64.536
26 2287.0 5.000 64.346
26 2288.0 5.000 64.156
26 2289.0 5.000 63.966
26 2290.0 5.000 63.776
26 2291.0 5.000 63.586
26 2292.0 5.000 63.396
26 2293.0 5.000 63.207
26 2294.0 5.000 63.017
26 2295.0 5.000 62.827
26 2296.0 5.000 62.637
26 2297.0 5.000 62.447
26 2298.0 5.000 62.257
26 2299.0 5.000 62.067
26 2300.0 5.000 61.877
26 2301.0 5.000 61.687
26 2302.0 5.000 61.497
26 2303.0 5.000 61.308
26 2304.0 5.000 61.118
26 2305.0 5.000 60.928
26 2306.0 5.000 60.738
26 2307.0 5.000 60.548
26 2308.0 5.000 60.358
26 2309.0 5.000 60.168
26 2310.0 5.000 59.978
26 2311.0 5.000 59.788
26 2312.0 5.000 59.598
26 2313.0 5.000 59.408
26 2314.0 5.000 59.219
26 2315.0 5.000 59.029
26 2316.0 5.000 58.839
26 2317.0 5.000 58.649
26 2318.0 5.000 58.459
26 2319.0 5.000 58.269
26 2320.0 5.000 58.079
26 2321.0 5.000 57.889
26 2322.0 5.000 57.699
26 2323.0 5.000 57.509
26 2324.0 5.000 57.319
26 2325.0 5.000 57.130
26 2326.0 5.000 56.940
26 2327.0 5.000 56.750
26 2328.0 5.000 56.560
26 2329.0 5.000 56.370
26 2330.0 5.000 56.180
26 2331.0 5.000 55.990
26 2332.0 5.000 55.800
26 2333.0 5.000 55.610
26 2334.0 5.000 55.420
26 2335.0 5.000 55.231
26 2336.0 5.000 55.041
26 2337.0 5.000 54.851
26 2338.0 5.000 54.661
26 2339.0 5.000 54.471
26 2340.0 5.000 54.281
26 2341.0 5.000 54.091
26 2342.0 5.000 53.901
26 2343.0 5.000 53.711
26 2344.0 5.000 53.521
26 2345.0 5.000 53.331
26 2346.0 5.000 53.142
26 2347.0 5.000 52.952
26 2348.0 5.000 52.762
26 2349.0 5.000 52.572
26 2350.0 5.000 52.382
26 2351.0 5.000 52.192
26 2352.0 5.000 52.002
26 2353.0 5.000 51.812
26 2354.0 5.000 51.622
26 2355.0 5.000 51.432
26 2356.0 5.000 51.243
26 2357.0 5.000 51.053
26 2358.0 5.000 50.863
26 2359.0 5.000 50.673
26 2360.0 5.000 50.483
26 2361.0 5.000 50.293
26 2362.0 5.000 50.103
26 2363.0 5.000 49.913
26 2364.0 5.000 49.723
26 2365.0 5.000 49.533
26 2366.0 5.000 49.343
26 2367.0 5.000 49.154
26 2368.0 5.000 48.964
26 2369.0 5.000 48.774
26 2370.0 5.000 48.584
26 2371.0 5.000 48.394
26 2372.0 5.000 48.204
26 2373.0 5.000 48.014
26 2374.0 5.000 47.824
26 2375.0 5.000 47.634
26 2376.0 5.000 47.444
26 2377.0 5.000 47.254
26 2378.0 5.000 47.065
26 2379.0 5.000 46.875
26 2380.0 5.000 46.685
26 2381.0 5.000 46.495
26 2382.0 5.000 46.305
26 2383.0 5.000 46.115
26 2384.0 5.000 45.925
26 2385.0 5.000 45.735
26 2386.0 5.000 45.545
26 2387.0 5.000 45.355
26 2388.0 5.000 45.166
26 2389.0 5.000 44.976
26 2390.0 5.000 44.786
26 2391.0 5.000 44.596
26 2392.0 5.000 44.406
26 2393.0 5.000 44.216
26 2394.0 5.000 44.026
26 2395.0 5.000 43.836
26 2396.0 5.000 43.646
26 2397.0 5.000 43.456
26 2398.0 5.000 43.266
26 2399.0 5.000 43.077
26 2400.0 5.000 42.887
26 2401.0 5.000 42.697
26 2402.0 5.000 42.507
26 2403.0 5.000 42.317
26 2404.0 5.000 42.127
26 2405.0 5.000 41.937
26 2406.0 5.000 41.747
26 2407.0 5.000 41.557
26 2408.0 5.000 41.367
26 2409.0 5.000 41.178
26 2410.0 5.000 40.988
26 2411.0 5.000 40.798
26 2412.0 5.000 40.608
26 2413.0 5.000 40.418
26 2414.0 5.000 40.228
26 2415.0 5.000 40.038
26 2416.0 5.000 39.848
26 2417.0 5.000 39.658
26 2418.0 5.000 39.468
26 2419.0 5.000 39.278
26 2420.0 5.000 39.089
26 2421.0 5.000 38.899
26 2422.0 5.000 38.709
26 2423.0 5.000 38.519
26 2424.0 5.000 38.329
26 2425.0 5.000 38.139
26 2426.0 5.000 37.949
26 2427.0 5.000 37.759
26 2428.0 5.000 37.569
26 2429.0 5.000 37.379
26 2430.0 5.000 37.190
26 2431.0 5.000 37.000
26 2432.0 5.000 36.810
26 2433.0 5.000 36.620
26 2434.0 5.000 36.430
26 2435.0 5.000 36.240
26 2436.0 5.000 36.050
26 2437.0 5.000 35.860
26 2438.0 5.000 35.670
26 2439.0 5.000 35.480
26 2440.0 5.000 35.290
26 2441.0 5.000 35.101
26 2442.0 5.000 34.911
26 2443.0 5.000 34.721
26 2444.0 5.000 34.531
26 2445.0 5.000 34.341
26 2446.0 5.000 34.151
26 2447.0 5.000 33.961
26 2448.0 5.000 33.771
26 2449.0 5.000 33.581
26 2450.0 5.000 33.391
26 2451.0 5.000 33.201
26 2452.0 5.000 33.012
26 2453.0 5.000 32.822
26 2454.0 5.000 32.632
26 2455.0 5.000 32.442
26 2456.0 5.000 32.252
26 2457.0 5.000 32.062
26 2458.0 5.000 31.872
26 2459.0 5.000 31.682
26 2460.0 5.000 31.492
26 2461.0 5.000 31.302
26 2462.0 5.000 31.113
26 2463.0 5.000 30.923
26 2464.0 5.000 30.733
26 2465.0 5.000 30.543
26 2466.0 5.000 30.353
26 2467.0 5.000 30.163
26 2468.0 5.000 29.973
26 2469.0 5.000 29.783
26 2470.0 5.000 29.593
26 2471.0 5.000 29.403
26 2472.0 5.000 29.213
26 2473.0 5.000 29.024
26 2474.0 5.000 28.834
26 2475.0 5.000 28.644
26 2476.0 5.000 28.454
26 2477.0 5.000 28.264
26 2478.0 5.000 28.074
26 2479.0 5.000 27.884
26 2480.0 5.000 27.694
26 2481.0 5.000 27.504
26 2482.0 5.000 27.314
26 2483.0 5.000 27.125
26 2484.0 5.000 26.935
26 2485.0 5.000 26.745
26 2486.0 5.000 26.555
26 2487.0 5.000 26.365
26 2488.0 5.000 26.175
26 2489.0 5.000 25.985
26 2490.0 5.000 25.795
26 2491.0 5.000 25.605
26 2492.0 5.000 25.415
26 2493.0 5.000 25.225
26 2494.0 5.000 25.036
26 2495.0 5.000 24.846
26 2496.0 5.000 24.656
26 2497.0 5.000 24.466
26 2498.0 5.000 24.276
26 2499.0 5.000 24.086
26 2500.0 5.000 23.896
26 2501.0 5.000 23.706
26 2502.0 5.000 23.516
26 2503.0 5.000 23.326
26 2504.0 5.000 23.136
26 2505.0 5.000 22.947
26 2506.0 5.000 22.757
26 2507.0 5.000 22.567
26 2508.0 5.000 22.377
26 2509.0 5.000 22.187
26 2510.0 5.000 21.997
26 2511.0 5.000 21.807
26 2512.0 5.000 21.617
26 2513.0 5.000 21.427
26 2514.0 5.000 21.237
26 2515.0 5.000 21.048
26 2516.0 5.000 20.858
26 2517.0 5.000 20.668
26 2518.0 5.000 20.478
26 2519.0 5.000 20.288
26 2520.0 5.000 20.098
26 2521.0 5.000 19.908
26 2522.0 5.000 19.718
26 2523.0 5.000 19.528
26 2524.0 5.000 19.338
26 2525.0 5.000 19.148
26 2526.0 5.000 18.959
26 2527.0 5.000 18.769
26 2528.0 5.000 18.579
26 2529.0 5.000 18.389
26 2530.0 5.000 18.199
26 2531.0 5.000 18.009
26 2532.0 5.000 17.819
26 2533.0 5.000 17.629
26 2534.0 5.000 17.439
26 2535.0 5.000 17.249
26 2536.0 5.000 17.060
26 2537.0 5.000 16.870
26 2538.0 5.000 16.680
26 2539.0 5.000 16.490
26 2540.0 5.000 16.300
26 2541.0 5.000 16.110
26 2542.0 5.000 15.920
26 2543.0 5.000 15.730
26 2544.0 5.000 15.540
26 2545.0 5.000 15.350
26 2546.0 5.000 15.160
26 2547.0 5.000 14.971
26 2548.0 5.000 14.781
26 2549.0 5.000 14.591
26 2550.0 5.000 14.401
26 2551.0 5.000 14.211
26 2552.0 5.000 14.021
26 2553.0 5.000 13.831
26 2554.0 5.000 13.641
26 2555.0 5.000 13.451
26 2556.0 5.000 13.261
26 2557.0 5.000 13.071
26 2558.0 5.000 12.882
26 2559.0 5.000 12.692
26 2560.0 5.000 12.502
26 2561.0 5.000 12.312
26 2562.0 5.000 12.122
26 2563.0 5.000 11.932
26 2564.0 5.000 11.742
26 2565.0 5.000 11.552
26 2566.0 5.000 11.362
26 2567.0 5.000 11.172
26 2568.0 5.000 10.983
26 2569.0 5.000 10.793
26 2570.0 5.000 10.603
26 2571.0 5.000 10.413
26 2572.0 5.000 10.223
26 2573.0 5.000 10.033
26 2574.0 5.000 9.843
26 2575.0 5.000 9.653
26 2576.0 5.000 9.463
26 2577.0 5.000 9.273
26 2578.0 5.000 9.083
26 2579.0 5.000 8.894
26 2580.0 5.000 8.704
26 2581.0 5.000 8.514
26 2582.0 5.000 8.324
26 2583.0 5.000 8.134
26 2584.0 5.000 7.944
26 2585.0 5.000 7.754
26 2586.0 5.000 7.564
26 2587.0 5.000 7.374
26 2588.0 5.000 7.184
26 2589.0 5.000 6.995
26 2590.0 5.000 6.805
26 2591.0 5.000 6.615
26 2592.0 5.000 6.425
26 2593.0 5.000 6.235
26 2594.0 5.000 6.045
26 2595.0 5.000 5.855
26 2596.0 5.000 5.665
26 2597.0 5.000 5.475
26 2598.0 5.000 5.285
26 2599.0 5.000 5.095
26 2600.0 5.094 5.000
26 2601.0 5.284 5.000
26 2602.0 5.474 5.000
26 2603.0 5.664 5.000
26 2604.0 5.854 5.000
26 2605.0 6.044 5.000
26 2606.0 6.234 5.000
26 2607.0 6.424 5.000
26 2608.0 6.614 5.000
26 2609.0 6.804 5.000
26 2610.0 6.994 5.000
26 2611.0 7.183 5.000
26 2612.0 7.373 5.000
26 2613.0 7.563 5.000
26 2614.0 7.753 5.000
26 2615.0 7.943 5.000
26 2616.0 8.133 5.000
26 2617.0 8.323 5.000
26 2618.0 8.513 5.000
26 2619.0 8.703 5.000
26 2620.0 8.893 5.000
26 2621.0 9.082 5.000
26 2622.0 9.272 5.000
26 2623.0 9.462 5.000
26 2624.0 9.652 5.000
26 2625.0 9.842 5.000
26 2626.0 10.032 5.000
26 2627.0 10.222 5.000
26 2628.0 10.412 5.000
26 2629.0 10.602 5.000
26 2630.0 10.792 5.000
26 2631.0 10.982 5.000
26 2632.0 11.171 5.000
26 2633.0 11.361 5.000
26 2634.0 11.551 5.000
26 2635.0 11.741 5.000
26 2636.0 11.931 5.000
26 2637.0 12.121 5.000
26 2638.0 12.311 5.000
26 2639.0 12.501 5.000
26 2640.0 12.691 5.000
26 2641.0 12.881 5.000
26 2642.0 13.070 5.000
26 2643.0 13.260 5.000
26 2644.0 13.450 5.000
26 2645.0 13.640 5.000
26 2646.0 13.830 5.000
26 2647.0 14.020 5.000
26 2648.0 14.210 5.000
26 2649.0 14.400 5.000
26 2650.0 14.590 5.000
26 2651.0 14.780 5.000
26 2652.0 14.970 5.000
26 2653.0 15.159 5.000
26 2654.0 15.349 5.000
26 2655.0 15.539 5.000
26 2656.0 15.729 5.000
26 2657.0 15.919 5.000
26 2658.0 16.109 5.000
26 2659.0 16.299 5.000
26 2660.0 16.489 5.000
26 2661.0 16.679 5.000
26 2662.0 16.869 5.000
26 2663.0 17.058 5.000
26 2664.0 17.248 5.000
26 2665.0 17.438 5.000
26 2666.0 17.628 5.000
26 2667.0 17.818 5.000
26 2668.0 18.008 5.000
26 2669.0 18.198 5.000
26 2670.0 18.388 5.000
26 2671.0 18.578 5.000
26 2672.0 18.768 5.000
26 2673.0 18.958 5.000
26 2674.0 19.147 5.000
26 2675.0 19.337 5.000
26 2676.0 19.527 5.000
26 2677.0 19.717 5.000
26 2678.0 19.907 5.000
26 2679.0 20.097 5.000
26 2680.0 20.287 5.000
26 2681.0 20.477 5.000
26 2682.0 20.667 5.000
26 2683.0 20.857 5.000
26 2684.0 21.047 5.000
26 2685.0 21.236 5.000
26 2686.0 21.426 5.000
26 2687.0 21.616 5.000
26 2688.0 21.806 5.000
26 2689.0 21.996 5.000
26 2690.0 22.186 5.000
26 2691.0 22.376 5.000
26 2692.0 22.566 5.000
26 2693.0 22.756 5.000
26 2694.0 22.946 5.000
26 2695.0 23.135 5.000
26 2696.0 23.325 5.000
26 2697.0 23.515 5.000
26 2698.0 23.705 5.000
26 2699.0 23.895 5.000
26 2700.0 24.085 5.000
26 2701.0 24.275 5.000
26 2702.0 24.465 5.000
26 2703.0 24.655 5.000
26 2704.0 24.845 5.000
26 2705.0 25.035 5.000
26 2706.0 25.224 5.000
26 2707.0 25.414 5.000
26 2708.0 25.604 5.000
26 2709.0 25.794 5.000
26 2710.0 25.984 5.000
26 2711.0 26.174 5.000
26 2712.0 26.364 5.000
26 2713.0 26.554 5.000
26 2714.0 26.744 5.000
26 2715.0 26.934 5.000
26 2716.0 27.123 5.000
26 2717.0 27.313 5.000
26 2718.0 27.503 5.000
26 2719.0 27.693 5.000
26 2720.0 27.883 5.000
26 2721.0 28.073 5.000
26 2722.0 28.263 5.000
26 2723.0 28.453 5.000
26 2724.0 28.643 5.000
26 2725.0 28.833 5.000
26 2726.0 29.023 5.000
26 2727.0 29.212 5.000
26 2728.0 29.402 5.000
26 2729.0 29.592 5.000
26 2730.0 29.782 5.000
26 2731.0 29.972 5.000
26 2732.0 30.162 5.000
26 2733.0 30.352 5.000
26 2734.0 30.542 5.000
26 2735.0 30.732 5.000
26 2736.0 30.922 5.000
26 2737.0 31.112 5.000
26 2738.0 31.301 5.000
26 2739.0 31.491 5.000
26 2740.0 31.681 5.000
26 2741.0 31.871 5.000
26 2742.0 32.061 5.000
26 2743.0 32.251 5.000
26 2744.0 32.441 5.000
26 2745.0 32.631 5.000
26 2746.0 32.821 5.000
26 2747.0 33.011 5.000
26 2748.0 33.200 5.000
26 2749.0 33.390 5.000
26 2750.0 33.580 5.000
26 2751.0 33.770 5.000
26 2752.0 33.960 5.000
26 2753.0 34.150 5.000
26 2754.0 34.340 5.000
26 2755.0 34.530 5.000
26 2756.0 34.720 5.000
26 2757.0 34.910 5.000
26 2758.0 35.100 5.000
26 2759.0 35.289 5.000
26 2760.0 35.479 5.000
26 2761.0 35.669 5.000
26 2762.0 35.859 5.000
26 2763.0 36.049 5.000
26 2764.0 36.239 5.000
26 2765.0 36.429 5.000
26 2766.0 36.619 5.000
26 2767.0 36.809 5.000
26 2768.0 36.999 5.000
26 2769.0 37.188 5.000
26 2770.0 37.378 5.000
26 2771.0 37.568 5.000
26 2772.0 37.758 5.000
26 2773.0 37.948 5.000
26 2774.0 38.138 5.000
26 2775.0 38.328 5.000
26 2776.0 38.518 5.000
26 2777.0 38.708 5.000
26 2778.0 38.898 5.000
26 2779.0 39.088 5.000
26 2780.0 39.277 5.000
26 2781.0 39.467 5.000
26 2782.0 39.657 5.000
26 2783.0 39.847 5.000
26 2784.0 40.037 5.000
26 2785.0 40.227 5.000
26 2786.0 40.417 5.000
26 2787.0 40.607 5.000
26 2788.0 40.797 5.000
26 2789.0 40.987 5.000
26 2790.0 41.177 5.000
26 2791.0 41.366 5.000
26 2792.0 41.556 5.000
26 2793.0 41.746 5.000
26 2794.0 41.936 5.000
26 2795.0 42.126 5.000
26 2796.0 42.316 5.000
26 2797.0 42.506 5.000
26 2798.0 42.696 5.000
26 2799.0 42.886 5.000
26 2800.0 43.076 5.000
26 2801.0 43.265 5.000
26 2802.0 43.455 5.000
26 2803.0 43.645 5.000
26 2804.0 43.835 5.000
26 2805.0 44.025 5.000
26 2806.0 44.215 5.000
26 2807.0 44.405 5.000
26 2808.0 44.595 5.000
26 2809.0 44.785 5.000
26 2810.0 44.975 5.000
26 2811.0 45.165 5.000
26 2812.0 45.354 5.000
26 2813.0 45.544 5.000
26 2814.0 45.734 5.000
26 2815.0 45.924 5.000
26 2816.0 46.114 5.000
26 2817.0 46.304 5.000
26 2818.0 46.494 5.000
26 2819.0 46.684 5.000
26 2820.0 46.874 5.000
26 2821.0 47.064 5.000
26 2822.0 47.253 5.000
26 2823.0 47.443 5.000
26 2824.0 47.633 5.000
26 2825.0 47.823 5.000
26 2826.0 48.013 5.000
26 2827.0 48.203 5.000
26 2828.0 48.393 5.000
26 2829.0 48.583 5.000
26 2830.0 48.773 5.000
26 2831.0 48.963 5.000
26 2832.0 49.153 5.000
26 2833.0 49.342 5.000
26 2834.0 49.532 5.000
26 2835.0 49.722 5.000
26 2836.0 49.912 5.000
26 2837.0 50.102 5.000
26 2838.0 50.292 5.000
26 2839.0 50.482 5.000
26 2840.0 50.672 5.000
26 2841.0 50.862 5.000
26 2842.0 51.052 5.000
26 2843.0 51.241 5.000
26 2844.0 51.431 5.000
26 2845.0 51.621 5.000
26 2846.0 51.811 5.000
26 2847.0 52.001 5.000
26 2848.0 52.191 5.000
26 2849.0 52.381 5.000
26 2850.0 52.571 5.000
26 2851.0 52.761 5.000
26 2852.0 52.951 5.000
26 2853.0 53.141 5.000
26 2854.0 53.330 5.000
26 2855.0 53.520 5.000
26 2856.0 53.710 5.000
26 2857.0 53.900 5.000
26 2858.0 54.090 5.000
26 2859.0 54.280 5.000
26 2860.0 54.470 5.000
26 2861.0 54.660 5.000
26 2862.0 54.850 5.000
26 2863.0 55.040 5.000
26 2864.0 55.230 5.000
26 2865.0 55.419 5.000
26 2866.0 55.609 5.000
26 2867.0 55.799 5.000
26 2868.0 55.989 5.000
26 2869.0 56.179 5.000
26 2870.0 56.369 5.000
26 2871.0 56.559 5.000
26 2872.0 56.749 5.000
26 2873.0 56.939 5.000
26 2874.0 57.129 5.000
26 2875.0 57.318 5.000
26 2876.0 57.508 5.000
26 2877.0 57.698 5.000
26 2878.0 57.888 5.000
26 2879.0 58.078 5.000
26 2880.0 58.268 5.000
26 2881.0 58.458 5.000
26 2882.0 58.648 5.000
26 2883.0 58.838 5.000
26 2884.0 59.028 5.000
26 2885.0 59.218 5.000
26 2886.0 59.407 5.000
26 2887.0 59.597 5.000
26 2888.0 59.787 5.000
26 2889.0 59.977 5.000
26 2890.0 60.167 5.000
26 2891.0 60.357 5.000
26 2892.0 60.547 5.000
26 2893.0 60.737 5.000
26 2894.0 60.927 5.000
26 2895.0 61.117 5.000
26 2896.0 61.306 5.000
26 2897.0 61.496 5.000
26 2898.0 61.686 5.000
26 2899.0 61.876 5.000
26 2900.0 62.066 5.000
26 2901.0 62.256 5.000
26 2902.0 62.446 5.000
26 2903.0 62.636 5.000
26 2904.0 62.826 5.000
26 2905.0 63.016 5.000
26 2906.0 63.206 5.000
26 2907.0 63.395 5.000
26 2908.0 63.585 5.000
26 2909.0 63.775 5.000
26 2910.0 63.965 5.000
26 2911.0 64.155 5.000
26 2912.0 64.345 5.000
26 2913.0 64.535 5.000
26 2914.0 64.725 5.000
26 2915.0 64.915 5.000
26 2916.0 65.105 5.000
26 2917.0 65.295 5.000
26 2918.0 65.484 5.000
26 2919.0 65.674 5.000
26 2920.0 65.864 5.000
26 2921.0 66.054 5.000
26 2922.0 66.244 5.000
26 2923.0 66.434 5.000
26 2924.0 66.624 5.000
26 2925.0 66.814 5.000
26 2926.0 67.004 5.000
26 2927.0 67.194 5.000
26 2928.0 67.383 5.000
26 2929.0 67.573 5.000
26 2930.0 67.763 5.000
26 2931.0 67.953 5.000
26 2932.0 68.143 5.000
26 2933.0 68.333 5.000
26 2934.0 68.523 5.000
26 2935.0 68.713 5.000
26 2936.0 68.903 5.000
26 2937.0 69.093 5.000
26 2938.0 69.283 5.000
26 2939.0 69.472 5.000
26 2940.0 69.662 5.000
26 2941.0 69.852 5.000
26 2942.0 70.042 5.000
26 2943.0 70.232 5.000
26 2944.0 70.422 5.000
26 2945.0 70.612 5.000
26 2946.0 70.802 5.000
26 2947.0 70.992 5.000
26 2948.0 71.182 5.000
26 2949.0 71.371 5.000
26 2950.0 71.561 5.000
26 2951.0 71.751 5.000
26 2952.0 71.941 5.000
26 2953.0 72.131 5.000
26 2954.0 72.321 5.000
26 2955.0 72.511 5.000
26 2956.0 72.701 5.000
26 2957.0 72.891 5.000
26 2958.0 73.081 5.000
26 2959.0 73.271 5.000
26 2960.0 73.460 5.000
26 2961.0 73.650 5.000
26 2962.0 73.840 5.000
26 2963.0 74.030 5.000
26 2964.0 74.220 5.000
26 2965.0 74.410 5.000
26 2966.0 74.600 5.000
26 2967.0 74.790 5.000
26 2968.0 74.980 5.000
26 2969.0 75.170 5.000
26 2970.0 75.360 5.000
26 2971.0 75.549 5.000
26 2972.0 75.739 5.000
26 2973.0 75.929 5.000
26 2974.0 76.119 5.000
26 2975.0 76.309 5.000
26 2976.0 76.499 5.000
26 2977.0 76.689 5.000
26 2978.0 76.879 5.000
26 2979.0 77.069 5.000
26 2980.0 77.259 5.000
26 2981.0 77.448 5.000
26 2982.0 77.638 5.000
26 2983.0 77.828 5.000
26 2984.0 78.018 5.000
26 2985.0 78.208 5.000
26 2986.0 78.398 5.000
26 2987.0 78.588 5.000
26 2988.0 78.778 5.000
26 2989.0 78.968 5.000
26 2990.0 79.158 5.000
26 2991.0 79.348 5.000
26 2992.0 79.537 5.000
26 2993.0 79.727 5.000
26 2994.0 79.917 5.000
26 2995.0 80.107 5.000
26 2996.0 80.297 5.000
26 2997.0 80.487 5.000
26 2998.0 80.677 5.000
26 2999.0 80.867 5.000
26 3000.0 81.057 5.000
26 3001.0 81.247 5.000
26 3002.0 81.436 5.000
26 3003.0 81.626 5.000
26 3004.0 81.816 5.000
26 3005.0 82.006 5.000
26 3006.0 82.196 5.000
26 3007.0 82.386 5.000
26 3008.0 82.576 5.000
26 3009.0 82.766 5.000
26 3010.0 82.956 5.000
26 3011.0 83.146 5.000
26 3012.0 83.336 5.000
26 3013.0 83.525 5.000
26 3014.0 83.715 5.000
26 3015.0 83.905 5.000
26 3016.0 84.095 5.000
26 3017.0 84.285 5.000
26 3018.0 84.475 5.000
26 3019.0 84.665 5.000
26 3020.0 84.855 5.000
26 3021.0 85.045 5.000
26 3022.0 85.235 5.000
26 3023.0 85.424 5.000
26 3024.0 85.614 5.000
26 3025.0 85.804 5.000
26 3026.0 85.994 5.000
26 3027.0 86.184 5.000
26 3028.0 86.374 5.000
26 3029.0 86.564 5.000
26 3030.0 86.754 5.000
26 3031.0 86.944 5.000
26 3032.0 87.134 5.000
26 3033.0 87.324 5.000
26 3034.0 87.513 5.000
26 3035.0 87.703 5.000
26 3036.0 87.893 5.000
26 3037.0 88.083 5.000
26 3038.0 88.273 5.000
26 3039.0 88.463 5.000
26 3040.0 88.653 5.000
26 3041.0 88.843 5.000
26 3042.0 89.033 5.000
26 3043.0 89.223 5.000
26 3044.0 89.413 5.000
26 3045.0 89.602 5.000
26 3046.0 89.792 5.000
26 3047.0 89.982 5.000
26 3048.0 90.172 5.000
26 3049.0 90.362 5.000
26 3050.0 90.552 5.000
26 3051.0 90.742 5.000
26 3052.0 90.932 5.000
26 3053.0 91.122 5.000
26 3054.0 91.312 5.000
26 3055.0 91.501 5.000
26 3056.0 91.691 5.000
26 3057.0 91.881 5.000
26 3058.0 92.071 5.000
26 3059.0 92.261 5.000
26 3060.0 92.451 5.000
26 3061.0 92.641 5.000
26 3062.0 92.831 5.000
26 3063.0 93.021 5.000
26 3064.0 93.211 5.000
26 3065.0 93.401 5.000
26 3066.0 93.590 5.000
26 3067.0 93.780 5.000
26 3068.0 93.970 5.000
26 3069.0 94.160 5.000
26 3070.0 94.350 5.000
26 3071.0 94.540 5.000
26 3072.0 94.730 5.000
26 3073.0 94.920 5.000
26 3074.0 95.110 5.000
26 3075.0 95.300 5.000
26 3076.0 95.489 5.000
26 3077.0 95.679 5.000
26 3078.0 95.869 5.000
26 3079.0 96.059 5.000
26 3080.0 96.249 5.000
26 3081.0 96.439 5.000
26 3082.0 96.629 5.000
26 3083.0 96.819 5.000
26 3084.0 97.009 5.000
26 3085.0 97.199 5.000
26 3086.0 97.389 5.000
26 3087.0 97.578 5.000
26 3088.0 97.768 5.000
26 3089.0 97.958 5.000
26 3090.0 98.148 5.000
26 3091.0 98.338 5.000
26 3092.0 98.528 5.000
26 3093.0 98.718 5.000
26 3094.0 98.908 5.000
26 3095.0 99.098 5.000
26 3096.0 99.288 5.000
26 3097.0 99.478 5.000
26 3098.0 99.667 5.000
26 3099.0 99.857 5.000
26 3100.0 100.047 5.000
26 3101.0 100.237 5.000
26 3102.0 100.427 5.000
26 3103.0 100.617 5.000
26 3104.0 100.807 5.000
26 3105.0 100.997 5.000
26 3106.0 101.187 5.000
26 3107.0 101.377 5.000
26 3108.0 101.566 5.000
26 3109.0 101.756 5.000
26 3110.0 101.946 5.000
26 3111.0 102.136 5.000
26 3112.0 102.326 5.000
26 3113.0 102.516 5.000
26 3114.0 102.706 5.000
26 3115.0 102.896 5.000
26 3116.0 103.086 5.000
26 3117.0 103.276 5.000
26 3118.0 103.466 5.000
26 3119.0 103.655 5.000
26 3120.0 103.845 5.000
26 3121.0 104.035 5.000
26 3122.0 104.225 5.000
26 3123.0 104.415 5.000
26 3124.0 104.605 5.000
26 3125.0 104.795 5.000
26 3126.0 104.985 5.000
26 3127.0 105.175 5.000
26 3128.0 105.365 5.000
26 3129.0 105.554 5.000
26 3130.0 105.744 5.000
26 3131.0 105.934 5.000
26 3132.0 106.124 5.000
26 3133.0 106.314 5.000
26 3134.0 106.504 5.000
26 3135.0 106.694 5.000
26 3136.0 106.884 5.000
26 3137.0 107.074 5.000
26 3138.0 107.264 5.000
26 3139.0 107.454 5.000
26 3140.0 107.643 5.000
26 3141.0 107.833 5.000
26 3142.0 108.023 5.000
26 3143.0 108.213 5.000
26 3144.0 108.403 5.000
26 3145.0 108.593 5.000
26 3146.0 108.783 5.000
26 3147.0 108.973 5.000
26 3148.0 109.163 5.000
26 3149.0 109.353 5.000
26 3150.0 109.543 5.000
26 3151.0 109.732 5.000
26 3152.0 109.922 5.000
26 3153.0 110.112 5.000
26 3154.0 110.302 5.000
26 3155.0 110.492 5.000
26 3156.0 110.682 5.000
26 3157.0 110.872 5.000
26 3158.0 111.062 5.000
26 3159.0 111.252 5.000
26 3160.0 111.442 5.000
26 3161.0 111.631 5.000
26 3162.0 111.821 5.000
26 3163.0 112.011 5.000
26 3164.0 112.201 5.000
26 3165.0 112.391 5.000
26 3166.0 112.581 5.000
26 3167.0 112.771 5.000
26 3168.0 112.961 5.000
26 3169.0 113.151 5.000
26 3170.0 113.341 5.000
26 3171.0 113.531 5.000
26 3172.0 113.720 5.000
26 3173.0 113.910 5.000
26 3174.0 114.100 5.000
26 3175.0 114.290 5.000
26 3176.0 114.480 5.000
26 3177.0 114.670 5.000
26 3178.0 114.860 5.000
26 3179.0 115.050 5.000
26 3180.0 115.240 5.000
26 3181.0 115.430 5.000
26 3182.0 115.619 5.000
26 3183.0 115.809 5.000
26 3184.0 115.999 5.000
26 3185.0 116.189 5.000
26 3186.0 116.379 5.000
26 3187.0 116.569 5.000
26 3188.0 116.759 5.000
26 3189.0 116.949 5.000
26 3190.0 117.139 5.000
26 3191.0 117.329 5.000
26 3192.0 117.519 5.000
26 3193.0 117.708 5.000
26 3194.0 117.898 5.000
26 3195.0 118.088 5.000
26 3196.0 118.278 5.000
26 3197.0 118.468 5.000
26 3198.0 118.658 5.000
26 3199.0 118.848 5.000
26 3200.0 119.038 5.000
26 3201.0 119.228 5.000
26 3202.0 119.418 5.000
26 3203.0 119.607 5.000
26 3204.0 119.797 5.000
26 3205.0 119.987 5.000
26 3206.0 120.177 5.000
26 3207.0 120.367 5.000
26 3208.0 120.557 5.000
26 3209.0 120.747 5.000
26 3210.0 120.937 5.000
26 3211.0 121.127 5.000
26 3212.0 121.317 5.000
26 3213.0 121.507 5.000
26 3214.0 121.696 5.000
26 3215.0 121.886 5.000
26 3216.0 122.076 5.000
26 3217.0 122.266 5.000
26 3218.0 122.456 5.000
26 3219.0 122.646 5.000
26 3220.0 122.836 5.000
26 3221.0 123.026 5.000
26 3222.0 123.216 5.000
26 3223.0 123.406 5.000
26 3224.0 123.596 5.000
26 3225.0 123.785 5.000
26 3226.0 123.975 5.000
26 3227.0 124.165 5.000
26 3228.0 124.355 5.000
26 3229.0 124.545 5.000
26 3230.0 124.735 5.000
26 3231.0 124.925 5.000
26 3232.0 125.115 5.000
26 3233.0 125.305 5.000
26 3234.0 125.495 5.000
26 3235.0 125.684 5.000
26 3236.0 125.874 5.000
26 3237.0 126.064 5.000
26 3238.0 126.254 5.000
26 3239.0 126.444 5.000
26 3240.0 126.634 5.000
26 3241.0 126.824 5.000
26 3242.0 127.014 5.000
26 3243.0 127.204 5.000
26 3244.0 127.394 5.000
26 3245.0 127.584 5.000
26 3246.0 127.773 5.000
26 3247.0 127.963 5.000
26 3248.0 128.153 5.000
26 3249.0 128.343 5.000
26 3250.0 128.533 5.000
26 3251.0 128.723 5.000
26 3252.0 128.913 5.000
26 3253.0 129.103 5.000
26 3254.0 129.293 5.000
26 3255.0 129.483 5.000
26 3256.0 129.672 5.000
26 3257.0 129.862 5.000
26 3258.0 130.052 5.000
26 3259.0 130.242 5.000
26 3260.0 130.432 5.000
26 3261.0 130.622 5.000
26 3262.0 130.812 5.000
26 3263.0 131.002 5.000
26 3264.0 131.192 5.000
26 3265.0 131.382 5.000
26 3266.0 131.572 5.000
26 3267.0 131.761 5.000
26 3268.0 131.951 5.000
26 3269.0 132.141 5.000
26 3270.0 132.331 5.000
26 3271.0 132.521 5.000
26 3272.0 132.711 5.000
26 3273.0 132.901 5.000
26 3274.0 133.091 5.000
26 3275.0 133.281 5.000
26 3276.0 133.471 5.000
26 3277.0 133.661 5.000
26 3278.0 133.850 5.000
26 3279.0 134.040 5.000
26 3280.0 134.230 5.000
26 3281.0 134.420 5.000
26 3282.0 134.610 5.000
26 3283.0 134.800 5.000
26 3284.0 134.990 5.000
26 3285.0 135.180 5.000
26 3286.0 135.370 5.000
26 3287.0 135.560 5.000
26 3288.0 135.749 5.000
26 3289.0 135.939 5.000
26 3290.0 136.129 5.000
26 3291.0 136.319 5.000
26 3292.0 136.509 5.000
26 3293.0 136.699 5.000
26 3294.0 136.889 5.000
26 3295.0 137.079 5.000
26 3296.0 137.269 5.000
26 3297.0 137.459 5.000
26 3298.0 137.649 5.000
26 3299.0 137.838 5.000
26 3300.0 138.028 5.000
26 3301.0 138.218 5.000
26 3302.0 138.408 5.000
26 3303.0 138.598 5.000
26 3304.0 138.788 5.000
26 3305.0 138.978 5.000
26 3306.0 139.168 5.000
26 3307.0 139.358 5.000
26 3308.0 139.548 5.000
26 3309.0 139.737 5.000
26 3310.0 139.927 5.000
26 3311.0 140.117 5.000
26 3312.0 140.307 5.000
26 3313.0 140.497 5.000
26 3314.0 140.687 5.000
26 3315.0 140.877 5.000
26 3316.0 141.067 5.000
26 3317.0 141.257 5.000
26 3318.0 141.447 5.000
26 3319.0 141.637 5.000
26 3320.0 141.826 5.000
26 3321.0 142.016 5.000
26 3322.0 142.206 5.000
26 3323.0 142.396 5.000
26 3324.0 142.586 5.000
26 3325.0 142.776 5.000
26 3326.0 142.966 5.000
26 3327.0 143.156 5.000
26 3328.0 143.346 5.000
26 3329.0 143.536 5.000
26 3330.0 143.726 5.000
26 3331.0 143.915 5.000
26 3332.0 144.105 5.000
26 3333.0 144.295 5.000
26 3334.0 144.485 5.000
26 3335.0 144.675 5.000
26 3336.0 144.865 5.000
26 3337.0 145.055 5.000
26 3338.0 145.245 5.000
26 3339.0 145.435 5.000
26 3340.0 145.625 5.000
26 3341.0 145.814 5.000
26 3342.0 146.004 5.000
26 3343.0 146.194 5.000
26 3344.0 146.384 5.000
26 3345.0 146.574 5.000
26 3346.0 146.764 5.000
26 3347.0 146.954 5.000
26 3348.0 147.144 5.000
26 3349.0 147.334 5.000
26 3350.0 147.524 5.000
26 3351.0 147.714 5.000
26 3352.0 147.903 5.000
26 3353.0 148.093 5.000
26 3354.0 148.283 5.000
26 3355.0 148.473 5.000
26 3356.0 148.663 5.000
26 3357.0 148.853 5.000
26 3358.0 149.043 5.000
26 3359.0 149.233 5.000
26 3360.0 149.423 5.000
26 3361.0 149.613 5.000
26 3362.0 149.802 5.000
26 3363.0 149.992 5.000
26 3364.0 150.182 5.000
26 3365.0 150.372 5.000
26 3366.0 150.562 5.000
26 3367.0 150.752 5.000
26 3368.0 150.942 5.000
26 3369.0 151.132 5.000
26 3370.0 151.322 5.000
26 3371.0 151.512 5.000
26 3372.0 151.702 5.000
26 3373.0 151.891 5.000
26 3374.0 152.081 5.000
26 3375.0 152.271 5.000
26 3376.0 152.461 5.000
26 3377.0 152.651 5.000
26 3378.0 152.841 5.000
26 3379.0 153.031 5.000
26 3380.0 153.221 5.000
26 3381.0 153.411 5.000
26 3382.0 153.601 5.000
26 3383.0 153.790 5.000
26 3384.0 153.980 5.000
26 3385.0 154.170 5.000
26 3386.0 154.360 5.000
26 3387.0 154.550 5.000
26 3388.0 154.740 5.000
26 3389.0 154.930 5.000
26 3390.0 155.120 5.000
26 3391.0 155.310 5.000
26 3392.0 155.500 5.000
26 3393.0 155.690 5.000
26 3394.0 155.879 5.000
26 3395.0 156.069 5.000
26 3396.0 156.259 5.000
26 3397.0 156.449 5.000
26 3398.0 156.639 5.000
26 3399.0 156.829 5.000
26 3400.0 157.019 5.000
26 3401.0 157.209 5.000
26 3402.0 157.399 5.000
26 3403.0 157.589 5.000
26 3404.0 157.779 5.000
26 3405.0 157.968 5.000
26 3406.0 158.158 5.000
26 3407.0 158.348 5.000
26 3408.0 158.538 5.000
26 3409.0 158.728 5.000
26 3410.0 158.918 5.000
26 3411.0 159.108 5.000
26 3412.0 159.298 5.000
26 3413.0 159.488 5.000
26 3414.0 159.678 5.000
26 3415.0 159.867 5.000
26 3416.0 160.057 5.000
26 3417.0 160.247 5.000
26 3418.0 160.437 5.000
26 3419.0 160.627 5.000
26 3420.0 160.817 5.000
26 3421.0 161.007 5.000
26 3422.0 161.197 5.000
26 3423.0 161.387 5.000
26 3424.0 161.577 5.000
26 3425.0 161.767 5.000
26 3426.0 161.956 5.000
26 3427.0 162.146 5.000
26 3428.0 162.336 5.000
26 3429.0 162.526 5.000
26 3430.0 162.716 5.000
26 3431.0 162.906 5.000
26 3432.0 163.096 5.000
26 3433.0 163.286 5.000
26 3434.0 163.476 5.000
26 3435.0 163.666 5.000
26 3436.0 163.855 5.000
26 3437.0 164.045 5.000
26 3438.0 164.235 5.000
26 3439.0 164.425 5.000
26 3440.0 164.615 5.000
26 3441.0 164.805 5.000
26 3442.0 164.995 5.000
26 3443.0 165.185 5.000
26 3444.0 165.375 5.000
26 3445.0 165.565 5.000
26 3446.0 165.755 5.000
26 3447.0 165.944 5.000
26 3448.0 166.134 5.000
26 3449.0 166.324 5.000
26 3450.0 166.514 5.000
26 3451.0 166.704 5.000
26 3452.0 166.894 5.000
26 3453.0 167.084 5.000
26 3454.0 167.274 5.000
26 3455.0 167.464 5.000
26 3456.0 167.654 5.000
26 3457.0 167.844 5.000
26 3458.0 168.033 5.000
26 3459.0 168.223 5.000
26 3460.0 168.413 5.000
26 3461.0 168.603 5.000
26 3462.0 168.793 5.000
26 3463.0 168.983 5.000
26 3464.0 169.173 5.000
26 3465.0 169.363 5.000
26 3466.0 169.553 5.000
26 3467.0 169.743 5.000
26 3468.0 169.932 5.000
26 3469.0 170.122 5.000
26 3470.0 170.312 5.000
26 3471.0 170.502 5.000
26 3472.0 170.692 5.000
26 3473.0 170.882 5.000
26 3474.0 171.072 5.000
26 3475.0 171.262 5.000
26 3476.0 171.452 5.000
26 3477.0 171.642 5.000
26 3478.0 171.832 5.000
26 3479.0 172.021 5.000
26 3480.0 172.211 5.000
26 3481.0 172.401 5.000
26 3482.0 172.591 5.000
26 3483.0 172.781 5.000
26 3484.0 172.971 5.000
26 3485.0 173.161 5.000
26 3486.0 173.351 5.000
26 3487.0 173.541 5.000
26 3488.0 173.731 5.000
26 3489.0 173.920 5.000
26 3490.0 174.110 5.000
26 3491.0 174.300 5.000
26 3492.0 174.490 5.000
26 3493.0 174.680 5.000
26 3494.0 174.870 5.000
26 3495.0 175.060 5.000
26 3496.0 175.250 5.000
26 3497.0 175.440 5.000
26 3498.0 175.630 5.000
26 3499.0 175.820 5.000
26 3500.0 176.009 5.000
26 3501.0 176.199 5.000
26 3502.0 176.389 5.000
26 3503.0 176.579 5.000
26 3504.0 176.769 5.000
26 3505.0 176.959 5.000
26 3506.0 177.149 5.000
26 3507.0 177.339 5.000
26 3508.0 177.529 5.000
26 3509.0 177.719 5.000
26 3510.0 177.909 5.000
26 3511.0 178.098 5.000
26 3512.0 178.288 5.000
26 3513.0 178.478 5.000
26 3514.0 178.668 5.000
26 3515.0 178.858 5.000
26 3516.0 179.048 5.000
26 3517.0 179.238 5.000
26 3518.0 179.428 5.000
26 3519.0 179.618 5.000
26 3520.0 179.808 5.000
26 3521.0 179.997 5.000
26 3522.0 180.187 5.000
26 3523.0 180.377 5.000
26 3524.0 180.567 5.000
26 3525.0 180.757 5.000
26 3526.0 180.947 5.000
26 3527.0 181.137 5.000
26 3528.0 181.327 5.000
26 3529.0 181.517 5.000
26 3530.0 181.707 5.000
26 3531.0 181.897 5.000
26 3532.0 182.086 5.000
26 3533.0 182.276 5.000
26 3534.0 182.466 5.000
26 3535.0 182.656 5.000
26 3536.0 182.846 5.000
26 3537.0 183.036 5.000
26 3538.0 183.226 5.000
26 3539.0 183.416 5.000
26 3540.0 183.606 5.000
26 3541.0 183.796 5.000
26 3542.0 183.985 5.000
26 3543.0 184.175 5.000
26 3544.0 184.365 5.000
26 3545.0 184.555 5.000
26 3546.0 184.745 5.000
26 3547.0 184.935 5.000
26 3548.0 185.125 5.000
26 3549.0 185.315 5.000
26 3550.0 185.505 5.000
26 3551.0 185.695 5.000
26 3552.0 185.885 5.000
26 3553.0 186.074 5.000
26 3554.0 186.264 5.000
26 3555.0 186.454 5.000
26 3556.0 186.644 5.000
26 3557.0 186.834 5.000
26 3558.0 187.024 5.000
26 3559.0 187.214 5.000
26 3560.0 187.404 5.000
26 3561.0 187.594 5.000
26 3562.0 187.784 5.000
26 3563.0 187.973 5.000
26 3564.0 188.163 5.000
26 3565.0 188.353 5.000
26 3566.0 188.543 5.000
26 3567.0 188.733 5.000
26 3568.0 188.923 5.000
26 3569.0 189.113 5.000
26 3570.0 189.303 5.000
26 3571.0 189.493 5.000
26 3572.0 189.683 5.000
26 3573.0 189.873 5.000
26 3574.0 190.062 5.000
26 3575.0 190.252 5.000
26 3576.0 190.442 5.000
26 3577.0 190.632 5.000
26 3578.0 190.822 5.000
26 3579.0 191.012 5.000
26 3580.0 191.202 5.000
26 3581.0 191.392 5.000
26 3582.0 191.582 5.000
26 3583.0 191.772 5.000
26 3584.0 191.962 5.000
26 3585.0 192.151 5.000
26 3586.0 192.341 5.000
26 3587.0 192.531 5.000
26 3588.0 192.721 5.000
26 3589.0 192.911 5.000
26 3590.0 193.101 5.000
26 3591.0 193.291 5.000
26 3592.0 193.481 5.000
26 3593.0 193.671 5.000
26 3594.0 193.861 5.000
26 3595.0 194.050 5.000
26 3596.0 194.240 5.000
26 3597.0 194.430 5.000
26 3598.0 194.620 5.000
26 3599.0 194.810 5.000
26 3600.0 195.000 5.000
